# Force and moment coefficients
# dragDir         : (1.0000000000e+00 0.0000000000e+00 0.0000000000e+00)
# sideDir         : (0.0000000000e+00 0.0000000000e+00 -1.0000000000e+00)
# liftDir         : (0.0000000000e+00 1.0000000000e+00 0.0000000000e+00)
# rollAxis        : (1.0000000000e+00 0.0000000000e+00 0.0000000000e+00)
# pitchAxis       : (0.0000000000e+00 0.0000000000e+00 -1.0000000000e+00)
# yawAxis         : (0.0000000000e+00 1.0000000000e+00 0.0000000000e+00)
# magUInf         : 5.0000000000e-01
# lRef            : 1.0000000000e-01
# Aref            : 3.0000000000e-02
# CofR            : (0.0000000000e+00 0.0000000000e+00 0.0000000000e+00)
#
# Time            	Cd                	Cd(f)             	Cd(r)             	Cl                	Cl(f)             	Cl(r)             	CmPitch           	CmRoll            	CmYaw             	Cs                	Cs(f)             	Cs(r)             
1                 	5.2348967786e-01	1.8279632632e-01	3.4069335154e-01	5.7161902362e-02	-1.2473806996e-01	1.8189997232e-01	-1.5331902114e-01	-7.8948512610e-02	7.7535134627e-01	1.0196600547e-03	7.7586117629e-01	-7.7484151624e-01
2                 	1.2663756860e-01	-2.1124524405e-01	3.3788281265e-01	1.9182310977e-01	6.8992237222e-02	1.2283087255e-01	-2.6919317665e-02	-2.7456402835e-01	1.8972217775e-01	-9.1358900751e-03	1.8515423271e-01	-1.9429012279e-01
3                 	-1.0429431909e-01	-3.0296957455e-01	1.9867525546e-01	1.7674473732e-01	1.3445664364e-01	4.2288093684e-02	4.6084274976e-02	-2.5082241500e-01	-1.5148499010e-01	-7.5347467469e-03	-1.5525236347e-01	1.4771761672e-01
4                 	-3.6240357200e-02	-9.1309617611e-02	5.5069260412e-02	5.4896471904e-02	2.4131177410e-02	3.0765294494e-02	-3.3170585422e-03	-7.3189439011e-02	-5.1210900661e-02	-2.5071918306e-04	-5.1336260253e-02	5.1085541070e-02
5                 	7.3285406150e-02	-8.0955300443e-02	1.5424070659e-01	8.5206496330e-02	3.0364386948e-03	8.2170057635e-02	-3.9566809470e-02	-1.1759800352e-01	1.1031988067e-01	-8.5515515597e-04	1.0989230309e-01	-1.1074745825e-01
6                 	8.2569812230e-02	-1.9684595355e-01	2.7941576578e-01	1.6891370853e-01	6.0628905766e-02	1.0828480277e-01	-2.3827948500e-02	-2.3813085967e-01	1.2357454353e-01	-5.0966346023e-03	1.2102622623e-01	-1.2612286083e-01
7                 	3.9076273656e-02	-2.0168234015e-01	2.4075861381e-01	1.5891634729e-01	7.4979895615e-02	8.3936451677e-02	-4.4782780313e-03	-2.2122047698e-01	5.9131969381e-02	-5.1084594612e-03	5.6577739650e-02	-6.1686199112e-02
8                 	2.1510222937e-02	-1.6646488694e-01	1.8797510988e-01	1.2952188420e-01	5.7138948408e-02	7.2382935792e-02	-7.6219936920e-03	-1.7721999841e-01	3.3438397417e-02	-3.1056313255e-03	3.1885581754e-02	-3.4991213079e-02
9                 	3.1950251629e-02	-1.8714263123e-01	2.1909288286e-01	1.4707763565e-01	5.8889522020e-02	8.8188113633e-02	-1.4649295807e-02	-2.0311775705e-01	4.9270957093e-02	-3.1523373290e-03	4.7694788429e-02	-5.0847125758e-02
10                	3.5803963543e-02	-2.1532690382e-01	2.5113086737e-01	1.6835696990e-01	7.4235476814e-02	9.4121493083e-02	-9.9430081345e-03	-2.3322888560e-01	5.5198512173e-02	-4.2327725269e-03	5.3082125910e-02	-5.7314898436e-02
11                	3.0956500571e-02	-1.9898860575e-01	2.2994510632e-01	1.5592684232e-01	7.3817312004e-02	8.2109530320e-02	-4.1461091580e-03	-2.1446685603e-01	4.7843583260e-02	-4.1890649240e-03	4.5749050798e-02	-4.9938115722e-02
12                	3.0560324489e-02	-1.9029668246e-01	2.2085700695e-01	1.5003038996e-01	6.8817853732e-02	8.1212536231e-02	-6.1973412494e-03	-2.0557684470e-01	4.7044310166e-02	-3.5355230722e-03	4.5276548630e-02	-4.8812071703e-02
13                	3.3689348319e-02	-2.0615423429e-01	2.3984358261e-01	1.6214300712e-01	7.0416793899e-02	9.1726213222e-02	-1.0654709661e-02	-2.2299890845e-01	5.1563496169e-02	-3.4707731534e-03	4.9828109592e-02	-5.3298882745e-02
14                	3.0902656371e-02	-2.2231776352e-01	2.5322041989e-01	1.7285487631e-01	7.7885488913e-02	9.4969387394e-02	-8.5419492407e-03	-2.3776909171e-01	4.7681436968e-02	-3.7826110528e-03	4.5790131441e-02	-4.9572742494e-02
15                	2.7931982134e-02	-2.1432122427e-01	2.4225320641e-01	1.6663078874e-01	7.8624313797e-02	8.8006474938e-02	-4.6910805702e-03	-2.2828721534e-01	4.3471827032e-02	-3.8576311931e-03	4.1543011435e-02	-4.5400642628e-02
16                	2.9494870143e-02	-2.0942268580e-01	2.3891755595e-01	1.6373911733e-01	7.7264043211e-02	8.6475074118e-02	-4.6055154535e-03	-2.2417012088e-01	4.5783138803e-02	-3.7449345438e-03	4.3910671531e-02	-4.7655606075e-02
17                	3.2235295411e-02	-2.1851022887e-01	2.5074552428e-01	1.7088452416e-01	7.7231233946e-02	9.3653290210e-02	-8.2110281317e-03	-2.3462787657e-01	4.9628468920e-02	-3.7389717304e-03	4.7758983055e-02	-5.1497954785e-02
18                	3.0101453732e-02	-2.3267613415e-01	2.6277758788e-01	1.8065142188e-01	8.1412784375e-02	9.9238637509e-02	-8.9129265669e-03	-2.4772686102e-01	4.6415318339e-02	-3.7816089474e-03	4.4524513865e-02	-4.8306122813e-02
19                	2.7265159349e-02	-2.3416778188e-01	2.6143294123e-01	1.8141050201e-01	8.3493692464e-02	9.7916809550e-02	-7.2115585431e-03	-2.4780036156e-01	4.2323793141e-02	-3.7217701478e-03	4.0462908067e-02	-4.4184678215e-02
20                	2.7803773055e-02	-2.3054420720e-01	2.5834798025e-01	1.7929887990e-01	8.4449479207e-02	9.4849400691e-02	-5.1999607417e-03	-2.4444609372e-01	4.3308606243e-02	-3.6544491847e-03	4.1481381651e-02	-4.5135830836e-02
21                	3.1282205483e-02	-2.2879389210e-01	2.6007609759e-01	1.7892139646e-01	8.3367168611e-02	9.5554227853e-02	-6.0935296213e-03	-2.4443499484e-01	4.8403776188e-02	-3.6946110574e-03	4.6556470659e-02	-5.0251081717e-02
22                	3.1630296667e-02	-2.3730538283e-01	2.6893567950e-01	1.8509647966e-01	8.5014229797e-02	1.0008224986e-01	-7.5340100311e-03	-2.5312053117e-01	4.8765597578e-02	-3.7850796375e-03	4.6873057759e-02	-5.0658137397e-02
23                	2.9275470529e-02	-2.4560901649e-01	2.7488448702e-01	1.9089431636e-01	8.7063492382e-02	1.0383082398e-01	-8.3836657978e-03	-2.6024675175e-01	4.5185670208e-02	-3.8056951675e-03	4.3282822624e-02	-4.7088517792e-02
24                	2.7102262741e-02	-2.5021118825e-01	2.7731345099e-01	1.9409963575e-01	8.9617379378e-02	1.0448225637e-01	-7.4324384948e-03	-2.6376231962e-01	4.2076897228e-02	-3.7474406503e-03	4.0203176903e-02	-4.3950617553e-02
25                	2.8435571863e-02	-2.5021559569e-01	2.7865116755e-01	1.9480181190e-01	9.0420173030e-02	1.0438163887e-01	-6.9807329221e-03	-2.6443338162e-01	4.4151996724e-02	-3.7005879847e-03	4.2301702732e-02	-4.6002290717e-02
26                	3.0280534656e-02	-2.5125272814e-01	2.8153326280e-01	1.9612013992e-01	9.1715770237e-02	1.0440436968e-01	-6.3442997227e-03	-2.6639299547e-01	4.6890935880e-02	-3.7178220008e-03	4.5032024880e-02	-4.8749846881e-02
27                	3.1094865753e-02	-2.5227354818e-01	2.8336841393e-01	1.9732897670e-01	9.1954349344e-02	1.0537462736e-01	-6.7101390084e-03	-2.6782098106e-01	4.7984657018e-02	-3.7589038851e-03	4.6105205075e-02	-4.9864108961e-02
28                	2.9694998929e-02	-2.5533500654e-01	2.8503000547e-01	1.9943517387e-01	9.3303176518e-02	1.0613199736e-01	-6.4144104190e-03	-2.7018250601e-01	4.5846543477e-02	-3.7846355772e-03	4.3954225688e-02	-4.7738861266e-02
29                	2.8922919671e-02	-2.5775397632e-01	2.8667689599e-01	2.0143911621e-01	9.4096384030e-02	1.0734273218e-01	-6.6231740743e-03	-2.7221543616e-01	4.4695600372e-02	-3.7814500699e-03	4.2804875337e-02	-4.6586325407e-02
30                	2.8812206664e-02	-2.6116812095e-01	2.8998032762e-01	2.0407035182e-01	9.5775572666e-02	1.0829477916e-01	-6.2596032457e-03	-2.7557422429e-01	4.4597831743e-02	-3.7643486903e-03	4.2715657398e-02	-4.6480006088e-02
31                	2.9826167172e-02	-2.6111162442e-01	2.9093779160e-01	2.0465008478e-01	9.6045019065e-02	1.0860506571e-01	-6.2800233231e-03	-2.7602470801e-01	4.6141670061e-02	-3.7542553050e-03	4.4264542409e-02	-4.8018797713e-02
32                	3.0028575999e-02	-2.6270052348e-01	2.9272909948e-01	2.0601261692e-01	9.7226760066e-02	1.0878585685e-01	-5.7795483920e-03	-2.7771481148e-01	4.6410930213e-02	-3.7537541592e-03	4.4534053133e-02	-4.8287807293e-02
33                	3.0101483963e-02	-2.6268360461e-01	2.9278508857e-01	2.0634177325e-01	9.7445653057e-02	1.0889612019e-01	-5.7252335656e-03	-2.7773434659e-01	4.6476525454e-02	-3.7655750411e-03	4.4593737933e-02	-4.8359312974e-02
34                	2.9510715592e-02	-2.6426036642e-01	2.9377108201e-01	2.0737221637e-01	9.8469279668e-02	1.0890293670e-01	-5.2168285172e-03	-2.7901572422e-01	4.5605998081e-02	-3.7836404823e-03	4.3714177840e-02	-4.7497818322e-02
35                	2.9632481026e-02	-2.6304281125e-01	2.9267529227e-01	2.0690560602e-01	9.8316352162e-02	1.0858925386e-01	-5.1364508501e-03	-2.7785905176e-01	4.5795852841e-02	-3.7939924041e-03	4.3898856639e-02	-4.7692849043e-02
36                	2.9544723128e-02	-2.6377450296e-01	2.9331922609e-01	2.0752003293e-01	9.9122686907e-02	1.0839734602e-01	-4.6373295588e-03	-2.7854686452e-01	4.5656798898e-02	-3.7859369952e-03	4.3763830400e-02	-4.7549767395e-02
37                	2.9874462105e-02	-2.6247481747e-01	2.9234927958e-01	2.0702099957e-01	9.8909150176e-02	1.0811184939e-01	-4.6013496082e-03	-2.7741204853e-01	4.6137334293e-02	-3.7752465833e-03	4.4249711001e-02	-4.8024957585e-02
38                	2.9646439571e-02	-2.6337637312e-01	2.9302281269e-01	2.0763016344e-01	9.9595290092e-02	1.0803487335e-01	-4.2197916301e-03	-2.7819959290e-01	4.5807293770e-02	-3.7745318933e-03	4.3920027823e-02	-4.7694559716e-02
39                	2.9837698197e-02	-2.6160679214e-01	2.9144449034e-01	2.0676665126e-01	9.9200603295e-02	1.0756604796e-01	-4.1827223326e-03	-2.7652564124e-01	4.6075401033e-02	-3.7877300952e-03	4.4181535985e-02	-4.7969266080e-02
40                	2.9591663282e-02	-2.6205723981e-01	2.9164890309e-01	2.0700036661e-01	9.9760920499e-02	1.0723944611e-01	-3.7392628054e-03	-2.7685307145e-01	4.5705556449e-02	-3.7964771748e-03	4.3807317862e-02	-4.7603795036e-02
41                	2.9768927392e-02	-2.6005882691e-01	2.8982775430e-01	2.0587360627e-01	9.9226314282e-02	1.0664729198e-01	-3.7104888511e-03	-2.7494329061e-01	4.5969064975e-02	-3.7973161093e-03	4.4070406920e-02	-4.7867723029e-02
42                	2.9515364072e-02	-2.6041079358e-01	2.8992615765e-01	2.0595083132e-01	9.9664229518e-02	1.0628660180e-01	-3.3111861412e-03	-2.7516847562e-01	4.5614374250e-02	-3.7906707970e-03	4.3719038852e-02	-4.7509709649e-02
43                	2.9714627633e-02	-2.5812161377e-01	2.8783624140e-01	2.0463720947e-01	9.9033314163e-02	1.0560389531e-01	-3.2852905731e-03	-2.7297892758e-01	4.5892841874e-02	-3.7897144121e-03	4.3997984668e-02	-4.7787699080e-02
44                	2.9456513858e-02	-2.5807847595e-01	2.8753498981e-01	2.0442623805e-01	9.9362966731e-02	1.0506327132e-01	-2.8501522957e-03	-2.7280673288e-01	4.5500953624e-02	-3.7902427173e-03	4.3605832265e-02	-4.7396074983e-02
45                	2.9629363006e-02	-2.5537185165e-01	2.8500121465e-01	2.0275378610e-01	9.8574810706e-02	1.0417897539e-01	-2.8020823414e-03	-2.7018653315e-01	4.5775406604e-02	-3.7959821585e-03	4.3877415524e-02	-4.7673397683e-02
46                	2.9326104636e-02	-2.5511927265e-01	2.8444537729e-01	2.0230875179e-01	9.8804050835e-02	1.0350470095e-01	-2.3503250581e-03	-2.6978232497e-01	4.5340294605e-02	-3.7967881986e-03	4.3441900506e-02	-4.7238688705e-02
47                	2.9502502378e-02	-2.5209656040e-01	2.8159906278e-01	2.0034613493e-01	9.7867362455e-02	1.0247877247e-01	-2.3057050086e-03	-2.6684781159e-01	4.5616933149e-02	-3.7969247060e-03	4.3718470796e-02	-4.7515395502e-02
48                	2.9199218649e-02	-2.5154818639e-01	2.8074740504e-01	1.9962148019e-01	9.7975420512e-02	1.0164605968e-01	-1.8353195835e-03	-2.6614779572e-01	4.5160525942e-02	-3.7923505511e-03	4.3264350666e-02	-4.7056701217e-02
49                	2.9367874633e-02	-2.4818514222e-01	2.7755301686e-01	1.9734727931e-01	9.6887595001e-02	1.0045968431e-01	-1.7860446559e-03	-2.6286907954e-01	4.5439007380e-02	-3.7913828390e-03	4.3543315960e-02	-4.7334698799e-02
50                	2.9025099807e-02	-2.4737568524e-01	2.7640078504e-01	1.9637477094e-01	9.6849610118e-02	9.9525160825e-02	-1.3377753537e-03	-2.6188823514e-01	4.4947972304e-02	-3.7941647678e-03	4.3050889920e-02	-4.6845054688e-02
51                	2.9190944234e-02	-2.4377575580e-01	2.7296670003e-01	1.9391285607e-01	9.5630326936e-02	9.8282529133e-02	-1.3261010985e-03	-2.5837122792e-01	4.5213746245e-02	-3.7954897261e-03	4.3316001382e-02	-4.7111491108e-02
52                	2.8895158817e-02	-2.4280563194e-01	2.7170079075e-01	1.9281171930e-01	9.5506132246e-02	9.7305587054e-02	-8.9972740417e-04	-2.5725321135e-01	4.4773456758e-02	-3.7904729689e-03	4.2878220274e-02	-4.6668693242e-02
53                	2.9067043488e-02	-2.3912347185e-01	2.6819051534e-01	1.9022560067e-01	9.4205564993e-02	9.6020035674e-02	-9.0723534074e-04	-2.5365699359e-01	4.5064841757e-02	-3.7867711358e-03	4.3171456189e-02	-4.6958227325e-02
54                	2.8733735606e-02	-2.3816283511e-01	2.6689657072e-01	1.8908287174e-01	9.3998194005e-02	9.5084677736e-02	-5.4324186543e-04	-2.5252970292e-01	4.4574969708e-02	-3.7881811400e-03	4.2680879138e-02	-4.6469060278e-02
55                	2.8891628621e-02	-2.3451370857e-01	2.6340533719e-01	1.8651795791e-01	9.2628496883e-02	9.3889461030e-02	-6.3048207370e-04	-2.4895952288e-01	4.4824737479e-02	-3.7895952204e-03	4.2929939869e-02	-4.6719535089e-02
56                	2.8616946196e-02	-2.3363048183e-01	2.6224742802e-01	1.8544956600e-01	9.2417211289e-02	9.3032354711e-02	-3.0757171084e-04	-2.4793895493e-01	4.4414357698e-02	-3.7866255486e-03	4.2521044924e-02	-4.6307670473e-02
57                	2.8836008483e-02	-2.2998976655e-01	2.5882577503e-01	1.8291120838e-01	9.1008563164e-02	9.1902645218e-02	-4.4704102693e-04	-2.4440777079e-01	4.4779023997e-02	-3.7816138429e-03	4.2888217075e-02	-4.6669830918e-02
58                	2.8505300694e-02	-2.2926839743e-01	2.5777369813e-01	1.8193483960e-01	9.0802519836e-02	9.1132319766e-02	-1.6489996507e-04	-2.4352104778e-01	4.4292508397e-02	-3.7831062623e-03	4.2400955266e-02	-4.6184061528e-02
59                	2.8686515383e-02	-2.2594969533e-01	2.5463621072e-01	1.7959527388e-01	8.9489052920e-02	9.0106220958e-02	-3.0858401892e-04	-2.4029295302e-01	4.4563163209e-02	-3.7813803587e-03	4.2672473030e-02	-4.6453853389e-02
60                	2.8425623024e-02	-2.2527147900e-01	2.5369710202e-01	1.7866905854e-01	8.9249021790e-02	8.9420036753e-02	-8.5507481416e-05	-2.3948429051e-01	4.4171184487e-02	-3.7783496001e-03	4.2282009687e-02	-4.6060359287e-02
61                	2.8641051682e-02	-2.2201946583e-01	2.5066051751e-01	1.7641499703e-01	8.7936584085e-02	8.8478412942e-02	-2.7091442863e-04	-2.3633999167e-01	4.4522391557e-02	-3.7736308727e-03	4.2635576121e-02	-4.6409206993e-02
62                	2.8367520229e-02	-2.2156647677e-01	2.4993399700e-01	1.7567036494e-01	8.7774288001e-02	8.7896076935e-02	-6.0894466552e-05	-2.3575023688e-01	4.4132498992e-02	-3.7750335124e-03	4.2244982235e-02	-4.6020015748e-02
63                	2.8556465688e-02	-2.1860124196e-01	2.4715770764e-01	1.7361366089e-01	8.6556795466e-02	8.7056865423e-02	-2.5003497849e-04	-2.3287947480e-01	4.4402287694e-02	-3.7757488707e-03	4.2514413259e-02	-4.6290162129e-02
64                	2.8299841531e-02	-2.1830537763e-01	2.4660521916e-01	1.7299730167e-01	8.6448599408e-02	8.6548702260e-02	-5.0051426032e-05	-2.3245529839e-01	4.4012981060e-02	-3.7717660693e-03	4.2127098026e-02	-4.5898864095e-02
65                	2.8508117477e-02	-2.1527060752e-01	2.4377872500e-01	1.7093737694e-01	8.5192089122e-02	8.5745287818e-02	-2.7659934828e-04	-2.2952466626e-01	4.4348214891e-02	-3.7698760780e-03	4.2463276852e-02	-4.6233152930e-02
66                	2.8236156335e-02	-2.1518800434e-01	2.4342416068e-01	1.7046552435e-01	8.5152776096e-02	8.5312748250e-02	-7.9986076566e-05	-2.2930608251e-01	4.3941410357e-02	-3.7675365204e-03	4.2057642096e-02	-4.5825178617e-02
67                	2.8438434052e-02	-2.1246027310e-01	2.4089870715e-01	1.6861083251e-01	8.4014756480e-02	8.4596076033e-02	-2.9065977659e-04	-2.2667949013e-01	4.4242486863e-02	-3.7705755609e-03	4.2357199082e-02	-4.6127774643e-02
68                	2.8202686698e-02	-2.1242322421e-01	2.4062591090e-01	1.6822456187e-01	8.4000108571e-02	8.4224453296e-02	-1.1217236270e-04	-2.2652456755e-01	4.3879695071e-02	-3.7658478854e-03	4.1996771129e-02	-4.5762619014e-02
69                	2.8438485416e-02	-2.0971264373e-01	2.3815112915e-01	1.6642759008e-01	8.2837563038e-02	8.3590027039e-02	-3.7623200017e-04	-2.2393188644e-01	4.4268549986e-02	-3.7638857828e-03	4.2386607094e-02	-4.6150492877e-02
70                	2.8158197612e-02	-2.0997664235e-01	2.3813483996e-01	1.6625285560e-01	8.2922955597e-02	8.3329899999e-02	-2.0347220131e-04	-2.2405574115e-01	4.3837185194e-02	-3.7607522746e-03	4.1956809057e-02	-4.5717561332e-02
71                	2.8372886419e-02	-2.0757645584e-01	2.3594934226e-01	1.6464737727e-01	8.1883772001e-02	8.2763605274e-02	-4.3991663661e-04	-2.2176289905e-01	4.4147620922e-02	-3.7653664796e-03	4.2264937682e-02	-4.6030304161e-02
72                	2.8146836129e-02	-2.0783779339e-01	2.3598462952e-01	1.6450750037e-01	8.1977532491e-02	8.2529967876e-02	-2.7621769229e-04	-2.2191121145e-01	4.3808791640e-02	-3.7614693929e-03	4.1928056943e-02	-4.5689526336e-02
73                	2.8380100519e-02	-2.0541979359e-01	2.3379989411e-01	1.6293814997e-01	8.0927632919e-02	8.2010517052e-02	-5.4144206660e-04	-2.1960984385e-01	4.4185680375e-02	-3.7586354173e-03	4.2306362667e-02	-4.6064998084e-02
74                	2.8113326762e-02	-2.0598635628e-01	2.3409968304e-01	1.6300281697e-01	8.1125095807e-02	8.1877721160e-02	-3.7631267641e-04	-2.2004301966e-01	4.3777698232e-02	-3.7569911515e-03	4.1899202656e-02	-4.5656193808e-02
75                	2.8357340186e-02	-2.0373574365e-01	2.3209308384e-01	1.6154754325e-01	8.0129788538e-02	8.1417754708e-02	-6.4398308510e-04	-2.1791441375e-01	4.4135694732e-02	-3.7598759313e-03	4.2255756767e-02	-4.6015632698e-02
76                	2.8123935584e-02	-2.0422232158e-01	2.3234625716e-01	1.6164106377e-01	8.0347591615e-02	8.1293472153e-02	-4.7294026898e-04	-2.1828428937e-01	4.3768847756e-02	-3.7561040088e-03	4.1890795752e-02	-4.5646899760e-02
77                	2.8348712178e-02	-2.0209672967e-01	2.3044544184e-01	1.6028396206e-01	7.9415631982e-02	8.0868330082e-02	-7.2634904981e-04	-2.1627108576e-01	4.4112542515e-02	-3.7551967107e-03	4.2234944159e-02	-4.5990140870e-02
78                	2.8107604739e-02	-2.0276814788e-01	2.3087575262e-01	1.6048079649e-01	7.9664357803e-02	8.0816438686e-02	-5.7604044157e-04	-2.1682195025e-01	4.3766011440e-02	-3.7531297073e-03	4.1889446586e-02	-4.5642576293e-02
79                	2.8331281881e-02	-2.0073683709e-01	2.2906811897e-01	1.5921815628e-01	7.8772575530e-02	8.0445580753e-02	-8.3650261156e-04	-2.1490247803e-01	4.4087175816e-02	-3.7549148980e-03	4.2209718367e-02	-4.5964633265e-02
80                	2.8103205039e-02	-2.0148468791e-01	2.2958789295e-01	1.5948140753e-01	7.9071794614e-02	8.0409612914e-02	-6.6890914953e-04	-2.1553629043e-01	4.3722546758e-02	-3.7507713615e-03	4.1847161077e-02	-4.5597932439e-02
81                	2.8343181720e-02	-1.9946280903e-01	2.2780599075e-01	1.5821775048e-01	7.8184554230e-02	8.0033196250e-02	-9.2432100989e-04	-2.1363439989e-01	4.4100738962e-02	-3.7501767145e-03	4.2225650604e-02	-4.5975827319e-02
82                	2.8088074747e-02	-2.0033311918e-01	2.2842119393e-01	1.5855500860e-01	7.8546081993e-02	8.0008926605e-02	-7.3142230569e-04	-2.1437715656e-01	4.3723655471e-02	-3.7503279250e-03	4.1848491509e-02	-4.5598819434e-02
83                	2.8337444794e-02	-1.9833412381e-01	2.2667156860e-01	1.5734841243e-01	7.7680509870e-02	7.9667902559e-02	-9.9369634434e-04	-2.1250284621e-01	4.4087665417e-02	-3.7532703916e-03	4.2211030221e-02	-4.5964300612e-02
84                	2.8094990646e-02	-1.9919600521e-01	2.2729099586e-01	1.5769603117e-01	7.8031929402e-02	7.9664101768e-02	-8.1608618300e-04	-2.1324350054e-01	4.3707012068e-02	-3.7495475806e-03	4.1832238278e-02	-4.5581785858e-02
85                	2.8321806181e-02	-1.9732770184e-01	2.2564950802e-01	1.5655601135e-01	7.7218492077e-02	7.9337519271e-02	-1.0595135974e-03	-2.1148860493e-01	4.4054729821e-02	-3.7495905328e-03	4.2179934555e-02	-4.5929525087e-02
86                	2.8090796630e-02	-1.9825013577e-01	2.2634093240e-01	1.5694733128e-01	7.7595509457e-02	7.9351821818e-02	-8.7815618038e-04	-2.1229553408e-01	4.3709105102e-02	-3.7479063534e-03	4.1835151926e-02	-4.5583058279e-02
87                	2.8337167416e-02	-1.9635062145e-01	2.2468778887e-01	1.5581840106e-01	7.6784517822e-02	7.9033883243e-02	-1.1246827103e-03	-2.1051920516e-01	4.4077420407e-02	-3.7517490238e-03	4.2201545895e-02	-4.5953294919e-02
88                	2.8086890614e-02	-1.9731212850e-01	2.2539901912e-01	1.5625092768e-01	7.7203215851e-02	7.9047711830e-02	-9.2224798912e-04	-2.1135557381e-01	4.3682003291e-02	-3.7482215727e-03	4.1807892505e-02	-4.5556114077e-02
89                	2.8310156509e-02	-1.9545585631e-01	2.2376601282e-01	1.5512779916e-01	7.6403917042e-02	7.8723882117e-02	-1.1599825374e-03	-2.0961093456e-01	4.4026998772e-02	-3.7493858056e-03	4.2152305869e-02	-4.5901691675e-02
90                	2.8076442278e-02	-1.9643335148e-01	2.2450979376e-01	1.5557459893e-01	7.6805706433e-02	7.8768892494e-02	-9.8159303043e-04	-2.1047157262e-01	4.3681733981e-02	-3.7460076960e-03	4.1808730133e-02	-4.5554737829e-02
91                	2.8314578700e-02	-1.9467589614e-01	2.2299047484e-01	1.5453926581e-01	7.6058361822e-02	7.8480903991e-02	-1.2112710845e-03	-2.0883318549e-01	4.4039388998e-02	-3.7497607922e-03	4.2164508602e-02	-4.5914269394e-02
92                	2.8081199200e-02	-1.9564046416e-01	2.2372166336e-01	1.5497857341e-01	7.6465803771e-02	7.8512769635e-02	-1.0234829322e-03	-2.0968106376e-01	4.3656567247e-02	-3.7461517593e-03	4.1783491368e-02	-4.5529643127e-02
93                	2.8325904597e-02	-1.9389769064e-01	2.2222359524e-01	1.5393178943e-01	7.5710688425e-02	7.8221101007e-02	-1.2552062907e-03	-2.0806064294e-01	4.4053697365e-02	-3.7468899500e-03	4.2180252390e-02	-4.5927142340e-02
94                	2.8065290244e-02	-1.9489951611e-01	2.2296480635e-01	1.5443467667e-01	7.6162805292e-02	7.8271871378e-02	-1.0545330428e-03	-2.0893216123e-01	4.3649856507e-02	-3.7446693089e-03	4.1777521852e-02	-4.5522191161e-02
95                	2.8299656207e-02	-1.9308866286e-01	2.2138831906e-01	1.5337115994e-01	7.5407056586e-02	7.7964103358e-02	-1.2785233860e-03	-2.0723849096e-01	4.3994428659e-02	-3.7473431314e-03	4.2120757093e-02	-4.5868100225e-02
96                	2.8074472994e-02	-1.9410685649e-01	2.2218132949e-01	1.5385821099e-01	7.5856039183e-02	7.8002171804e-02	-1.0730663105e-03	-2.0814409299e-01	4.3651051516e-02	-3.7453685762e-03	4.1778367228e-02	-4.5523735804e-02
97                	2.8294850759e-02	-1.9237610442e-01	2.2067095518e-01	1.5285006718e-01	7.5138088783e-02	7.7711978396e-02	-1.2869448064e-03	-2.0652352980e-01	4.3991210609e-02	-3.7448337426e-03	4.2118793738e-02	-4.5863627481e-02
98                	2.8054291893e-02	-1.9341270583e-01	2.2146699772e-01	1.5336255439e-01	7.5591069714e-02	7.7771484680e-02	-1.0902074830e-03	-2.0743985177e-01	4.3619879375e-02	-3.7452537922e-03	4.1747252479e-02	-4.5492506271e-02
99                	2.8304877342e-02	-1.9168531671e-01	2.1999019405e-01	1.5235835235e-01	7.4853225889e-02	7.7505126461e-02	-1.3259502862e-03	-2.0583775538e-01	4.4000857010e-02	-3.7456054150e-03	4.2128054303e-02	-4.5873659718e-02
100               	2.8057757909e-02	-1.9275817324e-01	2.2081593115e-01	1.5291688388e-01	7.5340564343e-02	7.7576319538e-02	-1.1178775976e-03	-2.0678705220e-01	4.3616211551e-02	-3.7436114196e-03	4.1744405842e-02	-4.5488017261e-02
101               	2.8292827819e-02	-1.9105994884e-01	2.1935277665e-01	1.5191594857e-01	7.4608382325e-02	7.7307566248e-02	-1.3495919614e-03	-2.0520636275e-01	4.3974876260e-02	-3.7433122250e-03	4.2103220148e-02	-4.5846532373e-02
102               	2.8040035361e-02	-1.9226892216e-01	2.2030895752e-01	1.5252346820e-01	7.5123620992e-02	7.7399847212e-02	-1.1381131102e-03	-2.0628893984e-01	4.3593215417e-02	-3.7432782537e-03	4.1721576290e-02	-4.5464854544e-02
103               	2.8289918593e-02	-1.9057201658e-01	2.1886193517e-01	1.5157952497e-01	7.4425993038e-02	7.7153531934e-02	-1.3637694477e-03	-2.0471697587e-01	4.3970060886e-02	-3.7447360549e-03	4.2097692859e-02	-4.5842428914e-02
104               	2.8056228474e-02	-1.9169242934e-01	2.1974865781e-01	1.5215331375e-01	7.4916601461e-02	7.7236712291e-02	-1.1600554150e-03	-2.0572054357e-01	4.3605408068e-02	-3.7435053887e-03	4.1733655373e-02	-4.5477160762e-02
105               	2.8298840485e-02	-1.9011239723e-01	2.1841123771e-01	1.5122617505e-01	7.4223235404e-02	7.7002939651e-02	-1.3898521236e-03	-2.0426181747e-01	4.3987868625e-02	-3.7431000656e-03	4.2116318593e-02	-4.5859418658e-02
106               	2.8048477266e-02	-1.9135400621e-01	2.1940248347e-01	1.5188750006e-01	7.4751179123e-02	7.7136320942e-02	-1.1925709096e-03	-2.0537824484e-01	4.3606636008e-02	-3.7435790042e-03	4.1734846506e-02	-4.5478425510e-02
107               	2.8277819859e-02	-1.8977145092e-01	2.1804927078e-01	1.5098104280e-01	7.4068857464e-02	7.6912185334e-02	-1.4216639350e-03	-2.0391036085e-01	4.3940179915e-02	-3.7433773771e-03	4.2068491227e-02	-4.5811868604e-02
108               	2.8059844268e-02	-1.9102941159e-01	2.1908925586e-01	1.5163458786e-01	7.4596859511e-02	7.7037728352e-02	-1.2204344207e-03	-2.0505933373e-01	4.3611452680e-02	-3.7430321354e-03	4.1739936612e-02	-4.5482968748e-02
109               	2.8285185824e-02	-1.8952749458e-01	2.1781268040e-01	1.5076453596e-01	7.3948622316e-02	7.6815913640e-02	-1.4336456624e-03	-2.0367008749e-01	4.3955876328e-02	-3.7420723860e-03	4.2084840135e-02	-4.5826912521e-02
110               	2.8049397985e-02	-1.9077513911e-01	2.1882453710e-01	1.5142832688e-01	7.4472304795e-02	7.6956022088e-02	-1.2418586466e-03	-2.0479983810e-01	4.3604154322e-02	-3.7432955136e-03	4.1732506565e-02	-4.5475802079e-02
111               	2.8284086793e-02	-1.8929910982e-01	2.1758319661e-01	1.5058640230e-01	7.3824953583e-02	7.6761448715e-02	-1.4682475659e-03	-2.0344115322e-01	4.3952120269e-02	-3.7438171113e-03	4.2080211713e-02	-4.5824028825e-02
112               	2.8061156343e-02	-1.9055343966e-01	2.1861459601e-01	1.5126247077e-01	7.4370544623e-02	7.6891926142e-02	-1.2606907596e-03	-2.0458401784e-01	4.3615910588e-02	-3.7428069918e-03	4.1744507092e-02	-4.5487314084e-02
113               	2.8286713228e-02	-1.8910992077e-01	2.1739663400e-01	1.5041649831e-01	7.3734662444e-02	7.6681835870e-02	-1.4735867130e-03	-2.0325327738e-01	4.3945987653e-02	-3.7406629528e-03	4.2075656177e-02	-4.5816319130e-02
114               	2.8040446887e-02	-1.9040405917e-01	2.1844450606e-01	1.5111147818e-01	7.4286261481e-02	7.6825216701e-02	-1.2694776101e-03	-2.0442428261e-01	4.3583346728e-02	-3.7422111662e-03	4.1712241145e-02	-4.5454452311e-02
115               	2.8277371983e-02	-1.8890894332e-01	2.1718631531e-01	1.5028757967e-01	7.3652610743e-02	7.6634968927e-02	-1.4911790922e-03	-2.0304762932e-01	4.3930973987e-02	-3.7426104711e-03	4.2059668751e-02	-4.5802279222e-02
116               	2.8050463394e-02	-1.9015877241e-01	2.1820923580e-01	1.5096295975e-01	7.4197674013e-02	7.6765285741e-02	-1.2838058644e-03	-2.0418400410e-01	4.3584343189e-02	-3.7422092699e-03	4.1713238554e-02	-4.5455447824e-02
117               	2.8293082732e-02	-1.8878997946e-01	2.1708306219e-01	1.5015358770e-01	7.3573150642e-02	7.6580437054e-02	-1.5036432059e-03	-2.0293652083e-01	4.3959181920e-02	-3.7403332619e-03	4.2089015289e-02	-4.5829348551e-02
118               	2.8041623164e-02	-1.9016710715e-01	2.1820873032e-01	1.5090272903e-01	7.4149430148e-02	7.6753298881e-02	-1.3019343666e-03	-2.0418791874e-01	4.3590928579e-02	-3.7407833565e-03	4.1720536901e-02	-4.5461320257e-02
119               	2.8284276618e-02	-1.8870567433e-01	2.1698995095e-01	1.5009367738e-01	7.3513988274e-02	7.6579689109e-02	-1.5328504176e-03	-2.0284781264e-01	4.3945870177e-02	-3.7414012737e-03	4.2075169541e-02	-4.5816570814e-02
120               	2.8058764366e-02	-1.9009923242e-01	2.1815799678e-01	1.5082771502e-01	7.4088752993e-02	7.6738962027e-02	-1.3251045169e-03	-2.0412861460e-01	4.3599887914e-02	-3.7408613658e-03	4.1729457231e-02	-4.5470318597e-02
121               	2.8284961692e-02	-1.8871120629e-01	2.1699616799e-01	1.5004525507e-01	7.3489569190e-02	7.6555685877e-02	-1.5330583433e-03	-2.0285368714e-01	4.3958490006e-02	-3.7397988597e-03	4.2088590576e-02	-4.5828389436e-02
122               	2.8046668395e-02	-1.9003069255e-01	2.1807736094e-01	1.5076035415e-01	7.4042291675e-02	7.6718062474e-02	-1.3378853998e-03	-2.0405402675e-01	4.3593482499e-02	-3.7403032770e-03	4.1723330860e-02	-4.5463634138e-02
123               	2.8287936286e-02	-1.8867490124e-01	2.1696283753e-01	1.4999810717e-01	7.3447990450e-02	7.6550116719e-02	-1.5510631344e-03	-2.0281886938e-01	4.3956834581e-02	-3.7414275214e-03	4.2086120821e-02	-4.5827548342e-02
124               	2.8055878446e-02	-1.9000123212e-01	2.1805711057e-01	1.5072630908e-01	7.4021788627e-02	7.6704520456e-02	-1.3413659149e-03	-2.0402917135e-01	4.3599250971e-02	-3.7407451999e-03	4.1728878371e-02	-4.5469623571e-02
125               	2.8289135534e-02	-1.8858114429e-01	2.1687027982e-01	1.4991878421e-01	7.3393783647e-02	7.6525000566e-02	-1.5656084595e-03	-2.0272571205e-01	4.3955426195e-02	-3.7390770191e-03	4.2085887685e-02	-4.5824964704e-02
126               	2.8048273368e-02	-1.9008077442e-01	2.1812904779e-01	1.5072916550e-01	7.4009422755e-02	7.6719742747e-02	-1.3551599959e-03	-2.0410491110e-01	4.3599112802e-02	-3.7407169683e-03	4.1728754318e-02	-4.5469471287e-02
127               	2.8290029840e-02	-1.8864347084e-01	2.1693350068e-01	1.4994346925e-01	7.3388597860e-02	7.6554871391e-02	-1.5831367654e-03	-2.0278848576e-01	4.3962263405e-02	-3.7420576496e-03	4.2091234580e-02	-4.5833292229e-02
128               	2.8053397708e-02	-1.9001261835e-01	2.1806601606e-01	1.5068386721e-01	7.3972809979e-02	7.6711057230e-02	-1.3691236253e-03	-2.0403931720e-01	4.3591884949e-02	-3.7407352121e-03	4.1721517343e-02	-4.5462252555e-02
129               	2.8301524503e-02	-1.8860871407e-01	2.1691023857e-01	1.4988964895e-01	7.3362636510e-02	7.6527012445e-02	-1.5821879677e-03	-2.0275947632e-01	4.3979744224e-02	-3.7396465037e-03	4.2109920972e-02	-4.5849567476e-02
130               	2.8048317339e-02	-1.8998137094e-01	2.1802968828e-01	1.5066531572e-01	7.3975818749e-02	7.6689496973e-02	-1.3568391118e-03	-2.0400552961e-01	4.3599388721e-02	-3.7407093098e-03	4.1729034066e-02	-4.5469743376e-02
131               	2.8288172061e-02	-1.8850677566e-01	2.1679494772e-01	1.4985479018e-01	7.3353442288e-02	7.6501347894e-02	-1.5739528032e-03	-2.0265086169e-01	4.3951345274e-02	-3.7433990561e-03	4.2079645746e-02	-4.5823044802e-02
132               	2.8057283126e-02	-1.8983394592e-01	2.1789122905e-01	1.5058235027e-01	7.3934361419e-02	7.6647988855e-02	-1.3568137179e-03	-2.0386258749e-01	4.3599824822e-02	-3.7408307399e-03	4.1729409452e-02	-4.5470240191e-02
133               	2.8289329113e-02	-1.8839475883e-01	2.1668408795e-01	1.4979029457e-01	7.3326910972e-02	7.6463383600e-02	-1.5682363142e-03	-2.0253942339e-01	4.3953212648e-02	-3.7419572228e-03	4.2082234036e-02	-4.5824191259e-02
134               	2.8049953176e-02	-1.8973879511e-01	2.1778874829e-01	1.5054084601e-01	7.3915752562e-02	7.6625093452e-02	-1.3546704453e-03	-2.0376377170e-01	4.3599120581e-02	-3.7406451435e-03	4.1728798009e-02	-4.5469443153e-02
135               	2.8283099860e-02	-1.8827606051e-01	2.1655916037e-01	1.4974240415e-01	7.3298512452e-02	7.6443891696e-02	-1.5726896221e-03	-2.0241761044e-01	4.3938286688e-02	-3.7424032455e-03	4.2067085065e-02	-4.5809488311e-02
136               	2.8055674082e-02	-1.8958984435e-01	2.1764551843e-01	1.5049939333e-01	7.3902851560e-02	7.6596541769e-02	-1.3468451042e-03	-2.0361768139e-01	4.3593441464e-02	-3.7402962323e-03	4.1723293348e-02	-4.5463589580e-02
137               	2.8287774963e-02	-1.8810713689e-01	2.1639491185e-01	1.4967669728e-01	7.3268629442e-02	7.6408067835e-02	-1.5697191966e-03	-2.0225102437e-01	4.3932581617e-02	-3.7431321407e-03	4.2061015546e-02	-4.5804147687e-02
138               	2.8039627279e-02	-1.8951801430e-01	2.1755764158e-01	1.5046212215e-01	7.3871420030e-02	7.6590702119e-02	-1.3596410445e-03	-2.0353782794e-01	4.3565996608e-02	-3.7425060486e-03	4.1694743583e-02	-4.5437249632e-02
139               	2.8274498044e-02	-1.8809808197e-01	2.1637258002e-01	1.4971339627e-01	7.3283523385e-02	7.6429872882e-02	-1.5731747484e-03	-2.0223533100e-01	4.3919725054e-02	-3.7448553721e-03	4.2047297368e-02	-4.5792152740e-02
140               	2.8058519875e-02	-1.8948859335e-01	2.1754711323e-01	1.5047416936e-01	7.3888289675e-02	7.6585879684e-02	-1.3487950046e-03	-2.0351785329e-01	4.3586812868e-02	-3.7415603004e-03	4.1716032717e-02	-4.5457593018e-02
141               	2.8295679194e-02	-1.8802457414e-01	2.1632025333e-01	1.4965219445e-01	7.3252481077e-02	7.6399713375e-02	-1.5736161488e-03	-2.0217241374e-01	4.3957271953e-02	-3.7426580489e-03	4.2085942928e-02	-4.5828600977e-02
142               	2.8038783965e-02	-1.8942655615e-01	2.1746534011e-01	1.5043288545e-01	7.3858347928e-02	7.6574537526e-02	-1.3580947992e-03	-2.0344594813e-01	4.3566443356e-02	-3.7414768556e-03	4.1695704929e-02	-4.5437181784e-02
143               	2.8265718546e-02	-1.8806101547e-01	2.1632673402e-01	1.4966603032e-01	7.3265121785e-02	7.6400908531e-02	-1.5678933727e-03	-2.0219387474e-01	4.3898200198e-02	-3.7457751314e-03	4.2025312632e-02	-4.5771087764e-02
144               	2.8052003226e-02	-1.8940279361e-01	2.1745479683e-01	1.5040671549e-01	7.3856999488e-02	7.6549716006e-02	-1.3463582587e-03	-2.0342879522e-01	4.3582651148e-02	-3.7418595702e-03	4.1711721363e-02	-4.5453580933e-02
145               	2.8282423883e-02	-1.8796940323e-01	2.1625182711e-01	1.4961175463e-01	7.3255814411e-02	7.6355940219e-02	-1.5500629040e-03	-2.0211061517e-01	4.3933512189e-02	-3.7423009455e-03	4.2062361716e-02	-4.5804662661e-02
146               	2.8031250284e-02	-1.8928164169e-01	2.1731289197e-01	1.5032635736e-01	7.3819972639e-02	7.6506384722e-02	-1.3432060413e-03	-2.0329726683e-01	4.3551716434e-02	-3.7399881505e-03	4.1681722358e-02	-4.5421710509e-02
147               	2.8277091762e-02	-1.8792006037e-01	2.1619715213e-01	1.4957621159e-01	7.3238933629e-02	7.6337277964e-02	-1.5491721675e-03	-2.0205860625e-01	4.3926608126e-02	-3.7440550278e-03	4.2054580612e-02	-4.5798635640e-02
148               	2.8046563151e-02	-1.8919245021e-01	2.1723901336e-01	1.5029283197e-01	7.3813058574e-02	7.6479773395e-02	-1.3333574106e-03	-2.0321573179e-01	4.3564028693e-02	-3.7415378394e-03	4.1693259773e-02	-4.5434797612e-02
149               	2.8279234910e-02	-1.8778361496e-01	2.1606284987e-01	1.4949843763e-01	7.3203017615e-02	7.6295420015e-02	-1.5462012000e-03	-2.0192323242e-01	4.3919915261e-02	-3.7404197991e-03	4.2049705362e-02	-4.5790125161e-02
150               	2.8036535686e-02	-1.8917561307e-01	2.1721214876e-01	1.5025902774e-01	7.3778218666e-02	7.6480809072e-02	-1.3512952031e-03	-2.0319388091e-01	4.3566090338e-02	-3.7415183911e-03	4.1695331143e-02	-4.5436849534e-02
151               	2.8277691375e-02	-1.8788239785e-01	2.1616008922e-01	1.4956512646e-01	7.3221780163e-02	7.6343346300e-02	-1.5607830686e-03	-2.0202124354e-01	4.3924311885e-02	-3.7419303151e-03	4.2053346727e-02	-4.5795277042e-02
152               	2.8058507456e-02	-1.8921607610e-01	2.1727458356e-01	1.5030696577e-01	7.3795952821e-02	7.6511012951e-02	-1.3575300651e-03	-2.0324532983e-01	4.3585510393e-02	-3.7420424170e-03	4.1714489185e-02	-4.5456531602e-02
153               	2.8280822398e-02	-1.8792740347e-01	2.1620822587e-01	1.4956684159e-01	7.3213632343e-02	7.6353209252e-02	-1.5697884548e-03	-2.0206781467e-01	4.3925138239e-02	-3.7387318498e-03	4.2055772314e-02	-4.5794504164e-02
154               	2.8049360072e-02	-1.8927691003e-01	2.1732627011e-01	1.5033255816e-01	7.3784517470e-02	7.6548040695e-02	-1.3817616126e-03	-2.0330159007e-01	4.3592677309e-02	-3.7406505382e-03	4.1722352040e-02	-4.5463002578e-02
155               	2.8283509515e-02	-1.8802439972e-01	2.1630790923e-01	1.4963198017e-01	7.3228770763e-02	7.6403209403e-02	-1.5872193200e-03	-2.0216615448e-01	4.3932558307e-02	-3.7413732588e-03	4.2061871678e-02	-4.5803244937e-02
156               	2.8061578422e-02	-1.8943813355e-01	2.1749971197e-01	1.5040324710e-01	7.3822514190e-02	7.6580732913e-02	-1.3791093615e-03	-2.0346892276e-01	4.3593443216e-02	-3.7416886803e-03	4.1722598876e-02	-4.5464287556e-02
157               	2.8282546031e-02	-1.8815308609e-01	2.1643563212e-01	1.4967202599e-01	7.3248859077e-02	7.6423166909e-02	-1.5871539164e-03	-2.0229435911e-01	4.3928916251e-02	-3.7395056801e-03	4.2059163411e-02	-4.5798669091e-02
158               	2.8047805972e-02	-1.8950712138e-01	2.1755492735e-01	1.5040895535e-01	7.3810222490e-02	7.6598732863e-02	-1.3942551868e-03	-2.0353102436e-01	4.3583826347e-02	-3.7404010033e-03	4.1713625845e-02	-4.5454026848e-02
159               	2.8292042247e-02	-1.8826161034e-01	2.1655365259e-01	1.4969803064e-01	7.3256155962e-02	7.6441874683e-02	-1.5928593605e-03	-2.0240763146e-01	4.3958042909e-02	-3.7416794813e-03	4.2087203168e-02	-4.5828882649e-02
160               	2.8063954720e-02	-1.8964537214e-01	2.1770932685e-01	1.5045673786e-01	7.3859911416e-02	7.6596826447e-02	-1.3684575154e-03	-2.0367734949e-01	4.3617043752e-02	-3.7418716810e-03	4.1746107912e-02	-4.5487979593e-02
161               	2.8290696161e-02	-1.8826212692e-01	2.1655282308e-01	1.4966110682e-01	7.3243676969e-02	7.6417429853e-02	-1.5868764420e-03	-2.0240747500e-01	4.3958027969e-02	-3.7402651083e-03	4.2087895414e-02	-4.5828160523e-02
162               	2.8038867031e-02	-1.8972600693e-01	2.1776487396e-01	1.5044263476e-01	7.3835588599e-02	7.6607046164e-02	-1.3857287827e-03	-2.0374544045e-01	4.3572275870e-02	-3.7416971653e-03	4.1701427287e-02	-4.5443124452e-02
163               	2.8272628875e-02	-1.8843132388e-01	2.1670395276e-01	1.4972435816e-01	7.3273937191e-02	7.6450420966e-02	-1.5882418876e-03	-2.0256763832e-01	4.3930005177e-02	-3.7424616810e-03	4.2058774336e-02	-4.5801236017e-02
164               	2.8058861503e-02	-1.8971637801e-01	2.1777523951e-01	1.5045257308e-01	7.3859576039e-02	7.6592997039e-02	-1.3667104998e-03	-2.0374580876e-01	4.3596920865e-02	-3.7418092028e-03	4.1726016264e-02	-4.5467825467e-02
165               	2.8309115069e-02	-1.8827107832e-01	2.1658019339e-01	1.4964347518e-01	7.3238047367e-02	7.6405427811e-02	-1.5836902221e-03	-2.0242563585e-01	4.3989136960e-02	-3.7412855976e-03	4.2118494161e-02	-4.5859779759e-02
166               	2.8050012919e-02	-1.8964858721e-01	2.1769860013e-01	1.5040831034e-01	7.3821326806e-02	7.6586983530e-02	-1.3828283621e-03	-2.0367359367e-01	4.3596860190e-02	-3.7431862296e-03	4.1725267075e-02	-4.5468453305e-02
167               	2.8274132831e-02	-1.8830028038e-01	2.1657441321e-01	1.4967560984e-01	7.3243589863e-02	7.6432019978e-02	-1.5942150576e-03	-2.0243734680e-01	4.3920285278e-02	-3.7441712219e-03	4.2048199667e-02	-4.5792370889e-02
168               	2.8066424564e-02	-1.8963929590e-01	2.1770572046e-01	1.5044618722e-01	7.3841301541e-02	7.6604885676e-02	-1.3817920674e-03	-2.0367250818e-01	4.3608690930e-02	-3.7427983835e-03	4.1737291738e-02	-4.5480090122e-02
169               	2.8300976213e-02	-1.8827510278e-01	2.1657607899e-01	1.4969118575e-01	7.3254770812e-02	7.6436414941e-02	-1.5908220645e-03	-2.0242559089e-01	4.3961016141e-02	-3.7426151252e-03	4.2089708578e-02	-4.5832323703e-02
170               	2.8036755426e-02	-1.8960674652e-01	2.1764350194e-01	1.5043549250e-01	7.3826418582e-02	7.6609073916e-02	-1.3913276669e-03	-2.0362512423e-01	4.3555684177e-02	-3.7429021441e-03	4.1684233105e-02	-4.5427135249e-02
171               	2.8289032306e-02	-1.8828766190e-01	2.1657669421e-01	1.4973423975e-01	7.3259202744e-02	7.6475037003e-02	-1.6079171292e-03	-2.0243217805e-01	4.3948227404e-02	-3.7457063773e-03	4.2075374215e-02	-4.5821080592e-02
172               	2.8074304088e-02	-1.8960513215e-01	2.1767943624e-01	1.5050923496e-01	7.3855906026e-02	7.6653328932e-02	-1.3987114529e-03	-2.0364228420e-01	4.3627003088e-02	-3.7429506154e-03	4.1755527780e-02	-4.5498478395e-02
173               	2.8296007702e-02	-1.8827508659e-01	2.1657109429e-01	1.4975518839e-01	7.3267908587e-02	7.6487279808e-02	-1.6096856108e-03	-2.0242309044e-01	4.3950381850e-02	-3.7428720502e-03	4.2078945825e-02	-4.5821817875e-02
174               	2.8043321717e-02	-1.8964956624e-01	2.1769288796e-01	1.5051777761e-01	7.3848074362e-02	7.6669703251e-02	-1.4108144442e-03	-2.0367122710e-01	4.3565435396e-02	-3.7414760949e-03	4.1694697349e-02	-4.5436173444e-02
175               	2.8290158602e-02	-1.8834526919e-01	2.1663542779e-01	1.4982956339e-01	7.3297610391e-02	7.6531952994e-02	-1.6171713015e-03	-2.0249034849e-01	4.3937550705e-02	-3.7443216679e-03	4.2065389871e-02	-4.5809711539e-02
176               	2.8069274804e-02	-1.8967148495e-01	2.1774075975e-01	1.5058770052e-01	7.3898679689e-02	7.6689020834e-02	-1.3951705725e-03	-2.0370612235e-01	4.3603190921e-02	-3.7415453687e-03	4.1732418237e-02	-4.5473963606e-02
177               	2.8315126780e-02	-1.8830504014e-01	2.1662016692e-01	1.4981439054e-01	7.3297334681e-02	7.6517055861e-02	-1.6098605901e-03	-2.0246260353e-01	4.3989619922e-02	-3.7424550626e-03	4.2118392391e-02	-4.5860847454e-02
178               	2.8042091735e-02	-1.8964458626e-01	2.1768667800e-01	1.5056409604e-01	7.3882175505e-02	7.6681920532e-02	-1.3998725134e-03	-2.0366563213e-01	4.3568639137e-02	-3.7414291378e-03	4.1697924568e-02	-4.5439353706e-02
179               	2.8276653745e-02	-1.8835669158e-01	2.1663334533e-01	1.4985305213e-01	7.3327476444e-02	7.6525575684e-02	-1.5990496204e-03	-2.0249501846e-01	4.3915418688e-02	-3.7441628525e-03	4.2043337262e-02	-4.5787500114e-02
180               	2.8072459550e-02	-1.8968953933e-01	2.1776199888e-01	1.5060097647e-01	7.3914775333e-02	7.6686201136e-02	-1.3857129018e-03	-2.0372576910e-01	4.3617935637e-02	-3.7410907868e-03	4.1747390244e-02	-4.5488481030e-02
181               	2.8302481275e-02	-1.8831893108e-01	2.1662141235e-01	1.4983107454e-01	7.3319851818e-02	7.6511222722e-02	-1.5956854520e-03	-2.0247017171e-01	4.3973357461e-02	-3.7420570679e-03	4.2102328927e-02	-4.5844385995e-02
182               	2.8043360021e-02	-1.8968933176e-01	2.1773269178e-01	1.5057432589e-01	7.3894549956e-02	7.6679775934e-02	-1.3926129890e-03	-2.0371101177e-01	4.3565282480e-02	-3.7408333668e-03	4.1694865797e-02	-4.5435699164e-02
183               	2.8289573438e-02	-1.8839754818e-01	2.1668712161e-01	1.4985987701e-01	7.3328089820e-02	7.6531787191e-02	-1.6018486857e-03	-2.0254233490e-01	4.3944221005e-02	-3.7440299080e-03	4.2072206051e-02	-4.5816235959e-02
184               	2.8064874178e-02	-1.8976408910e-01	2.1782896328e-01	1.5062397770e-01	7.3926959193e-02	7.6697018511e-02	-1.3850296593e-03	-2.0379652619e-01	4.3605831324e-02	-3.7407323409e-03	4.1735465154e-02	-4.5476197495e-02
185               	2.8304771860e-02	-1.8839409595e-01	2.1669886781e-01	1.4985314467e-01	7.3319260408e-02	7.6533884266e-02	-1.6073119289e-03	-2.0254648188e-01	4.3976952027e-02	-3.7421158986e-03	4.2105894078e-02	-4.5848009976e-02
186               	2.8047204715e-02	-1.8986724734e-01	2.1791445206e-01	1.5064670072e-01	7.3907163982e-02	7.6739536735e-02	-1.4161863767e-03	-2.0389084970e-01	4.3578924254e-02	-3.7404491240e-03	4.1708699692e-02	-4.5449148816e-02
187               	2.8289835372e-02	-1.8860335201e-01	2.1689318738e-01	1.4996276362e-01	7.3338336112e-02	7.6624427509e-02	-1.6430456986e-03	-2.0274826969e-01	4.3951080619e-02	-3.7428968540e-03	4.2079632192e-02	-4.5822529046e-02
188               	2.8080314229e-02	-1.9009976688e-01	2.1818008111e-01	1.5079734469e-01	7.3969615284e-02	7.6827729411e-02	-1.4290570632e-03	-2.0413992400e-01	4.3630347846e-02	-3.7410435888e-03	4.1759826052e-02	-4.5500869640e-02
189               	2.8323033415e-02	-1.8876631964e-01	2.1708935306e-01	1.5004463358e-01	7.3377331927e-02	7.6667301648e-02	-1.6449848602e-03	-2.0292783635e-01	4.4016171517e-02	-3.7419419257e-03	4.2145200554e-02	-4.5887142480e-02
190               	2.8055026353e-02	-1.9017721599e-01	2.1823224234e-01	1.5082953730e-01	7.3965329320e-02	7.6864207976e-02	-1.4494393278e-03	-2.0420472916e-01	4.3598207096e-02	-3.7432218011e-03	4.1726596196e-02	-4.5469817997e-02
191               	2.8286602257e-02	-1.8886344260e-01	2.1715004486e-01	1.5013187510e-01	7.3403321203e-02	7.6728553892e-02	-1.6626163443e-03	-2.0300674373e-01	4.3938297925e-02	-3.7419253290e-03	4.2067335261e-02	-4.5809260590e-02
192               	2.8077596872e-02	-1.9031085864e-01	2.1838845551e-01	1.5093816797e-01	7.4015562060e-02	7.6922605909e-02	-1.4535219246e-03	-2.0434965708e-01	4.3617714358e-02	-3.7403807393e-03	4.1747523989e-02	-4.5487904728e-02
193               	2.8330754392e-02	-1.8894257383e-01	2.1727332823e-01	1.5019886909e-01	7.3432514371e-02	7.6766354718e-02	-1.6669201734e-03	-2.0310795103e-01	4.4031301459e-02	-3.7413966236e-03	4.2160603148e-02	-4.5901999771e-02
194               	2.8067827128e-02	-1.9037865792e-01	2.1844648505e-01	1.5099505096e-01	7.4046160838e-02	7.6948890125e-02	-1.4513646431e-03	-2.0441257148e-01	4.3606738303e-02	-3.7432623476e-03	4.1735107130e-02	-4.5478369477e-02
195               	2.8303559709e-02	-1.8902028231e-01	2.1732384202e-01	1.5026152716e-01	7.3470954516e-02	7.6790572647e-02	-1.6598090655e-03	-2.0317206217e-01	4.3974710911e-02	-3.7438648994e-03	4.2102778462e-02	-4.5846643361e-02
196               	2.8079469083e-02	-1.9040843995e-01	2.1848790903e-01	1.5104236961e-01	7.4082737538e-02	7.6959632076e-02	-1.4384472690e-03	-2.0444817449e-01	4.3626244219e-02	-3.7433190974e-03	4.1754584670e-02	-4.5497903768e-02
197               	2.8325553215e-02	-1.8901045896e-01	2.1733601217e-01	1.5026639458e-01	7.3485874918e-02	7.6780519662e-02	-1.6473223718e-03	-2.0317323556e-01	4.4012104084e-02	-3.7415088115e-03	4.2141349678e-02	-4.5882858490e-02
198               	2.8059858572e-02	-1.9042821820e-01	2.1848807677e-01	1.5102503050e-01	7.4081036744e-02	7.6943993760e-02	-1.4314785081e-03	-2.0445814748e-01	4.3605648893e-02	-3.7430763099e-03	4.1734110738e-02	-4.5477187047e-02
199               	2.8284455269e-02	-1.8907533367e-01	2.1735978894e-01	1.5027520886e-01	7.3508582844e-02	7.6766626016e-02	-1.6290215859e-03	-2.0321756130e-01	4.3940765264e-02	-3.7427137070e-03	4.2069408411e-02	-4.5812122118e-02
200               	2.8074237511e-02	-1.9040464879e-01	2.1847888630e-01	1.5101198538e-01	7.4098444435e-02	7.6913540944e-02	-1.4075482544e-03	-2.0444176754e-01	4.3622358038e-02	-3.7436912731e-03	4.1750512402e-02	-4.5494203675e-02
201               	2.8320651527e-02	-1.8899124812e-01	2.1731189964e-01	1.5020487781e-01	7.3491157389e-02	7.6713720424e-02	-1.6112815175e-03	-2.0315157388e-01	4.4007498122e-02	-3.7431187882e-03	4.2135938728e-02	-4.5879057516e-02
202               	2.8058819026e-02	-1.9030152427e-01	2.1836034329e-01	1.5091978726e-01	7.4059047223e-02	7.6860740037e-02	-1.4008464068e-03	-2.0433093378e-01	4.3617040991e-02	-3.7418701349e-03	4.1746105924e-02	-4.5487976059e-02
203               	2.8285232849e-02	-1.8893822722e-01	2.1722346006e-01	1.5015918841e-01	7.3466968014e-02	7.6692220399e-02	-1.6126261926e-03	-2.0308084364e-01	4.3937907665e-02	-3.7453788053e-03	4.2065218262e-02	-4.5810597067e-02
204               	2.8073801854e-02	-1.9035709569e-01	2.1843089755e-01	1.5093424087e-01	7.4076059398e-02	7.6858181467e-02	-1.3910610344e-03	-2.0439399662e-01	4.3627352412e-02	-3.7432318320e-03	4.1755736496e-02	-4.5498968328e-02
205               	2.8313687881e-02	-1.8888879347e-01	2.1720248135e-01	1.5012529439e-01	7.3456128849e-02	7.6669165536e-02	-1.6065183432e-03	-2.0304563741e-01	4.4004499925e-02	-3.7423122600e-03	4.2133343795e-02	-4.5875656055e-02
206               	2.8044351550e-02	-1.9025787207e-01	2.1830222362e-01	1.5086012411e-01	7.4040354752e-02	7.6819769361e-02	-1.3897073045e-03	-2.0428004784e-01	4.3570393017e-02	-3.7395754449e-03	4.1700605295e-02	-4.5440180739e-02
207               	2.8290069236e-02	-1.8881561552e-01	2.1710568475e-01	1.5007721399e-01	7.3435372019e-02	7.6641841970e-02	-1.6032349755e-03	-2.0296065013e-01	4.3945417596e-02	-3.7442471763e-03	4.2073294008e-02	-4.5817541184e-02
208               	2.8074143752e-02	-1.9013119692e-01	2.1820534067e-01	1.5083418482e-01	7.4043155903e-02	7.6791028918e-02	-1.3739365073e-03	-2.0416826880e-01	4.3626594620e-02	-3.7415837778e-03	4.1755802731e-02	-4.5497386509e-02
209               	2.8303120658e-02	-1.8862650582e-01	2.1692962648e-01	1.4998601816e-01	7.3402213096e-02	7.6583805068e-02	-1.5907959858e-03	-2.0277806615e-01	4.3984281144e-02	-3.7423986655e-03	4.2113081811e-02	-4.5855480477e-02
210               	2.8044292156e-02	-1.9005163771e-01	2.1809592987e-01	1.5073942192e-01	7.3992378797e-02	7.6747043122e-02	-1.3773321622e-03	-2.0407378379e-01	4.3577426088e-02	-3.7415635922e-03	4.1706644292e-02	-4.5448207884e-02
211               	2.8280000429e-02	-1.8856052772e-01	2.1684052815e-01	1.4994359607e-01	7.3388275169e-02	7.6555320899e-02	-1.5835228651e-03	-2.0270052793e-01	4.3929554972e-02	-3.7449343698e-03	4.2057087788e-02	-4.5802022157e-02
212               	2.8066045865e-02	-1.8991383483e-01	2.1797988069e-01	1.5067834721e-01	7.3990817432e-02	7.6687529777e-02	-1.3483561724e-03	-2.0394685776e-01	4.3605023880e-02	-3.7412826671e-03	4.1734382547e-02	-4.5475665214e-02
213               	2.8305600999e-02	-1.8845994156e-01	2.1676554256e-01	1.4983277474e-01	7.3347428480e-02	7.6485346257e-02	-1.5689588885e-03	-2.0261274206e-01	4.3989891298e-02	-3.7430881831e-03	4.2118347207e-02	-4.5861435390e-02
214               	2.8046335420e-02	-1.8984175396e-01	2.1788808938e-01	1.5059031682e-01	7.3940413494e-02	7.6649903325e-02	-1.3547449157e-03	-2.0386492167e-01	4.3595131460e-02	-3.7423412591e-03	4.1723960830e-02	-4.5466302089e-02
215               	2.8275839770e-02	-1.8838588708e-01	2.1666172685e-01	1.4979107740e-01	7.3320386365e-02	7.6470691035e-02	-1.5751523351e-03	-2.0252380697e-01	4.3918567910e-02	-3.7450883796e-03	4.2046023720e-02	-4.5791112100e-02
216               	2.8070316313e-02	-1.8977826435e-01	2.1784858067e-01	1.5054809256e-01	7.3911008061e-02	7.6637084501e-02	-1.3630382197e-03	-2.0381342251e-01	4.3618601618e-02	-3.7423220052e-03	4.1747440615e-02	-4.5489762620e-02
217               	2.8294786972e-02	-1.8843230855e-01	2.1672709553e-01	1.4977805131e-01	7.3311569652e-02	7.6466481660e-02	-1.5774560042e-03	-2.0257970204e-01	4.3962602119e-02	-3.7433106167e-03	4.2090946811e-02	-4.5834257427e-02
218               	2.8052387148e-02	-1.8975038099e-01	2.1780276813e-01	1.5051854822e-01	7.3882478268e-02	7.6636069954e-02	-1.3767958430e-03	-2.0377657456e-01	4.3598581345e-02	-3.7435639084e-03	4.1726799391e-02	-4.5470363300e-02
219               	2.8297501396e-02	-1.8837289799e-01	2.1667039939e-01	1.4975276579e-01	7.3277097205e-02	7.6475668590e-02	-1.5992856923e-03	-2.0252164869e-01	4.3964788164e-02	-3.7467998329e-03	4.2091388248e-02	-4.5838188081e-02
220               	2.8065416333e-02	-1.8975373340e-01	2.1781914974e-01	1.5053868984e-01	7.3894932832e-02	7.6643757011e-02	-1.3744120897e-03	-2.0378644157e-01	4.3609835102e-02	-3.7438055183e-03	4.1737932343e-02	-4.5481737862e-02
221               	2.8296237202e-02	-1.8835961769e-01	2.1665585489e-01	1.4974877582e-01	7.3272687709e-02	7.6476088114e-02	-1.6017002022e-03	-2.0250773629e-01	4.3959975780e-02	-3.7448412606e-03	4.2087555150e-02	-4.5832396410e-02
222               	2.8056298159e-02	-1.8977752680e-01	2.1783382496e-01	1.5053648949e-01	7.3869989094e-02	7.6666500398e-02	-1.3982556522e-03	-2.0380567588e-01	4.3602058740e-02	-3.7435027330e-03	4.1730307373e-02	-4.5473810106e-02
223               	2.8292323276e-02	-1.8842295913e-01	2.1671528241e-01	1.4980941490e-01	7.3293397840e-02	7.6516017057e-02	-1.6113096085e-03	-2.0256912077e-01	4.3947359919e-02	-3.7475054173e-03	4.2073607210e-02	-4.5821112627e-02
224               	2.8063853844e-02	-1.8975036327e-01	2.1781421712e-01	1.5056410222e-01	7.3886282041e-02	7.6677820183e-02	-1.3957690710e-03	-2.0378229019e-01	4.3590037042e-02	-3.7443216176e-03	4.1717876233e-02	-4.5462197851e-02
225               	2.8310331869e-02	-1.8841268133e-01	2.1672301320e-01	1.4981120351e-01	7.3300255424e-02	7.6510948084e-02	-1.6053463299e-03	-2.0256784726e-01	4.3982236201e-02	-3.7451739514e-03	4.2109649226e-02	-4.5854823177e-02
226               	2.8060927897e-02	-1.8972798875e-01	2.1778891665e-01	1.5055328490e-01	7.3875412579e-02	7.6677872318e-02	-1.4012298695e-03	-2.0375845270e-01	4.3610865018e-02	-3.7431506361e-03	4.1739289700e-02	-4.5482440337e-02
227               	2.8292353513e-02	-1.8836213202e-01	2.1665448554e-01	1.4981435819e-01	7.3299259414e-02	7.6515098772e-02	-1.6079196790e-03	-2.0250830878e-01	4.3952562590e-02	-3.7469131450e-03	4.2079106018e-02	-4.5826019163e-02
228               	2.8066621489e-02	-1.8975802274e-01	2.1782464423e-01	1.5058440674e-01	7.3896487235e-02	7.6687919501e-02	-1.3957161328e-03	-2.0379133349e-01	4.3598659350e-02	-3.7432140172e-03	4.1727052341e-02	-4.5470266358e-02
229               	2.8289333934e-02	-1.8844550959e-01	2.1673484353e-01	1.4984090762e-01	7.3319697720e-02	7.6521209900e-02	-1.6007560901e-03	-2.0259017656e-01	4.3950168134e-02	-3.7444501811e-03	4.2077943043e-02	-4.5822393224e-02
230               	2.8050779480e-02	-1.8977348631e-01	2.1782426579e-01	1.5057413844e-01	7.3886698582e-02	7.6687439859e-02	-1.4003706386e-03	-2.0379887605e-01	4.3581354331e-02	-3.7433080661e-03	4.1709700298e-02	-4.5453008364e-02
231               	2.8308473940e-02	-1.8839366679e-01	2.1670214073e-01	1.4982116483e-01	7.3294877347e-02	7.6526287486e-02	-1.6157050694e-03	-2.0254790376e-01	4.3975680688e-02	-3.7460259527e-03	4.2102667711e-02	-4.5848693664e-02
232               	2.8084188464e-02	-1.8978410833e-01	2.1786829680e-01	1.5060306800e-01	7.3910157565e-02	7.6692910433e-02	-1.3913764343e-03	-2.0382620256e-01	4.3641556902e-02	-3.7443888643e-03	4.1769362469e-02	-4.5513751334e-02
233               	2.8292617167e-02	-1.8843517593e-01	2.1672779309e-01	1.4981740454e-01	7.3302849211e-02	7.6514555328e-02	-1.6058530580e-03	-2.0258148451e-01	4.3951457209e-02	-3.7444209135e-03	4.2079246752e-02	-4.5823667666e-02
234               	2.8043409924e-02	-1.8987442091e-01	2.1791783084e-01	1.5059870304e-01	7.3903721261e-02	7.6694981778e-02	-1.3956302588e-03	-2.0389612588e-01	4.3576482511e-02	-3.7428185417e-03	4.1705073240e-02	-4.5447891782e-02
235               	2.8296481274e-02	-1.8847481744e-01	2.1677129871e-01	1.4984786501e-01	7.3312528606e-02	7.6535336401e-02	-1.6114038974e-03	-2.0262305807e-01	4.3955645041e-02	-3.7453495699e-03	4.2082970256e-02	-4.5828319826e-02
236               	2.8074544231e-02	-1.8982966047e-01	2.1790420470e-01	1.5060365795e-01	7.3914634633e-02	7.6689023320e-02	-1.3871943436e-03	-2.0386693259e-01	4.3613654284e-02	-3.7433877704e-03	4.1741960399e-02	-4.5485348169e-02
237               	2.8299554205e-02	-1.8847408809e-01	2.1677364230e-01	1.4981923868e-01	7.3309074522e-02	7.6510164155e-02	-1.6005448165e-03	-2.0262386519e-01	4.3968011937e-02	-3.7443861929e-03	4.2095818841e-02	-4.5840205034e-02
238               	2.8044645910e-02	-1.8979970043e-01	2.1784434634e-01	1.5056449798e-01	7.3886269512e-02	7.6678228465e-02	-1.3959794763e-03	-2.0382202339e-01	4.3585033179e-02	-3.7425664039e-03	4.1713749977e-02	-4.5456316381e-02
239               	2.8295448255e-02	-1.8843049367e-01	2.1672594193e-01	1.4983082959e-01	7.3303655258e-02	7.6527174332e-02	-1.6117595370e-03	-2.0257821780e-01	4.3944652097e-02	-3.7457856171e-03	4.2071759289e-02	-4.5817544906e-02
240               	2.8077024304e-02	-1.8982047057e-01	2.1789749487e-01	1.5060166146e-01	7.3906701961e-02	7.6694959501e-02	-1.3941287704e-03	-2.0385898272e-01	4.3615468700e-02	-3.7433889101e-03	4.1743774245e-02	-4.5487163155e-02
241               	2.8292467397e-02	-1.8851250676e-01	2.1680497416e-01	1.4986260096e-01	7.3332951604e-02	7.6529649353e-02	-1.5983488743e-03	-2.0265874046e-01	4.3957276756e-02	-3.7441849491e-03	4.2085184282e-02	-4.5829369231e-02
242               	2.8044531188e-02	-1.8978354419e-01	2.1782807538e-01	1.5059511378e-01	7.3888501516e-02	7.6706612262e-02	-1.4090553731e-03	-2.0380580979e-01	4.3571864802e-02	-3.7424918648e-03	4.1700618870e-02	-4.5443110735e-02
243               	2.8301200588e-02	-1.8844579335e-01	2.1674699394e-01	1.4987372014e-01	7.3308604835e-02	7.6565115308e-02	-1.6282552364e-03	-2.0259639364e-01	4.3960056100e-02	-3.7447556553e-03	4.2087678272e-02	-4.5832433928e-02
244               	2.8084463868e-02	-1.8984478013e-01	2.1792924400e-01	1.5066929396e-01	7.3922499960e-02	7.6746794002e-02	-1.4121470209e-03	-2.0388701207e-01	4.3629706008e-02	-3.7431501895e-03	4.1758130913e-02	-4.5501281102e-02
245               	2.8307058349e-02	-1.8850273110e-01	2.1680978945e-01	1.4992673287e-01	7.3349405869e-02	7.6577327004e-02	-1.6139605675e-03	-2.0265626028e-01	4.3977136486e-02	-3.7423306145e-03	4.2105971179e-02	-4.5848301793e-02
246               	2.8050579779e-02	-1.8983214155e-01	2.1788272133e-01	1.5068227991e-01	7.3918406732e-02	7.6763873176e-02	-1.4227332219e-03	-2.0385743144e-01	4.3584024451e-02	-3.7437696719e-03	4.1712139615e-02	-4.5455909287e-02
247               	2.8287422784e-02	-1.8851153983e-01	2.1679896262e-01	1.4997738872e-01	7.3348949254e-02	7.6628439466e-02	-1.6397451062e-03	-2.0265525122e-01	4.3931546230e-02	-3.7436367520e-03	4.2059727854e-02	-4.5803364606e-02
248               	2.8075908424e-02	-1.8990773600e-01	2.1798364443e-01	1.5077432497e-01	7.3963222334e-02	7.6811102638e-02	-1.4239401518e-03	-2.0394569021e-01	4.3601833131e-02	-3.7422143924e-03	4.1730725935e-02	-4.5472940328e-02
249               	2.8325612570e-02	-1.8853943294e-01	2.1686504551e-01	1.5002385336e-01	7.3371926266e-02	7.6651927097e-02	-1.6400004156e-03	-2.0270223923e-01	4.4010831124e-02	-3.7403706654e-03	4.2140645791e-02	-4.5881016457e-02
250               	2.8047631773e-02	-1.8994844214e-01	2.1799607391e-01	1.5081840552e-01	7.3978878834e-02	7.6839526681e-02	-1.4303239237e-03	-2.0397225803e-01	4.3572532095e-02	-3.7423296702e-03	4.1701367260e-02	-4.5443696930e-02
