# Force           
# CofR            : (0.0000000000e+00 0.0000000000e+00 0.0000000000e+00)
#
# Time            	total_x total_y total_z	pressure_x pressure_y pressure_z	viscous_x viscous_y viscous_z
1                  1.1401968545e-01 1.7907646621e-02 -7.7104851129e-05 9.7926359764e-02 1.7954072922e-02 -7.6002790448e-05 1.6093325687e-02 -4.6426301664e-05 -1.1020606810e-06
2                  2.4893129309e-02 3.4145861060e-02 1.3321149882e-03 1.2176561037e-02 3.4040947934e-02 1.3420039239e-03 1.2716568273e-02 1.0491312622e-04 -9.8889356419e-06
3                  -2.3289412285e-02 2.6360661819e-02 1.1934713584e-03 -3.3768404419e-02 2.6224991126e-02 1.2106941305e-03 1.0478992134e-02 1.3567069275e-04 -1.7222772107e-05
4                  1.1931352603e-03 1.0294010759e-02 1.1467272456e-04 -8.1201443789e-03 1.0266475880e-02 1.3035575414e-04 9.3132796392e-03 2.7534879073e-05 -1.5683029574e-05
5                  2.1921128915e-02 1.6203931705e-02 1.5822988171e-04 1.3572926466e-02 1.6194656052e-02 1.6691510813e-04 8.3482024497e-03 9.2756527247e-06 -8.6852264149e-06
6                  1.6525287927e-02 2.6415616151e-02 7.7707459903e-04 9.1545696241e-03 2.6342814845e-02 7.8612154240e-04 7.3707183030e-03 7.2801306456e-05 -9.0469433708e-06
7                  7.5961178623e-03 2.4600850585e-02 7.9406541660e-04 1.0760581855e-03 2.4505941601e-02 8.0863958361e-04 6.5200596768e-03 9.4908983954e-05 -1.4574167010e-05
8                  7.0829575041e-03 2.1910414303e-02 5.2881085160e-04 1.1930229073e-03 2.1832633905e-02 5.4455540656e-04 5.8899345968e-03 7.7780397736e-05 -1.5744554956e-05
9                  8.4715907206e-03 2.4351816653e-02 5.5517217873e-04 3.0459455937e-03 2.4276299463e-02 5.6893340530e-04 5.4256451268e-03 7.5517189928e-05 -1.3761226564e-05
10                 7.6131507863e-03 2.5157863418e-02 6.8748900780e-04 2.5542063277e-03 2.5063712727e-02 7.0102711626e-04 5.0589444585e-03 9.4150690966e-05 -1.3538108456e-05
11                 6.8808816051e-03 2.2939286042e-02 6.5706401444e-04 2.1192402665e-03 2.2833714593e-02 6.7161285461e-04 4.7616413386e-03 1.0557144897e-04 -1.4548840172e-05
12                 7.4431009916e-03 2.2383566118e-02 5.8721409398e-04 2.9201544451e-03 2.2275642518e-02 6.0223183816e-04 4.5229465465e-03 1.0792359987e-04 -1.5017744183e-05
13                 7.5152247008e-03 2.3523784107e-02 6.0283117124e-04 3.1918951145e-03 2.3413949383e-02 6.1843351446e-04 4.3233295863e-03 1.0983472430e-04 -1.5602343225e-05
14                 6.6514335965e-03 2.3382381575e-02 6.3678296663e-04 2.5004722774e-03 2.3267397169e-02 6.5329463054e-04 4.1509613191e-03 1.1498440537e-04 -1.6511663915e-05
15                 6.2337474839e-03 2.2053332178e-02 6.3428244967e-04 2.2273743688e-03 2.1933486768e-02 6.5131555831e-04 4.0063731150e-03 1.1984541004e-04 -1.7033108644e-05
16                 6.4574005340e-03 2.1693982728e-02 6.2824021002e-04 2.5718059693e-03 2.1569383946e-02 6.4550394117e-04 3.8855945647e-03 1.2459878179e-04 -1.7263731153e-05
17                 6.5215856680e-03 2.1549315077e-02 6.3386286797e-04 2.7462685632e-03 2.1421748769e-02 6.5158173955e-04 3.7753171048e-03 1.2756630802e-04 -1.7718871581e-05
18                 6.2248361829e-03 2.0970616226e-02 6.3057064706e-04 2.5517185247e-03 2.0839896212e-02 6.4885923203e-04 3.6731176582e-03 1.3072001399e-04 -1.8288584966e-05
19                 6.0416088620e-03 2.0321977487e-02 6.1849733563e-04 2.4601401627e-03 2.0188893550e-02 6.3720922979e-04 3.5814686993e-03 1.3308393721e-04 -1.8711894157e-05
20                 6.0965744067e-03 2.0306208264e-02 6.1841650512e-04 2.5962867710e-03 2.0170464742e-02 6.3748761171e-04 3.5002876357e-03 1.3574352163e-04 -1.9071106588e-05
21                 6.0582516209e-03 2.0090756021e-02 6.2784679648e-04 2.6327617477e-03 1.9953313996e-02 6.4734615665e-04 3.4254898732e-03 1.3744202490e-04 -1.9499360171e-05
22                 5.8816463807e-03 1.9414928359e-02 6.3044764919e-04 2.5255949490e-03 1.9275366925e-02 6.5027938044e-04 3.3560514317e-03 1.3956143363e-04 -1.9831731254e-05
23                 5.7961377885e-03 1.8802527270e-02 6.2546474233e-04 2.5028658741e-03 1.8661200044e-02 6.4551530446e-04 3.2932719144e-03 1.4132722624e-04 -2.0050562125e-05
24                 5.8180219075e-03 1.8554904895e-02 6.2187488627e-04 2.5827115888e-03 1.8410932002e-02 6.4220542339e-04 3.2353103187e-03 1.4397289253e-04 -2.0330537117e-05
25                 5.7972152708e-03 1.8532745644e-02 6.2130192895e-04 2.6169139756e-03 1.8387257286e-02 6.4202617034e-04 3.1803012952e-03 1.4548835769e-04 -2.0724241384e-05
26                 5.6992507654e-03 1.8301252885e-02 6.2048688813e-04 2.5698422039e-03 1.8154245984e-02 6.4155224490e-04 3.1294085615e-03 1.4700690049e-04 -2.1065356761e-05
27                 5.6310209122e-03 1.7830012942e-02 6.1963209521e-04 2.5466092011e-03 1.7682337594e-02 6.4091753766e-04 3.0844117111e-03 1.4767534741e-04 -2.1285442453e-05
28                 5.6201600213e-03 1.7427821379e-02 6.2089756755e-04 2.5762207057e-03 1.7278748929e-02 6.4238496773e-04 3.0439393157e-03 1.4907245034e-04 -2.1487400185e-05
29                 5.6153649326e-03 1.7255642545e-02 6.2192891155e-04 2.6094173636e-03 1.7105352371e-02 6.4366998640e-04 3.0059475690e-03 1.5029017434e-04 -2.1741074842e-05
30                 5.5801139678e-03 1.7068350887e-02 6.2004764407e-04 2.6101553926e-03 1.6916425750e-02 6.4207031758e-04 2.9699585752e-03 1.5192513649e-04 -2.2022673509e-05
31                 5.5344142930e-03 1.6813760619e-02 6.1688246503e-04 2.5973310786e-03 1.6661059248e-02 6.3915305512e-04 2.9370832145e-03 1.5270137109e-04 -2.2270590084e-05
32                 5.5115835371e-03 1.6525789859e-02 6.1547789520e-04 2.6040979180e-03 1.6372055494e-02 6.3795225895e-04 2.9074856191e-03 1.5373436540e-04 -2.2474363753e-05
33                 5.4959987934e-03 1.6237189863e-02 6.1644646026e-04 2.6153843348e-03 1.6082964399e-02 6.3909915828e-04 2.8806144586e-03 1.5422546388e-04 -2.2652698021e-05
34                 5.4805996829e-03 1.5991480122e-02 6.1773037959e-04 2.6248223794e-03 1.5836452576e-02 6.4055765499e-04 2.8557773035e-03 1.5502754534e-04 -2.2827275394e-05
35                 5.4650382634e-03 1.5767697272e-02 6.1760023066e-04 2.6316860293e-03 1.5612470071e-02 6.4061525824e-04 2.8333522341e-03 1.5522720082e-04 -2.3015027576e-05
36                 5.4502656907e-03 1.5492741630e-02 6.1639630878e-04 2.6371168187e-03 1.5337124479e-02 6.3959998085e-04 2.8131488720e-03 1.5561715112e-04 -2.3203672073e-05
37                 5.4344760611e-03 1.5203881781e-02 6.1528013398e-04 2.6397877502e-03 1.5048300910e-02 6.3866246578e-04 2.7946883108e-03 1.5558087122e-04 -2.3382331800e-05
38                 5.4208664468e-03 1.4936500855e-02 6.1492156753e-04 2.6433048335e-03 1.4780551593e-02 6.3846536658e-04 2.7775616133e-03 1.5594926172e-04 -2.3543799052e-05
39                 5.4097883812e-03 1.4679316635e-02 6.1513647775e-04 2.6478681641e-03 1.4523501641e-02 6.3883163557e-04 2.7619202171e-03 1.5581499363e-04 -2.3695157818e-05
40                 5.4025438529e-03 1.4421999761e-02 6.1533988800e-04 2.6549106369e-03 1.4266206847e-02 6.3919176452e-04 2.7476332161e-03 1.5579291435e-04 -2.3851876518e-05
41                 5.3942559951e-03 1.4167749002e-02 6.1519000842e-04 2.6597907571e-03 1.4012468040e-02 6.3920974050e-04 2.7344652380e-03 1.5528096152e-04 -2.4019732082e-05
42                 5.3865047414e-03 1.3936020522e-02 6.1473950756e-04 2.6644020384e-03 1.3780932655e-02 6.3893074456e-04 2.7221027030e-03 1.5508786643e-04 -2.4191236996e-05
43                 5.3791723501e-03 1.3721404617e-02 6.1429788931e-04 2.6686578270e-03 1.3566782519e-02 6.3866278441e-04 2.7105145232e-03 1.5462209751e-04 -2.4364895098e-05
44                 5.3738275149e-03 1.3517969507e-02 6.1403972885e-04 2.6742265245e-03 1.3363495146e-02 6.3858163745e-04 2.6996009904e-03 1.5447436166e-04 -2.4541908598e-05
45                 5.3687456771e-03 1.3329974141e-02 6.1389262439e-04 2.6793930577e-03 1.3175975529e-02 6.3861996533e-04 2.6893526193e-03 1.5399861189e-04 -2.4727340945e-05
46                 5.3654092843e-03 1.3164875881e-02 6.1374262093e-04 2.6857093527e-03 1.3011071728e-02 6.3866894035e-04 2.6796999317e-03 1.5380415294e-04 -2.4926319427e-05
47                 5.3626030015e-03 1.3018226151e-02 6.1351298962e-04 2.6919258936e-03 1.2864890881e-02 6.3865090914e-04 2.6706771079e-03 1.5333527004e-04 -2.5137919512e-05
48                 5.3610449971e-03 1.2886069229e-02 6.1321774560e-04 2.6988469150e-03 1.2732887503e-02 6.3857619039e-04 2.6621980822e-03 1.5318172651e-04 -2.5358444790e-05
49                 5.3588161190e-03 1.2763648306e-02 6.1291185561e-04 2.7046212930e-03 1.2610868355e-02 6.3849707270e-04 2.6541948260e-03 1.5277995105e-04 -2.5585217092e-05
50                 5.3572221154e-03 1.2654109083e-02 6.1262700626e-04 2.7106224460e-03 1.2501441977e-02 6.3844437254e-04 2.6465996694e-03 1.5266710630e-04 -2.5817366280e-05
51                 5.3555573188e-03 1.2555708057e-02 6.1238191016e-04 2.7161187713e-03 1.2403409099e-02 6.3843561906e-04 2.6394385476e-03 1.5229895805e-04 -2.6053708892e-05
52                 5.3551703803e-03 1.2468202965e-02 6.1218269284e-04 2.7224472234e-03 1.2316000453e-02 6.3847525960e-04 2.6327231569e-03 1.5220251148e-04 -2.6292566758e-05
53                 5.3545219043e-03 1.2386057360e-02 6.1201079213e-04 2.7280736607e-03 1.2234198094e-02 6.3854137387e-04 2.6264482436e-03 1.5185926677e-04 -2.6530581744e-05
54                 5.3543935178e-03 1.2309173847e-02 6.1183492086e-04 2.7338331808e-03 1.2157391666e-02 6.3859956930e-04 2.6205603371e-03 1.5178218112e-04 -2.6764648443e-05
55                 5.3535956760e-03 1.2234778707e-02 6.1162740543e-04 2.7385765436e-03 1.2083313554e-02 6.3862009507e-04 2.6150191323e-03 1.5146515221e-04 -2.6992689646e-05
56                 5.3534142773e-03 1.2164609867e-02 6.1140368662e-04 2.7436062451e-03 1.2013208309e-02 6.3861676423e-04 2.6098080322e-03 1.5140155855e-04 -2.7213077613e-05
57                 5.3528987877e-03 1.2095934874e-02 6.1120495142e-04 2.7479706692e-03 1.1944843093e-02 6.3862813221e-04 2.6049281185e-03 1.5109178031e-04 -2.7423180795e-05
58                 5.3530740822e-03 1.2029641967e-02 6.1106559024e-04 2.7527038273e-03 1.1878621879e-02 6.3868712683e-04 2.6003702549e-03 1.5102008743e-04 -2.7621536594e-05
59                 5.3527366467e-03 1.1962846565e-02 6.1097387489e-04 2.7566320425e-03 1.1812146923e-02 6.3878106531e-04 2.5961046042e-03 1.5069964156e-04 -2.7807190417e-05
60                 5.3528907130e-03 1.1896993555e-02 6.1089020690e-04 2.7607855871e-03 1.1746381486e-02 6.3887068517e-04 2.5921051258e-03 1.5061206901e-04 -2.7980478277e-05
61                 5.3524858037e-03 1.1829783293e-02 6.1078038267e-04 2.7641402257e-03 1.1679502440e-02 6.3892085956e-04 2.5883455780e-03 1.5028085254e-04 -2.8140476888e-05
62                 5.3526331052e-03 1.1762974281e-02 6.1064553468e-04 2.7678119000e-03 1.1612794242e-02 6.3893356453e-04 2.5848212052e-03 1.5018003970e-04 -2.8288029844e-05
63                 5.3522871441e-03 1.1694345228e-02 6.1051056915e-04 2.7707731071e-03 1.1544512176e-02 6.3893347217e-04 2.5815140370e-03 1.4983305178e-04 -2.8422903018e-05
64                 5.3524997311e-03 1.1625701232e-02 6.1040655591e-04 2.7740795258e-03 1.1475988338e-02 6.3895249656e-04 2.5784202053e-03 1.4971289478e-04 -2.8545940652e-05
65                 5.3521787795e-03 1.1554781578e-02 6.1033501283e-04 2.7766632206e-03 1.1405431265e-02 6.3899215573e-04 2.5755155589e-03 1.4935031258e-04 -2.8657142901e-05
66                 5.3523325008e-03 1.1483800720e-02 6.1027516682e-04 2.7795358789e-03 1.1334580689e-02 6.3903266179e-04 2.5727966220e-03 1.4922003150e-04 -2.8757494964e-05
67                 5.3519954428e-03 1.1409522077e-02 6.1020578625e-04 2.7817491599e-03 1.1260669969e-02 6.3905319346e-04 2.5702462829e-03 1.4885210810e-04 -2.8847407204e-05
68                 5.3521533243e-03 1.1334383354e-02 6.1011943022e-04 2.7842832322e-03 1.1185667429e-02 6.3904793811e-04 2.5678700921e-03 1.4871592529e-04 -2.8928507889e-05
69                 5.3517407668e-03 1.1256156062e-02 6.1002647165e-04 2.7860874200e-03 1.1107815314e-02 6.3902730908e-04 2.5656533468e-03 1.4834074756e-04 -2.9000837424e-05
70                 5.3518103812e-03 1.1176033665e-02 6.0994701822e-04 2.7882035478e-03 1.1027843536e-02 6.3901165392e-04 2.5636068334e-03 1.4819012862e-04 -2.9064635699e-05
71                 5.3512998837e-03 1.1091837200e-02 6.0988280888e-04 2.7895860171e-03 1.0944040735e-02 6.3900266492e-04 2.5617138666e-03 1.4779646487e-04 -2.9119856044e-05
72                 5.3512224747e-03 1.1005434116e-02 6.0982828530e-04 2.7912389979e-03 1.0857806600e-02 6.3899556540e-04 2.5599834768e-03 1.4762751574e-04 -2.9167280097e-05
73                 5.3505147888e-03 1.0915004315e-02 6.0977195928e-04 2.7921191001e-03 1.0767786632e-02 6.3897875208e-04 2.5583956887e-03 1.4721768260e-04 -2.9206792803e-05
74                 5.3502113888e-03 1.0822651856e-02 6.0971296395e-04 2.7932625964e-03 1.0675615466e-02 6.3895201461e-04 2.5569487924e-03 1.4703639060e-04 -2.9239050666e-05
75                 5.3492792677e-03 1.0727094423e-02 6.0965286419e-04 2.7936704814e-03 1.0580472642e-02 6.3891683076e-04 2.5556087863e-03 1.4662178124e-04 -2.9263966572e-05
76                 5.3487746941e-03 1.0631006698e-02 6.0959994437e-04 2.7944053787e-03 1.0484568423e-02 6.3888149193e-04 2.5543693154e-03 1.4643827512e-04 -2.9281547556e-05
77                 5.3476601395e-03 1.0533555276e-02 6.0955200980e-04 2.7944571285e-03 1.0387532904e-02 6.3884367488e-04 2.5532030110e-03 1.4602237183e-04 -2.9291665078e-05
78                 5.3469859846e-03 1.0437582167e-02 6.0950812349e-04 2.7948842479e-03 1.0291745467e-02 6.3880297750e-04 2.5521017368e-03 1.4583669967e-04 -2.9294854002e-05
79                 5.3457621143e-03 1.0342445203e-02 6.0946375845e-04 2.7947273739e-03 1.0197023250e-02 6.3875476171e-04 2.5510347404e-03 1.4542195281e-04 -2.9291003259e-05
80                 5.3450490474e-03 1.0251052541e-02 6.0941796105e-04 2.7950479499e-03 1.0105813437e-02 6.3869914022e-04 2.5500010975e-03 1.4523910404e-04 -2.9281179172e-05
81                 5.3438399131e-03 1.0162625211e-02 6.0936814633e-04 2.7948635197e-03 1.0017792209e-02 6.3863476962e-04 2.5489763934e-03 1.4483300264e-04 -2.9266623291e-05
82                 5.3431602177e-03 1.0079733422e-02 6.0932101462e-04 2.7951968130e-03 9.9350705204e-03 6.3856918117e-04 2.5479634047e-03 1.4466290145e-04 -2.9248166550e-05
83                 5.3420198163e-03 1.0001155213e-02 6.0927632634e-04 2.7950740525e-03 9.8568762744e-03 6.3850337018e-04 2.5469457639e-03 1.4427893877e-04 -2.9227043836e-05
84                 5.3414628497e-03 9.9289116875e-03 6.0923684033e-04 2.7955264427e-03 9.7847771100e-03 6.3844043284e-04 2.5459364070e-03 1.4413457743e-04 -2.9203592513e-05
85                 5.3404890218e-03 9.8611920316e-03 6.0919575001e-04 2.7955616554e-03 9.7174102631e-03 6.3837487920e-04 2.5449273665e-03 1.4378176847e-04 -2.9179129183e-05
86                 5.3401052180e-03 9.7993876173e-03 6.0915431294e-04 2.7961676551e-03 9.6557219369e-03 6.3830845545e-04 2.5439375629e-03 1.4366568031e-04 -2.9154142502e-05
87                 5.3393037980e-03 9.7411529194e-03 6.0910898721e-04 2.7963415649e-03 9.5978127383e-03 6.3823906753e-04 2.5429622331e-03 1.4334018119e-04 -2.9130080324e-05
88                 5.3390687669e-03 9.6875312158e-03 6.0906483446e-04 2.7970462570e-03 9.5442853405e-03 6.3817138150e-04 2.5420225099e-03 1.4324587537e-04 -2.9106547041e-05
89                 5.3383832736e-03 9.6359004301e-03 6.0901750949e-04 2.7972716672e-03 9.4929577484e-03 6.3810223013e-04 2.5411116064e-03 1.4294268166e-04 -2.9084720642e-05
90                 5.3382198821e-03 9.5872502979e-03 6.0897073839e-04 2.7979718465e-03 9.4443828569e-03 6.3803455435e-04 2.5402480356e-03 1.4286744099e-04 -2.9063815953e-05
91                 5.3375735058e-03 9.5392467511e-03 6.0892122174e-04 2.7981522161e-03 9.3966619321e-03 6.3796574924e-04 2.5394212897e-03 1.4258481907e-04 -2.9044527497e-05
92                 5.3374138809e-03 9.4930747946e-03 6.0887151342e-04 2.7987670542e-03 9.3505484671e-03 6.3789763081e-04 2.5386468267e-03 1.4252632749e-04 -2.9026117387e-05
93                 5.3367540213e-03 9.4466153278e-03 6.0881751891e-04 2.7988443283e-03 9.3043546033e-03 6.3782689326e-04 2.5379096930e-03 1.4226072445e-04 -2.9009374345e-05
94                 5.3365647696e-03 9.4013492161e-03 6.0876283201e-04 2.7993433295e-03 9.2591327083e-03 6.3775604952e-04 2.5372214401e-03 1.4221650776e-04 -2.8993217506e-05
95                 5.3358611497e-03 9.3553871974e-03 6.0870472421e-04 2.7992968887e-03 9.2134213988e-03 6.3768275438e-04 2.5365642610e-03 1.4196579855e-04 -2.8978030177e-05
96                 5.3356194016e-03 9.3104464014e-03 6.0864821733e-04 2.7996710808e-03 9.1685125903e-03 6.3761147653e-04 2.5359483208e-03 1.4193381113e-04 -2.8963259197e-05
97                 5.3348694091e-03 9.2650816337e-03 6.0859126011e-04 2.7995153932e-03 9.1233858735e-03 6.3754086943e-04 2.5353540159e-03 1.4169576023e-04 -2.8949609320e-05
98                 5.3345915512e-03 9.2209834643e-03 6.0853558318e-04 2.7997998898e-03 9.0793090910e-03 6.3747210566e-04 2.5347916614e-03 1.4167437325e-04 -2.8936522482e-05
99                 5.3338210581e-03 9.1767311957e-03 6.0847662672e-04 2.7995789714e-03 9.0352845331e-03 6.3740128671e-04 2.5342420868e-03 1.4144666264e-04 -2.8924659988e-05
100                5.3335449459e-03 9.1341103517e-03 6.0841801382e-04 2.7998268891e-03 8.9926764517e-03 6.3733135577e-04 2.5337180568e-03 1.4143389997e-04 -2.8913341944e-05
101                5.3327980591e-03 9.0917445096e-03 6.0835968851e-04 2.7995964935e-03 8.9505295438e-03 6.3726292459e-04 2.5332015656e-03 1.4121496576e-04 -2.8903236077e-05
102                5.3325615837e-03 9.0513222622e-03 6.0830342190e-04 2.7998543313e-03 8.9101119126e-03 6.3719698102e-04 2.5327072524e-03 1.4121034959e-04 -2.8893559115e-05
103                5.3318594897e-03 9.0114232891e-03 6.0824496575e-04 2.7996413178e-03 8.8704236629e-03 6.3713034405e-04 2.5322181719e-03 1.4099962625e-04 -2.8885378300e-05
104                5.3316690091e-03 8.9734849952e-03 6.0818898761e-04 2.7999190054e-03 8.8324828879e-03 6.3706662015e-04 2.5317500037e-03 1.4100210733e-04 -2.8877632536e-05
105                5.3310132487e-03 8.9360697229e-03 6.0813283526e-04 2.7997259814e-03 8.7952716815e-03 6.3700403716e-04 2.5312872672e-03 1.4079804136e-04 -2.8871201904e-05
106                5.3308744826e-03 8.9006791363e-03 6.0808011742e-04 2.8000278656e-03 8.7598727776e-03 6.3694532508e-04 2.5308466170e-03 1.4080635870e-04 -2.8865207661e-05
107                5.3302630231e-03 8.8656775058e-03 6.0802520706e-04 2.7998507777e-03 8.7250695312e-03 6.3688568571e-04 2.5304122454e-03 1.4060797460e-04 -2.8860478655e-05
108                5.3301635790e-03 8.8324921882e-03 6.0797192116e-04 2.8001629758e-03 8.6918708812e-03 6.3682790130e-04 2.5300006032e-03 1.4062130698e-04 -2.8855980138e-05
109                5.3295860412e-03 8.7995463682e-03 6.0791910026e-04 2.7999896219e-03 8.6591183853e-03 6.3677158043e-04 2.5295964193e-03 1.4042798290e-04 -2.8852480169e-05
110                5.3295164815e-03 8.7682610660e-03 6.0787196150e-04 2.8003011395e-03 8.6278145830e-03 6.3672083607e-04 2.5292153420e-03 1.4044648302e-04 -2.8848874570e-05
111                5.3289561755e-03 8.7370630084e-03 6.0782547534e-04 2.8001147857e-03 8.5968043907e-03 6.3667155547e-04 2.5288413897e-03 1.4025861769e-04 -2.8846080129e-05
112                5.3288998134e-03 8.7073773762e-03 6.0778169519e-04 2.8004102522e-03 8.5670953064e-03 6.3662487350e-04 2.5284895612e-03 1.4028206978e-04 -2.8843178303e-05
113                5.3283500014e-03 8.6776854607e-03 6.0773717518e-04 2.8002063979e-03 8.5375861752e-03 6.3657822574e-04 2.5281436035e-03 1.4009928545e-04 -2.8841050563e-05
114                5.3283057811e-03 8.6494457937e-03 6.0769604678e-04 2.8004877558e-03 8.5093176545e-03 6.3653477217e-04 2.5278180253e-03 1.4012813921e-04 -2.8838725386e-05
115                5.3277668437e-03 8.6211663833e-03 6.0765464738e-04 2.8002703227e-03 8.4812154291e-03 6.3649174523e-04 2.5274965210e-03 1.3995095421e-04 -2.8837097851e-05
116                5.3277301993e-03 8.5947444301e-03 6.0761676867e-04 2.8005371984e-03 8.4547585805e-03 6.3645196340e-04 2.5271930009e-03 1.3998584962e-04 -2.8835194733e-05
117                5.3272060612e-03 8.5669207905e-03 6.0757744976e-04 2.8003136424e-03 8.4271058938e-03 6.3641148309e-04 2.5268924189e-03 1.3981489667e-04 -2.8834033332e-05
118                5.3271916033e-03 8.5421523378e-03 6.0754186154e-04 2.8005831145e-03 8.4022983118e-03 6.3637449899e-04 2.5266084888e-03 1.3985402599e-04 -2.8832637448e-05
119                5.3266983457e-03 8.5164800909e-03 6.0750493524e-04 2.8003713304e-03 8.3767923542e-03 6.3633695368e-04 2.5263270153e-03 1.3968773677e-04 -2.8832018433e-05
120                5.3266796659e-03 8.4918348527e-03 6.0747008304e-04 2.8006182873e-03 8.3521024709e-03 6.3630130532e-04 2.5260613786e-03 1.3973238177e-04 -2.8831222283e-05
121                5.3262060763e-03 8.4674868542e-03 6.0743408599e-04 2.8004084937e-03 8.3279176312e-03 6.3626520308e-04 2.5257975826e-03 1.3956922297e-04 -2.8831117093e-05
122                5.3262175346e-03 8.4444132292e-03 6.0740095732e-04 2.8006676438e-03 8.3047964029e-03 6.3623173588e-04 2.5255498907e-03 1.3961682627e-04 -2.8830778564e-05
123                5.3257611951e-03 8.4209441085e-03 6.0736782367e-04 2.8004570295e-03 8.2814873307e-03 6.3619892773e-04 2.5253041656e-03 1.3945677781e-04 -2.8831104065e-05
124                5.3257807296e-03 8.3985269862e-03 6.0733795192e-04 2.8007066340e-03 8.2590197238e-03 6.3616904289e-04 2.5250740955e-03 1.3950726237e-04 -2.8831090966e-05
125                5.3253324464e-03 8.3759287928e-03 6.0730704901e-04 2.8004866922e-03 8.2365789395e-03 6.3613858137e-04 2.5248457541e-03 1.3934985338e-04 -2.8831532361e-05
126                5.3253612099e-03 8.3543573138e-03 6.0727872913e-04 2.8007285050e-03 8.2149547765e-03 6.3611021763e-04 2.5246327049e-03 1.3940253730e-04 -2.8831488507e-05
127                5.3249174705e-03 8.3324240688e-03 6.0725015085e-04 2.8004964627e-03 8.1931767342e-03 6.3608202386e-04 2.5244210078e-03 1.3924733464e-04 -2.8831873011e-05
128                5.3249489409e-03 8.3114522774e-03 6.0722459173e-04 2.8007252823e-03 8.1721501414e-03 6.3605636644e-04 2.5242236586e-03 1.3930213591e-04 -2.8831774709e-05
129                5.3245080422e-03 8.2901548930e-03 6.0719792562e-04 2.8004812749e-03 8.1510057429e-03 6.3603006968e-04 2.5240267674e-03 1.3914915008e-04 -2.8832144064e-05
130                5.3245438115e-03 8.2698112570e-03 6.0717360463e-04 2.8007005869e-03 8.1306052935e-03 6.3600564097e-04 2.5238432246e-03 1.3920596354e-04 -2.8832036344e-05
131                5.3241062661e-03 8.2491300274e-03 6.0714813068e-04 2.8004468624e-03 8.1100749658e-03 6.3598053523e-04 2.5236594037e-03 1.3905506158e-04 -2.8832404555e-05
132                5.3241460263e-03 8.2294078033e-03 6.0712499894e-04 2.8006579885e-03 8.0902940987e-03 6.3595736110e-04 2.5234880378e-03 1.3911370461e-04 -2.8832362165e-05
133                5.3237138969e-03 8.2093822346e-03 6.0710069873e-04 2.8003981722e-03 8.0704176373e-03 6.3593350965e-04 2.5233157247e-03 1.3896459732e-04 -2.8832810914e-05
134                5.3237608784e-03 8.1903440457e-03 6.0707862350e-04 2.8006057447e-03 8.0513191705e-03 6.3591148398e-04 2.5231551337e-03 1.3902487525e-04 -2.8832860475e-05
135                5.3233358485e-03 8.1710411930e-03 6.0705523802e-04 2.8003428976e-03 8.0321636851e-03 6.3588867322e-04 2.5229929510e-03 1.3887750793e-04 -2.8833435194e-05
136                5.3233894958e-03 8.1527380790e-03 6.0703405299e-04 2.8005477798e-03 8.0137984809e-03 6.3586765945e-04 2.5228417160e-03 1.3893959815e-04 -2.8833606461e-05
137                5.3229702645e-03 8.1341818171e-03 6.0701190916e-04 2.8002820359e-03 7.9953878058e-03 6.3584630801e-04 2.5226882285e-03 1.3879401126e-04 -2.8834398842e-05
138                5.3230315109e-03 8.1166351201e-03 6.0699264523e-04 2.8004863102e-03 7.9777770830e-03 6.3582744126e-04 2.5225452007e-03 1.3885803708e-04 -2.8834796027e-05
139                5.3226190770e-03 8.0988566516e-03 6.0697242460e-04 2.8002194377e-03 7.9601424339e-03 6.3580809839e-04 2.5223996393e-03 1.3871421764e-04 -2.8835673796e-05
140                5.3226888458e-03 8.0820994478e-03 6.0695416376e-04 2.8004247375e-03 7.9433192327e-03 6.3579027485e-04 2.5222641083e-03 1.3878021514e-04 -2.8836111084e-05
141                5.3222833477e-03 8.0651285506e-03 6.0693434023e-04 2.8001577239e-03 7.9264904099e-03 6.3577138612e-04 2.5221256238e-03 1.3863814072e-04 -2.8837045888e-05
142                5.3223608825e-03 8.0491732033e-03 6.0691666778e-04 2.8003640336e-03 7.9104670197e-03 6.3575421803e-04 2.5219968489e-03 1.3870618364e-04 -2.8837550252e-05
143                5.3219617942e-03 8.0330018288e-03 6.0689794301e-04 2.8000968102e-03 7.8944361712e-03 6.3573651022e-04 2.5218649840e-03 1.3856565761e-04 -2.8838567213e-05
144                5.3220483263e-03 8.0178461124e-03 6.0688174592e-04 2.8003058143e-03 7.8792105332e-03 6.3572094406e-04 2.5217425120e-03 1.3863557917e-04 -2.8839198135e-05
145                5.3216561337e-03 8.0024784213e-03 6.0686444757e-04 2.8000393214e-03 7.8639817783e-03 6.3570483339e-04 2.5216168123e-03 1.3849664298e-04 -2.8840385820e-05
146                5.3217516637e-03 7.9881128696e-03 6.0684914730e-04 2.8002514228e-03 7.8495444852e-03 6.3569032787e-04 2.5215002409e-03 1.3856838446e-04 -2.8841180569e-05
147                5.3213683604e-03 7.9735226701e-03 6.0683225922e-04 2.7999877777e-03 7.8350917424e-03 6.3567475770e-04 2.5213805827e-03 1.3843092773e-04 -2.8842498475e-05
148                5.3214738855e-03 7.9599054708e-03 6.0681728087e-04 2.8002039152e-03 7.8214011238e-03 6.3566071271e-04 2.5212699703e-03 1.3850434695e-04 -2.8843431840e-05
149                5.3210976906e-03 7.9460454439e-03 6.0680096669e-04 2.7999413678e-03 7.8076770607e-03 6.3564582245e-04 2.5211563229e-03 1.3836838327e-04 -2.8844855756e-05
150                5.3212103649e-03 7.9331348019e-03 6.0678673198e-04 2.8001589574e-03 7.7946912578e-03 6.3563266119e-04 2.5210514075e-03 1.3844354408e-04 -2.8845929204e-05
151                5.3208397699e-03 7.9199676909e-03 6.0677125706e-04 2.7998963171e-03 7.7816586069e-03 6.3561866620e-04 2.5209434528e-03 1.3830908398e-04 -2.8847409138e-05
152                5.3209595779e-03 7.9077233307e-03 6.0675781236e-04 2.8001152937e-03 7.7693373788e-03 6.3560625273e-04 2.5208442842e-03 1.3838595192e-04 -2.8848440369e-05
153                5.3205937425e-03 7.8951939296e-03 6.0674300179e-04 2.7998514933e-03 7.7569410625e-03 6.3559289325e-04 2.5207422492e-03 1.3825286715e-04 -2.8849891469e-05
154                5.3207185907e-03 7.8835625815e-03 6.0673024573e-04 2.8000697228e-03 7.7452313564e-03 6.3558115658e-04 2.5206488679e-03 1.3833122506e-04 -2.8850910852e-05
155                5.3203568902e-03 7.8716211664e-03 6.0671611694e-04 2.7998042739e-03 7.7334217449e-03 6.3556846188e-04 2.5205526163e-03 1.3819942156e-04 -2.8852344946e-05
156                5.3204877781e-03 7.8605452260e-03 6.0670413062e-04 2.8000231740e-03 7.7222660093e-03 6.3555750149e-04 2.5204646041e-03 1.3827921663e-04 -2.8853370860e-05
157                5.3201319083e-03 7.8491474043e-03 6.0669086707e-04 2.7997584810e-03 7.7109988300e-03 6.3554565129e-04 2.5203734273e-03 1.3814857436e-04 -2.8854784220e-05
158                5.3202693045e-03 7.8386031975e-03 6.0667944945e-04 2.7999789581e-03 7.7003736466e-03 6.3553523421e-04 2.5202903463e-03 1.3822955090e-04 -2.8855784758e-05
159                5.3199170452e-03 7.8277319986e-03 6.0666678180e-04 2.7997128274e-03 7.6896319858e-03 6.3552397506e-04 2.5202042178e-03 1.3810001279e-04 -2.8857193265e-05
160                5.3200607491e-03 7.8177093401e-03 6.0665631130e-04 2.7999347202e-03 7.6795272222e-03 6.3551449231e-04 2.5201260289e-03 1.3818211795e-04 -2.8858181009e-05
161                5.3197166107e-03 7.8073552191e-03 6.0664456936e-04 2.7996719102e-03 7.6693013422e-03 6.3550415024e-04 2.5200447004e-03 1.3805387686e-04 -2.8859580879e-05
162                5.3198664404e-03 7.7978318917e-03 6.0663457047e-04 2.7998954363e-03 7.6596946383e-03 6.3549512522e-04 2.5199710041e-03 1.3813725337e-04 -2.8860554746e-05
163                5.3195251264e-03 7.7879782124e-03 6.0662291048e-04 2.7996310294e-03 7.6499678795e-03 6.3548484722e-04 2.5198940970e-03 1.3801033287e-04 -2.8861936740e-05
164                5.3196785781e-03 7.7790160447e-03 6.0661335847e-04 2.7998541001e-03 7.6409213114e-03 6.3547624288e-04 2.5198244781e-03 1.3809473335e-04 -2.8862884409e-05
165                5.3193406083e-03 7.7695602909e-03 6.0660269127e-04 2.7995890682e-03 7.6315913307e-03 6.3546690910e-04 2.5197515401e-03 1.3796896018e-04 -2.8864217825e-05
166                5.3195020393e-03 7.7610766839e-03 6.0659389572e-04 2.7998159583e-03 7.6230225000e-03 6.3545903076e-04 2.5196860811e-03 1.3805418396e-04 -2.8865135039e-05
167                5.3191626658e-03 7.7522037923e-03 6.0658374893e-04 2.7995457460e-03 7.6142743929e-03 6.3545021988e-04 2.5196169198e-03 1.3792939938e-04 -2.8866470955e-05
168                5.3193488783e-03 7.7440294846e-03 6.0657527055e-04 2.7997936459e-03 7.6060140402e-03 6.3544263262e-04 2.5195552323e-03 1.3801544436e-04 -2.8867362073e-05
169                5.3190074623e-03 7.7356011875e-03 6.0656539155e-04 2.7995178059e-03 7.5977094403e-03 6.3543404067e-04 2.5194896565e-03 1.3789174719e-04 -2.8868649117e-05
170                5.3191874381e-03 7.7279026272e-03 6.0655719800e-04 2.7997561243e-03 7.5899237834e-03 6.3542669339e-04 2.5194313138e-03 1.3797884381e-04 -2.8869495397e-05
171                5.3188516490e-03 7.7198727275e-03 6.0654790575e-04 2.7994826076e-03 7.5820163917e-03 6.3541861599e-04 2.5193690414e-03 1.3785633587e-04 -2.8870710237e-05
172                5.3190396968e-03 7.7125216751e-03 6.0654049868e-04 2.7997257865e-03 7.5745773561e-03 6.3541199110e-04 2.5193139104e-03 1.3794431901e-04 -2.8871492426e-05
173                5.3187075668e-03 7.7048427573e-03 6.0653182322e-04 2.7994529356e-03 7.5670198996e-03 6.3540450528e-04 2.5192546312e-03 1.3782285780e-04 -2.8872682062e-05
174                5.3188974400e-03 7.6978474041e-03 6.0652461674e-04 2.7996951019e-03 7.5599358601e-03 6.3539807582e-04 2.5192023381e-03 1.3791154407e-04 -2.8873459080e-05
175                5.3185683227e-03 7.6905088555e-03 6.0651594957e-04 2.7994225091e-03 7.5527179005e-03 6.3539058630e-04 2.5191458135e-03 1.3779095506e-04 -2.8874636729e-05
176                5.3187605155e-03 7.6838292548e-03 6.0650887598e-04 2.7996643050e-03 7.5459490426e-03 6.3538426516e-04 2.5190962104e-03 1.3788021222e-04 -2.8875389175e-05
177                5.3184464323e-03 7.6769433326e-03 6.0650078702e-04 2.7994040698e-03 7.5391828665e-03 6.3537730499e-04 2.5190423625e-03 1.3776046604e-04 -2.8876517975e-05
178                5.3186195000e-03 7.6708315638e-03 6.0649460020e-04 2.7996243967e-03 7.5329811624e-03 6.3537177454e-04 2.5189951034e-03 1.3785040140e-04 -2.8877174338e-05
179                5.3182997781e-03 7.6640095168e-03 6.0648664870e-04 2.7993560635e-03 7.5262779397e-03 6.3536482411e-04 2.5189437146e-03 1.3773157707e-04 -2.8878175414e-05
180                5.3185120835e-03 7.6580333173e-03 6.0648003959e-04 2.7996122879e-03 7.5202112686e-03 6.3535876047e-04 2.5188997956e-03 1.3782204877e-04 -2.8878720878e-05
181                5.3182003572e-03 7.6519318934e-03 6.0647278602e-04 2.7993488420e-03 7.5142277577e-03 6.3535244623e-04 2.5188515151e-03 1.3770413575e-04 -2.8879660209e-05
182                5.3183974453e-03 7.6464113768e-03 6.0646767111e-04 2.7995872124e-03 7.5086159937e-03 6.3534785902e-04 2.5188102328e-03 1.3779538310e-04 -2.8880187914e-05
183                5.3180786344e-03 7.6403775850e-03 6.0646142793e-04 2.7993141430e-03 7.5026991630e-03 6.3534257175e-04 2.5187644914e-03 1.3767842201e-04 -2.8881143823e-05
184                5.3182746141e-03 7.6345682582e-03 6.0645566081e-04 2.7995487825e-03 7.4967980001e-03 6.3533741478e-04 2.5187258316e-03 1.3777025807e-04 -2.8881753974e-05
185                5.3179737105e-03 7.6292845778e-03 6.0644927422e-04 2.7992913987e-03 7.4916303173e-03 6.3533210341e-04 2.5186823118e-03 1.3765426045e-04 -2.8882829191e-05
186                5.3181745546e-03 7.6239694139e-03 6.0644394212e-04 2.7995292856e-03 7.4862226296e-03 6.3532745355e-04 2.5186452690e-03 1.3774678429e-04 -2.8883511432e-05
187                5.3178569414e-03 7.6180945953e-03 6.0643669934e-04 2.7992534263e-03 7.4804634404e-03 6.3532127625e-04 2.5186035151e-03 1.3763115497e-04 -2.8884576916e-05
188                5.3180639570e-03 7.6131229906e-03 6.0643046668e-04 2.7994953796e-03 7.4753993686e-03 6.3531567633e-04 2.5185685774e-03 1.3772362201e-04 -2.8885209650e-05
189                5.3177609531e-03 7.6078701320e-03 6.0642328142e-04 2.7992322622e-03 7.4702618175e-03 6.3530954684e-04 2.5185286909e-03 1.3760831447e-04 -2.8886265416e-05
190                5.3179695924e-03 7.6031390484e-03 6.0641881124e-04 2.7994741168e-03 7.4654382064e-03 6.3530572429e-04 2.5184954756e-03 1.3770084194e-04 -2.8886913049e-05
191                5.3176648327e-03 7.5979959897e-03 6.0641381842e-04 2.7992075122e-03 7.4604101044e-03 6.3530175887e-04 2.5184573205e-03 1.3758588530e-04 -2.8887940451e-05
192                5.3178754845e-03 7.5935524040e-03 6.0640979985e-04 2.7994496022e-03 7.4558734341e-03 6.3529828551e-04 2.5184258823e-03 1.3767896988e-04 -2.8888485660e-05
193                5.3175748040e-03 7.5887456921e-03 6.0640328514e-04 2.7991854131e-03 7.4511807716e-03 6.3529268830e-04 2.5183893909e-03 1.3756492048e-04 -2.8889403154e-05
194                5.3177869019e-03 7.5845547631e-03 6.0639749741e-04 2.7994273299e-03 7.4468960601e-03 6.3528737710e-04 2.5183595720e-03 1.3765870298e-04 -2.8889879694e-05
195                5.3174871344e-03 7.5799398079e-03 6.0639090160e-04 2.7991624615e-03 7.4423944952e-03 6.3528166678e-04 2.5183246728e-03 1.3754531274e-04 -2.8890765179e-05
196                5.3177003652e-03 7.5759524792e-03 6.0638683719e-04 2.7994038791e-03 7.4383128985e-03 6.3527804373e-04 2.5182964862e-03 1.3763958066e-04 -2.8891206543e-05
197                5.3174032780e-03 7.5715458912e-03 6.0638226079e-04 2.7991401217e-03 7.4340191574e-03 6.3527430807e-04 2.5182631564e-03 1.3752673388e-04 -2.8892047285e-05
198                5.3176189701e-03 7.5677675411e-03 6.0637895623e-04 2.7993824552e-03 7.4301460824e-03 6.3527139600e-04 2.5182365149e-03 1.3762145873e-04 -2.8892439776e-05
199                5.3173247973e-03 7.5635600125e-03 6.0637384613e-04 2.7991200624e-03 7.4260508520e-03 6.3526710122e-04 2.5182047349e-03 1.3750916051e-04 -2.8893255091e-05
200                5.3175428185e-03 7.5599736268e-03 6.0637009107e-04 2.7993631213e-03 7.4223693138e-03 6.3526371330e-04 2.5181796972e-03 1.3760431301e-04 -2.8893622237e-05
201                5.3172510514e-03 7.5559413345e-03 6.0636541860e-04 2.7991015962e-03 7.4184488724e-03 6.3525983774e-04 2.5181494551e-03 1.3749246208e-04 -2.8894419135e-05
202                5.3174706598e-03 7.5525346020e-03 6.0636251144e-04 2.7993448203e-03 7.4149464851e-03 6.3525726502e-04 2.5181258395e-03 1.3758811696e-04 -2.8894753577e-05
203                5.3171805409e-03 7.5486819588e-03 6.0635819290e-04 2.7990836461e-03 7.4112051406e-03 6.3525371149e-04 2.5180968948e-03 1.3747681824e-04 -2.8895518590e-05
204                5.3174017370e-03 7.5454607827e-03 6.0635503684e-04 2.7993272019e-03 7.4078878043e-03 6.3525084904e-04 2.5180745350e-03 1.3757297840e-04 -2.8895812198e-05
205                5.3171133788e-03 7.5417865218e-03 6.0635039694e-04 2.7990665628e-03 7.4043244156e-03 6.3524693911e-04 2.5180468160e-03 1.3746210621e-04 -2.8896542177e-05
206                5.3173361356e-03 7.5387387121e-03 6.0634730724e-04 2.7993103962e-03 7.4011800156e-03 6.3524409661e-04 2.5180257394e-03 1.3755869657e-04 -2.8896789368e-05
207                5.3170494704e-03 7.5352232255e-03 6.0634310395e-04 2.7990501306e-03 7.3977751259e-03 6.3524059011e-04 2.5179993398e-03 1.3744809957e-04 -2.8897486163e-05
208                5.3172735444e-03 7.5323342282e-03 6.0634049031e-04 2.7992940002e-03 7.3947892133e-03 6.3523820259e-04 2.5179795442e-03 1.3754501488e-04 -2.8897712272e-05
209                5.3169885329e-03 7.5289777488e-03 6.0633654326e-04 2.7990341671e-03 7.3915430102e-03 6.3523495351e-04 2.5179543657e-03 1.3743473859e-04 -2.8898410253e-05
210                5.3172141136e-03 7.5262505725e-03 6.0633402962e-04 2.7992783768e-03 7.3887185975e-03 6.3523266040e-04 2.5179357369e-03 1.3753197496e-04 -2.8898630776e-05
211                5.3169302460e-03 7.5230405010e-03 6.0633018383e-04 2.7990184863e-03 7.3856186024e-03 6.3522950648e-04 2.5179117597e-03 1.3742189866e-04 -2.8899322646e-05
212                5.3171567315e-03 7.5204584841e-03 6.0632782761e-04 2.7992624259e-03 7.3829391508e-03 6.3522736181e-04 2.5178943056e-03 1.3751933328e-04 -2.8899534193e-05
213                5.3168747699e-03 7.5173848903e-03 6.0632413031e-04 2.7990032877e-03 7.3799753197e-03 6.3522434921e-04 2.5178714822e-03 1.3740957052e-04 -2.8900218898e-05
214                5.3171025718e-03 7.5149413058e-03 6.0632188840e-04 2.7992474971e-03 7.3774340114e-03 6.3522229903e-04 2.5178550747e-03 1.3750729443e-04 -2.8900410627e-05
215                5.3168220507e-03 7.5120002532e-03 6.0631829965e-04 2.7989888345e-03 7.3746024426e-03 6.3521936742e-04 2.5178332162e-03 1.3739781058e-04 -2.8901067773e-05
216                5.3170509264e-03 7.5096913703e-03 6.0631620528e-04 2.7992332527e-03 7.3721955908e-03 6.3521744183e-04 2.5178176737e-03 1.3749577951e-04 -2.8901236548e-05
217                5.3167723517e-03 7.5068791131e-03 6.0631275133e-04 2.7989756954e-03 7.3694924813e-03 6.3521462981e-04 2.5177966563e-03 1.3738663183e-04 -2.8901878476e-05
218                5.3170024879e-03 7.5046962665e-03 6.0631072602e-04 2.7992205448e-03 7.3672114324e-03 6.3521276116e-04 2.5177819431e-03 1.3748483416e-04 -2.8902035131e-05
219                5.3167252734e-03 7.5020009496e-03 6.0630736721e-04 2.7989634985e-03 7.3646249194e-03 6.3521003948e-04 2.5177617749e-03 1.3737603027e-04 -2.8902672262e-05
220                5.3169558039e-03 7.4999363440e-03 6.0630553090e-04 2.7992079444e-03 7.3624618326e-03 6.3520835569e-04 2.5177478595e-03 1.3747451136e-04 -2.8902824794e-05
221                5.3166799173e-03 7.4973577671e-03 6.0630236843e-04 2.7989515058e-03 7.3599916207e-03 6.3520583025e-04 2.5177284115e-03 1.3736614636e-04 -2.8903461819e-05
222                5.3169109921e-03 7.4954192713e-03 6.0630064148e-04 2.7991958328e-03 7.3579544072e-03 6.3520424702e-04 2.5177151594e-03 1.3746486407e-04 -2.8903605541e-05
223                5.3166360338e-03 7.4929567581e-03 6.0629750289e-04 2.7989396728e-03 7.3555999831e-03 6.3520173771e-04 2.5176963611e-03 1.3735677505e-04 -2.8904234817e-05
224                5.3168677439e-03 7.4911252819e-03 6.0629582053e-04 2.7991839532e-03 7.3536697168e-03 6.3520019013e-04 2.5176837906e-03 1.3745556508e-04 -2.8904369603e-05
225                5.3165942723e-03 7.4887603198e-03 6.0629281013e-04 2.7989285917e-03 7.3514126043e-03 6.3519780443e-04 2.5176656806e-03 1.3734771543e-04 -2.8904994307e-05
226                5.3168263575e-03 7.4870325099e-03 6.0629131376e-04 2.7991725702e-03 7.3495858711e-03 6.3519642560e-04 2.5176537873e-03 1.3744663879e-04 -2.8905111832e-05
227                5.3165540270e-03 7.4847670626e-03 6.0628843254e-04 2.7989176792e-03 7.3474279904e-03 6.3519415294e-04 2.5176363478e-03 1.3733907227e-04 -2.8905720396e-05
228                5.3167870560e-03 7.4831369923e-03 6.0628698344e-04 2.7991618677e-03 7.3456988771e-03 6.3519280208e-04 2.5176251884e-03 1.3743811522e-04 -2.8905818642e-05
229                5.3165161858e-03 7.4809571794e-03 6.0628414253e-04 2.7989076821e-03 7.3436264315e-03 6.3519055530e-04 2.5176085037e-03 1.3733074781e-04 -2.8906412769e-05
230                5.3167498057e-03 7.4794126392e-03 6.0628280778e-04 2.7991516914e-03 7.3419827112e-03 6.3518930108e-04 2.5175981143e-03 1.3742992801e-04 -2.8906493293e-05
231                5.3164798810e-03 7.4773170830e-03 6.0628012466e-04 2.7988977331e-03 7.3399942300e-03 6.3518720524e-04 2.5175821479e-03 1.3732285298e-04 -2.8907080578e-05
232                5.3167138992e-03 7.4758584838e-03 6.0627890214e-04 2.7991414469e-03 7.3384362320e-03 6.3518605950e-04 2.5175724524e-03 1.3742225174e-04 -2.8907157365e-05
233                5.3164447339e-03 7.4738462431e-03 6.0627626187e-04 2.7988876191e-03 7.3365308167e-03 6.3518400694e-04 2.5175571147e-03 1.3731542641e-04 -2.8907745071e-05
234                5.3166788793e-03 7.4724701036e-03 6.0627510727e-04 2.7991308736e-03 7.3350551246e-03 6.3518292116e-04 2.5175480057e-03 1.3741497905e-04 -2.8907813883e-05
235                5.3164104455e-03 7.4705347877e-03 6.0627259297e-04 2.7988772580e-03 7.3332264457e-03 6.3518097657e-04 2.5175331876e-03 1.3730834198e-04 -2.8908383602e-05
236                5.3166455489e-03 7.4692399109e-03 6.0627153009e-04 2.7991209634e-03 7.3318319292e-03 6.3517996585e-04 2.5175245855e-03 1.3740798170e-04 -2.8908435759e-05
237                5.3163786669e-03 7.4673908388e-03 6.0626901798e-04 2.7988683981e-03 7.3300893689e-03 6.3517801502e-04 2.5175102688e-03 1.3730146994e-04 -2.8908997040e-05
238                5.3166144342e-03 7.4661782021e-03 6.0626796680e-04 2.7991122216e-03 7.3287769818e-03 6.3517700512e-04 2.5175022126e-03 1.3740122026e-04 -2.8909038319e-05
239                5.3163526009e-03 7.4645716414e-03 6.0626580610e-04 2.7988642522e-03 7.3272766497e-03 6.3517538204e-04 2.5174883487e-03 1.3729499170e-04 -2.8909575940e-05
240                5.3165744260e-03 7.4631614174e-03 6.0626477369e-04 2.7990935547e-03 7.3257664024e-03 6.3517435928e-04 2.5174808713e-03 1.3739501503e-04 -2.8909585594e-05
241                5.3163167992e-03 7.4616235080e-03 6.0626264257e-04 2.7988490987e-03 7.3243346506e-03 6.3517273318e-04 2.5174677005e-03 1.3728885743e-04 -2.8910090609e-05
242                5.3165477558e-03 7.4606580661e-03 6.0626182765e-04 2.7990869169e-03 7.3232689747e-03 6.3517190185e-04 2.5174608389e-03 1.3738909145e-04 -2.8910074206e-05
243                5.3162966169e-03 7.4587305692e-03 6.0625936031e-04 2.7988483323e-03 7.3214474659e-03 6.3516993086e-04 2.5174482846e-03 1.3728310325e-04 -2.8910570556e-05
244                5.3165347254e-03 7.4579694245e-03 6.0625874193e-04 2.7990927386e-03 7.3205862308e-03 6.3516928956e-04 2.5174419868e-03 1.3738319371e-04 -2.8910547636e-05
245                5.3162802105e-03 7.4564403484e-03 6.0625678048e-04 2.7988506195e-03 7.3191626493e-03 6.3516781958e-04 2.5174295910e-03 1.3727769910e-04 -2.8911039104e-05
246                5.3164976443e-03 7.4554841935e-03 6.0625613613e-04 2.7990741086e-03 7.3181060603e-03 6.3516714255e-04 2.5174235358e-03 1.3737813320e-04 -2.8911006417e-05
247                5.3162430378e-03 7.4538888305e-03 6.0625403544e-04 2.7988312407e-03 7.3166162494e-03 6.3516551858e-04 2.5174117971e-03 1.3727258109e-04 -2.8911483136e-05
248                5.3164734402e-03 7.4530691196e-03 6.0625328388e-04 2.7990668428e-03 7.3156961738e-03 6.3516471138e-04 2.5174065975e-03 1.3737294583e-04 -2.8911427499e-05
249                5.3162279229e-03 7.4516226219e-03 6.0625124046e-04 2.7988324018e-03 7.3143550294e-03 6.3516313199e-04 2.5173955212e-03 1.3726759250e-04 -2.8911891538e-05
250                5.3164572386e-03 7.4508529800e-03 6.0625071163e-04 2.7990664560e-03 7.3134849195e-03 6.3516254540e-04 2.5173907826e-03 1.3736806050e-04 -2.8911833775e-05
251                5.3162070692e-03 7.4494169934e-03 6.0624888967e-04 2.7988269915e-03 7.3121541751e-03 6.3516119362e-04 2.5173800777e-03 1.3726281833e-04 -2.8912303955e-05
252                5.3164337668e-03 7.4486847494e-03 6.0624840911e-04 2.7990580365e-03 7.3113213751e-03 6.3516065131e-04 2.5173757303e-03 1.3736337434e-04 -2.8912242196e-05
253                5.3161844392e-03 7.4473118244e-03 6.0624649994e-04 2.7988190005e-03 7.3100535226e-03 6.3515919648e-04 2.5173654387e-03 1.3725830174e-04 -2.8912696541e-05
254                5.3164135428e-03 7.4466351546e-03 6.0624597324e-04 2.7990520053e-03 7.3092762275e-03 6.3515858857e-04 2.5173615374e-03 1.3735892718e-04 -2.8912615328e-05
255                5.3161662834e-03 7.4453030658e-03 6.0624414340e-04 2.7988146022e-03 7.3080491798e-03 6.3515719978e-04 2.5173516812e-03 1.3725388606e-04 -2.8913056376e-05
256                5.3163960184e-03 7.4446621852e-03 6.0624373416e-04 2.7990478210e-03 7.3073076429e-03 6.3515670798e-04 2.5173481974e-03 1.3735454234e-04 -2.8912973827e-05
257                5.3161485189e-03 7.4433742413e-03 6.0624198402e-04 2.7988097925e-03 7.3061246200e-03 6.3515540233e-04 2.5173387264e-03 1.3724962131e-04 -2.8913418314e-05
258                5.3163775682e-03 7.4427821663e-03 6.0624163227e-04 2.7990419685e-03 7.3054317265e-03 6.3515497219e-04 2.5173355998e-03 1.3735043977e-04 -2.8913339923e-05
259                5.3161300098e-03 7.4415414343e-03 6.0623995016e-04 2.7988035979e-03 7.3042956959e-03 6.3515373301e-04 2.5173264119e-03 1.3724573833e-04 -2.8913782844e-05
260                5.3163599209e-03 7.4409918523e-03 6.0623965864e-04 2.7990364109e-03 7.3036451140e-03 6.3515336186e-04 2.5173235100e-03 1.3734673828e-04 -2.8913703214e-05
261                5.3161133514e-03 7.4397934571e-03 6.0623800892e-04 2.7987988360e-03 7.3025513244e-03 6.3515214838e-04 2.5173145154e-03 1.3724213266e-04 -2.8914139465e-05
262                5.3163433910e-03 7.4392838545e-03 6.0623772109e-04 2.7990316113e-03 7.3019407308e-03 6.3515177370e-04 2.5173117797e-03 1.3734312363e-04 -2.8914052612e-05
263                5.3160966095e-03 7.4381239672e-03 6.0623610285e-04 2.7987937118e-03 7.3008853846e-03 6.3515058063e-04 2.5173028978e-03 1.3723858263e-04 -2.8914477785e-05
264                5.3163267258e-03 7.4376584003e-03 6.0623588340e-04 2.7990264833e-03 7.3003187366e-03 6.3515026328e-04 2.5173002425e-03 1.3733966369e-04 -2.8914379880e-05
265                5.3160808990e-03 7.4365498016e-03 6.0623433916e-04 2.7987893941e-03 7.2993145622e-03 6.3514913527e-04 2.5172915049e-03 1.3723523947e-04 -2.8914796112e-05
266                5.3163118064e-03 7.4361295702e-03 6.0623415609e-04 2.7990227064e-03 7.2987932617e-03 6.3514884211e-04 2.5172891000e-03 1.3733630847e-04 -2.8914686020e-05
267                5.3160665653e-03 7.4350542485e-03 6.0623260302e-04 2.7987858659e-03 7.2978223206e-03 6.3514769767e-04 2.5172806994e-03 1.3723192795e-04 -2.8915094646e-05
268                5.3162978998e-03 7.4346607909e-03 6.0623243603e-04 2.7990192316e-03 7.2973277644e-03 6.3514741185e-04 2.5172786682e-03 1.3733302653e-04 -2.8914975824e-05
269                5.3160531672e-03 7.4336133097e-03 6.0623096556e-04 2.7987825383e-03 7.2963844867e-03 6.3514634747e-04 2.5172706288e-03 1.3722882302e-04 -2.8915381914e-05
270                5.3162847857e-03 7.4332534738e-03 6.0623091496e-04 2.7990158663e-03 7.2959234001e-03 6.3514617657e-04 2.5172689194e-03 1.3733007368e-04 -2.8915261603e-05
271                5.3160402842e-03 7.4322452981e-03 6.0622947749e-04 2.7987791045e-03 7.2950192609e-03 6.3514514771e-04 2.5172611797e-03 1.3722603714e-04 -2.8915670221e-05
272                5.3162716060e-03 7.4319173272e-03 6.0622938550e-04 2.7990118296e-03 7.2945900362e-03 6.3514492840e-04 2.5172597764e-03 1.3732729096e-04 -2.8915542897e-05
273                5.3160272303e-03 7.4309288907e-03 6.0622795574e-04 2.7987749419e-03 7.2937056338e-03 6.3514389839e-04 2.5172522883e-03 1.3722325685e-04 -2.8915942651e-05
274                5.3162589451e-03 7.4306215392e-03 6.0622793812e-04 2.7990078940e-03 7.2932969978e-03 6.3514374578e-04 2.5172510511e-03 1.3732454143e-04 -2.8915807662e-05
275                5.3160149775e-03 7.4296658176e-03 6.0622652847e-04 2.7987712927e-03 7.2924452270e-03 6.3514273808e-04 2.5172436848e-03 1.3722059062e-04 -2.8916209603e-05
276                5.3162467843e-03 7.4293956698e-03 6.0622646116e-04 2.7990041393e-03 7.2920737902e-03 6.3514254030e-04 2.5172426450e-03 1.3732187962e-04 -2.8916079143e-05
277                5.3160027195e-03 7.4284700359e-03 6.0622506601e-04 2.7987671739e-03 7.2912521492e-03 6.3514154210e-04 2.5172355456e-03 1.3721788667e-04 -2.8916476087e-05
278                5.3162347693e-03 7.4282218939e-03 6.0622513569e-04 2.7989999762e-03 7.2909027103e-03 6.3514146506e-04 2.5172347930e-03 1.3731918358e-04 -2.8916329370e-05
279                5.3159915392e-03 7.4273199061e-03 6.0622390040e-04 2.7987635943e-03 7.2901046386e-03 6.3514060896e-04 2.5172279449e-03 1.3721526751e-04 -2.8916708560e-05
280                5.3162242803e-03 7.4271000715e-03 6.0622400494e-04 2.7989968440e-03 7.2897833906e-03 6.3514056232e-04 2.5172274364e-03 1.3731668081e-04 -2.8916557381e-05
281                5.3159814007e-03 7.4262289656e-03 6.0622267320e-04 2.7987605642e-03 7.2890161109e-03 6.3513961738e-04 2.5172208365e-03 1.3721285473e-04 -2.8916944178e-05
282                5.3162143992e-03 7.4260353969e-03 6.0622269540e-04 2.7989937845e-03 7.2887210695e-03 6.3513948884e-04 2.5172206147e-03 1.3731432746e-04 -2.8916793448e-05
283                5.3159716437e-03 7.4251854789e-03 6.0622141718e-04 2.7987573113e-03 7.2879749331e-03 6.3513857610e-04 2.5172143324e-03 1.3721054581e-04 -2.8917158928e-05
284                5.3162047095e-03 7.4250115422e-03 6.0622158998e-04 2.7989903159e-03 7.2876994388e-03 6.3513857935e-04 2.5172143935e-03 1.3731210341e-04 -2.8916989373e-05
285                5.3159624877e-03 7.4241870972e-03 6.0622040732e-04 2.7987541322e-03 7.2869786201e-03 6.3513776339e-04 2.5172083555e-03 1.3720847716e-04 -2.8917356070e-05
286                5.3161963123e-03 7.4240453697e-03 6.0622053306e-04 2.7989876252e-03 7.2867352475e-03 6.3513773367e-04 2.5172086871e-03 1.3731012219e-04 -2.8917200611e-05
287                5.3159544230e-03 7.4232493961e-03 6.0621925562e-04 2.7987514654e-03 7.2860428642e-03 6.3513682893e-04 2.5172029575e-03 1.3720653188e-04 -2.8917573306e-05
288                5.3161878938e-03 7.4231249801e-03 6.0621938656e-04 2.7989843679e-03 7.2858168234e-03 6.3513678894e-04 2.5172035259e-03 1.3730815668e-04 -2.8917402388e-05
289                5.3159463462e-03 7.4223460482e-03 6.0621824816e-04 2.7987484284e-03 7.2851413907e-03 6.3513600194e-04 2.5171979178e-03 1.3720465748e-04 -2.8917753783e-05
290                5.3161804257e-03 7.4222473658e-03 6.0621850817e-04 2.7989819098e-03 7.2849410001e-03 6.3513607709e-04 2.5171985160e-03 1.3730636569e-04 -2.8917568923e-05
291                5.3159389067e-03 7.4214997175e-03 6.0621737084e-04 2.7987460283e-03 7.2842967516e-03 6.3513529287e-04 2.5171928785e-03 1.3720296584e-04 -2.8917922029e-05
292                5.3161724915e-03 7.4214284092e-03 6.0621758859e-04 2.7989791060e-03 7.2841237411e-03 6.3513533013e-04 2.5171933855e-03 1.3730466807e-04 -2.8917741537e-05
293                5.3159309795e-03 7.4207025485e-03 6.0621644651e-04 2.7987433662e-03 7.2835012739e-03 6.3513454320e-04 2.5171876134e-03 1.3720127463e-04 -2.8918096695e-05
294                5.3161651413e-03 7.4206531251e-03 6.0621666905e-04 2.7989771253e-03 7.2833501589e-03 6.3513457912e-04 2.5171880160e-03 1.3730296622e-04 -2.8917910071e-05
295                5.3159244046e-03 7.4199523419e-03 6.0621550569e-04 2.7987421975e-03 7.2827527234e-03 6.3513376427e-04 2.5171822070e-03 1.3719961850e-04 -2.8918258575e-05
296                5.3161585517e-03 7.4199264375e-03 6.0621572656e-04 2.7989759173e-03 7.2826250735e-03 6.3513379444e-04 2.5171826345e-03 1.3730136397e-04 -2.8918067880e-05
297                5.3159175215e-03 7.4192444874e-03 6.0621462097e-04 2.7987406589e-03 7.2820464169e-03 6.3513304170e-04 2.5171768626e-03 1.3719807046e-04 -2.8918420724e-05
298                5.3161520138e-03 7.4192348122e-03 6.0621495294e-04 2.7989746514e-03 7.2819349424e-03 6.3513318098e-04 2.5171773624e-03 1.3729986982e-04 -2.8918228033e-05
299                5.3159114919e-03 7.4185696101e-03 6.0621394151e-04 2.7987397996e-03 7.2813730012e-03 6.3513251429e-04 2.5171716923e-03 1.3719660895e-04 -2.8918572786e-05
300                5.3161460433e-03 7.4185745723e-03 6.0621428206e-04 2.7989737281e-03 7.2812761079e-03 6.3513265267e-04 2.5171723152e-03 1.3729846440e-04 -2.8918370615e-05
301                5.3159052748e-03 7.4179238046e-03 6.0621319976e-04 2.7987385200e-03 7.2807285770e-03 6.3513191265e-04 2.5171667548e-03 1.3719522754e-04 -2.8918712887e-05
302                5.3161399556e-03 7.4179460421e-03 6.0621346698e-04 2.7989724449e-03 7.2806488946e-03 6.3513198579e-04 2.5171675108e-03 1.3729714755e-04 -2.8918518807e-05
303                5.3158994958e-03 7.4173096876e-03 6.0621239361e-04 2.7987373703e-03 7.2801157879e-03 6.3513125587e-04 2.5171621255e-03 1.3719389971e-04 -2.8918862259e-05
304                5.3161344493e-03 7.4173389082e-03 6.0621273294e-04 2.7989713682e-03 7.2800430911e-03 6.3513139163e-04 2.5171630811e-03 1.3729581709e-04 -2.8918658688e-05
305                5.3158939787e-03 7.4167068428e-03 6.0621172697e-04 2.7987360956e-03 7.2795142521e-03 6.3513071013e-04 2.5171578831e-03 1.3719259075e-04 -2.8918983154e-05
306                5.3161287606e-03 7.4167456630e-03 6.0621208844e-04 2.7989697456e-03 7.2794510702e-03 6.3513085699e-04 2.5171590150e-03 1.3729459280e-04 -2.8918768555e-05
307                5.3158880867e-03 7.4161310081e-03 6.0621107171e-04 2.7987340710e-03 7.2789395770e-03 6.3513016349e-04 2.5171540157e-03 1.3719143112e-04 -2.8919091786e-05
308                5.3161232004e-03 7.4161899199e-03 6.0621143876e-04 2.7989678197e-03 7.2788964803e-03 6.3513031880e-04 2.5171553807e-03 1.3729343966e-04 -2.8918880035e-05
309                5.3158830872e-03 7.4155890236e-03 6.0621043396e-04 2.7987324759e-03 7.2783987083e-03 6.3512963716e-04 2.5171506112e-03 1.3719031528e-04 -2.8919203204e-05
310                5.3161182885e-03 7.4156521526e-03 6.0621079796e-04 2.7989661802e-03 7.2783597999e-03 6.3512978567e-04 2.5171521084e-03 1.3729235270e-04 -2.8918987708e-05
311                5.3158780138e-03 7.4150573514e-03 6.0620983577e-04 2.7987306468e-03 7.2778680349e-03 6.3512914402e-04 2.5171473670e-03 1.3718931652e-04 -2.8919308249e-05
312                5.3161127281e-03 7.4151352801e-03 6.0621027852e-04 2.7989639185e-03 7.2778439237e-03 6.3512936699e-04 2.5171488096e-03 1.3729135634e-04 -2.8919088477e-05
313                5.3158724199e-03 7.4145625691e-03 6.0620931681e-04 2.7987284095e-03 7.2773742514e-03 6.3512872732e-04 2.5171440104e-03 1.3718831768e-04 -2.8919410505e-05
314                5.3161074410e-03 7.4146629946e-03 6.0620967372e-04 2.7989619884e-03 7.2773727378e-03 6.3512886237e-04 2.5171454526e-03 1.3729025681e-04 -2.8919188647e-05
315                5.3158676397e-03 7.4141059035e-03 6.0620866795e-04 2.7987269158e-03 7.2769187059e-03 6.3512817399e-04 2.5171407239e-03 1.3718719761e-04 -2.8919506033e-05
316                5.3161031910e-03 7.4142151450e-03 6.0620910385e-04 2.7989609216e-03 7.2769259837e-03 6.3512837900e-04 2.5171422694e-03 1.3728916125e-04 -2.8919275147e-05
317                5.3158640578e-03 7.4136668764e-03 6.0620820766e-04 2.7987264266e-03 7.2764806577e-03 6.3512779701e-04 2.5171376311e-03 1.3718621875e-04 -2.8919589351e-05
318                5.3160999650e-03 7.4137877598e-03 6.0620868545e-04 2.7989607223e-03 7.2764994772e-03 6.3512804654e-04 2.5171392427e-03 1.3728828261e-04 -2.8919361092e-05
319                5.3158609775e-03 7.4132534915e-03 6.0620775206e-04 2.7987263568e-03 7.2760680803e-03 6.3512743654e-04 2.5171346208e-03 1.3718541117e-04 -2.8919684482e-05
320                5.3160967608e-03 7.4133871982e-03 6.0620817760e-04 2.7989605251e-03 7.2760996713e-03 6.3512764433e-04 2.5171362357e-03 1.3728752692e-04 -2.8919466728e-05
321                5.3158574056e-03 7.4128614062e-03 6.0620724403e-04 2.7987257862e-03 7.2756767556e-03 6.3512703665e-04 2.5171316194e-03 1.3718465054e-04 -2.8919792627e-05
322                5.3160929980e-03 7.4130010802e-03 6.0620771726e-04 2.7989597648e-03 7.2757143031e-03 6.3512729056e-04 2.5171332332e-03 1.3728677704e-04 -2.8919573294e-05
323                5.3158537515e-03 7.4124825384e-03 6.0620681900e-04 2.7987251582e-03 7.2752986254e-03 6.3512671543e-04 2.5171285933e-03 1.3718391306e-04 -2.8919896421e-05
324                5.3160895216e-03 7.4126299246e-03 6.0620726247e-04 2.7989593349e-03 7.2753438524e-03 6.3512694362e-04 2.5171301867e-03 1.3728607215e-04 -2.8919681155e-05
325                5.3158499569e-03 7.4121176983e-03 6.0620631325e-04 2.7987244078e-03 7.2749345352e-03 6.3512632049e-04 2.5171255491e-03 1.3718316317e-04 -2.8920007246e-05
326                5.3160851502e-03 7.4122687055e-03 6.0620677509e-04 2.7989579721e-03 7.2749834383e-03 6.3512655817e-04 2.5171271780e-03 1.3728526720e-04 -2.8919783074e-05
327                5.3158453498e-03 7.4117593481e-03 6.0620593595e-04 2.7987227483e-03 7.2745770303e-03 6.3512602032e-04 2.5171226015e-03 1.3718231785e-04 -2.8920084373e-05
328                5.3160809565e-03 7.4119176931e-03 6.0620648050e-04 2.7989566710e-03 7.2746332334e-03 6.3512631699e-04 2.5171242855e-03 1.3728445970e-04 -2.8919836488e-05
329                5.3158411815e-03 7.4114221563e-03 6.0620560320e-04 2.7987213919e-03 7.2742405881e-03 6.3512572836e-04 2.5171197896e-03 1.3718156816e-04 -2.8920125156e-05
330                5.3160765006e-03 7.4115949757e-03 6.0620608286e-04 2.7989549130e-03 7.2743112962e-03 6.3512595758e-04 2.5171215876e-03 1.3728367951e-04 -2.8919874718e-05
331                5.3158371808e-03 7.4111112809e-03 6.0620521190e-04 2.7987199331e-03 7.2739305326e-03 6.3512537805e-04 2.5171172477e-03 1.3718074828e-04 -2.8920166148e-05
332                5.3160735746e-03 7.4112931309e-03 6.0620572283e-04 2.7989543233e-03 7.2740103007e-03 6.3512564087e-04 2.5171192513e-03 1.3728283014e-04 -2.8919918038e-05
333                5.3158352568e-03 7.4108156001e-03 6.0620484868e-04 2.7987200926e-03 7.2736356332e-03 6.3512505738e-04 2.5171151642e-03 1.3717996688e-04 -2.8920208700e-05
334                5.3160720008e-03 7.4110053351e-03 6.0620536356e-04 2.7989546003e-03 7.2737232138e-03 6.3512531764e-04 2.5171174004e-03 1.3728212130e-04 -2.8919954077e-05
335                5.3158336008e-03 7.4105384225e-03 6.0620453591e-04 2.7987200925e-03 7.2733590465e-03 6.3512477477e-04 2.5171135082e-03 1.3717937606e-04 -2.8920238855e-05
336                5.3160701605e-03 7.4107375255e-03 6.0620510093e-04 2.7989542555e-03 7.2734559338e-03 6.3512508771e-04 2.5171159049e-03 1.3728159169e-04 -2.8919986776e-05
337                5.3158321053e-03 7.4102772953e-03 6.0620429918e-04 2.7987199614e-03 7.2730983539e-03 6.3512457780e-04 2.5171121438e-03 1.3717894135e-04 -2.8920278612e-05
338                5.3160686976e-03 7.4104781504e-03 6.0620484781e-04 2.7989541037e-03 7.2731969214e-03 6.3512487607e-04 2.5171145939e-03 1.3728122901e-04 -2.8920028258e-05
339                5.3158300476e-03 7.4100182198e-03 6.0620398153e-04 2.7987192794e-03 7.2728395664e-03 6.3512430626e-04 2.5171107682e-03 1.3717865341e-04 -2.8920324728e-05
340                5.3160659492e-03 7.4102242924e-03 6.0620448353e-04 2.7989528311e-03 7.2729433719e-03 6.3512457007e-04 2.5171131181e-03 1.3728092057e-04 -2.8920086544e-05
341                5.3158269538e-03 7.4097727769e-03 6.0620365510e-04 2.7987177257e-03 7.2725945367e-03 6.3512404846e-04 2.5171092280e-03 1.3717824017e-04 -2.8920393359e-05
342                5.3160628258e-03 7.4099828796e-03 6.0620424479e-04 2.7989512500e-03 7.2727024880e-03 6.3512439920e-04 2.5171115757e-03 1.3728039161e-04 -2.8920154413e-05
343                5.3158240390e-03 7.4095309964e-03 6.0620344790e-04 2.7987163055e-03 7.2723533769e-03 6.3512390394e-04 2.5171077335e-03 1.3717761950e-04 -2.8920456035e-05
344                5.3160601527e-03 7.4097402175e-03 6.0620397625e-04 2.7989499752e-03 7.2724604494e-03 6.3512419384e-04 2.5171101775e-03 1.3727976804e-04 -2.8920217588e-05
345                5.3158214284e-03 7.4092895240e-03 6.0620310452e-04 2.7987149714e-03 7.2721125304e-03 6.3512362780e-04 2.5171064570e-03 1.3717699356e-04 -2.8920523278e-05
346                5.3160578763e-03 7.4095047023e-03 6.0620363408e-04 2.7989488227e-03 7.2722255284e-03 6.3512392117e-04 2.5171090536e-03 1.3727917386e-04 -2.8920287090e-05
347                5.3158195577e-03 7.4090605475e-03 6.0620283525e-04 2.7987140630e-03 7.2718841485e-03 6.3512342022e-04 2.5171054946e-03 1.3717639898e-04 -2.8920584968e-05
348                5.3160561154e-03 7.4092738292e-03 6.0620342234e-04 2.7989479086e-03 7.2719951903e-03 6.3512375569e-04 2.5171082068e-03 1.3727863891e-04 -2.8920333347e-05
349                5.3158177461e-03 7.4088247266e-03 6.0620264741e-04 2.7987130598e-03 7.2716487953e-03 6.3512326007e-04 2.5171046863e-03 1.3717593133e-04 -2.8920612663e-05
350                5.3160544489e-03 7.4090442262e-03 6.0620323667e-04 2.7989470770e-03 7.2717659582e-03 6.3512358649e-04 2.5171073719e-03 1.3727826803e-04 -2.8920349819e-05
351                5.3158158552e-03 7.4086091122e-03 6.0620241861e-04 2.7987120572e-03 7.2714334688e-03 6.3512304695e-04 2.5171037980e-03 1.3717564343e-04 -2.8920628340e-05
352                5.3160520356e-03 7.4088390944e-03 6.0620294225e-04 2.7989456489e-03 7.2715610842e-03 6.3512331173e-04 2.5171063867e-03 1.3727801020e-04 -2.8920369478e-05
353                5.3158133598e-03 7.4084134110e-03 6.0620212528e-04 2.7987106514e-03 7.2712380290e-03 6.3512278181e-04 2.5171027084e-03 1.3717538196e-04 -2.8920656532e-05
354                5.3160499535e-03 7.4086546011e-03 6.0620273934e-04 2.7989447449e-03 7.2713769207e-03 6.3512313621e-04 2.5171052086e-03 1.3727768040e-04 -2.8920396875e-05
355                5.3158119010e-03 7.4082375385e-03 6.0620200470e-04 2.7987104309e-03 7.2710625189e-03 6.3512267924e-04 2.5171014701e-03 1.3717501963e-04 -2.8920674540e-05
356                5.3160487069e-03 7.4084822890e-03 6.0620265129e-04 2.7989448357e-03 7.2712049846e-03 6.3512305170e-04 2.5171038712e-03 1.3727730447e-04 -2.8920400406e-05
357                5.3158104874e-03 7.4080694049e-03 6.0620189146e-04 2.7987105030e-03 7.2708947243e-03 6.3512256460e-04 2.5170999844e-03 1.3717468055e-04 -2.8920673142e-05
358                5.3160469534e-03 7.4083221167e-03 6.0620247861e-04 2.7989447149e-03 7.2710451697e-03 6.3512288429e-04 2.5171022385e-03 1.3727694706e-04 -2.8920405677e-05
359                5.3158084496e-03 7.4079175651e-03 6.0620168347e-04 2.7987101731e-03 7.2707432783e-03 6.3512237111e-04 2.5170982764e-03 1.3717428678e-04 -2.8920687635e-05
360                5.3160448259e-03 7.4081756261e-03 6.0620226640e-04 2.7989442758e-03 7.2708991177e-03 6.3512269433e-04 2.5171005501e-03 1.3727650840e-04 -2.8920427932e-05
361                5.3158067693e-03 7.4077742116e-03 6.0620147167e-04 2.7987100836e-03 7.2706003610e-03 6.3512219428e-04 2.5170966857e-03 1.3717385059e-04 -2.8920722615e-05
