# Moment          
# CofR            : (0.0000000000e+00 0.0000000000e+00 0.0000000000e+00)
#
# Time            	total_x total_y total_z	pressure_x pressure_y pressure_z	viscous_x viscous_y viscous_z
1                  -2.5812560873e-03 1.6937145154e-02 3.4462124222e-03 -2.5881943169e-03 1.4490155017e-02 3.4690113984e-03 6.9382296442e-06 2.4469901369e-03 -2.2798976235e-05
2                  -4.8939613237e-03 3.7514354951e-03 2.3821791246e-04 -4.8775853474e-03 1.8134792494e-03 2.8475755175e-04 -1.6375976284e-05 1.9379562457e-03 -4.6539639286e-05
3                  -3.7274849825e-03 -3.3806298538e-03 -1.1942241299e-03 -3.7062042244e-03 -4.9786018994e-03 -1.1602010656e-03 -2.1280758189e-05 1.5979720456e-03 -3.4023064288e-05
4                  -1.3861431034e-03 2.3645818194e-04 1.8074375488e-04 -1.3809835461e-03 -1.1825206024e-03 1.9660747563e-04 -5.1595572573e-06 1.4189787843e-03 -1.5863720747e-05
5                  -2.2592415503e-03 3.2992767833e-03 7.3274405140e-04 -2.2568011938e-03 2.0273133960e-03 7.4749813987e-04 -2.4403564477e-06 1.2719633873e-03 -1.4754088470e-05
6                  -3.7249120070e-03 2.4865817252e-03 2.4729187437e-04 -3.7129326536e-03 1.3627091654e-03 2.6673174263e-04 -1.1979353369e-05 1.1238725599e-03 -1.9439868266e-05
7                  -3.4208686205e-03 1.1552815226e-03 6.4207070062e-05 -3.4055587632e-03 1.6053963545e-04 8.2513810387e-05 -1.5309857311e-05 9.9474188720e-04 -1.8306740324e-05
8                  -3.0063157578e-03 1.0845322510e-03 2.3969546508e-04 -2.9935269414e-03 1.8549551393e-04 2.5442636911e-04 -1.2788816370e-05 8.9903673710e-04 -1.4730904025e-05
9                  -3.3624740032e-03 1.3003774254e-03 2.0240098032e-04 -3.3499408096e-03 4.7150672712e-04 2.1581223566e-04 -1.2533193622e-05 8.2887069827e-04 -1.3411255339e-05
10                 -3.4765592609e-03 1.1739678206e-03 3.9729528922e-05 -3.4611572403e-03 4.0035735604e-04 5.3421027516e-05 -1.5402020645e-05 7.7361046452e-04 -1.3691498594e-05
11                 -3.1480050620e-03 1.0587623899e-03 3.1288359748e-05 -3.1308730250e-03 3.3019567848e-04 4.4663035517e-05 -1.7132036997e-05 7.2856671139e-04 -1.3374675769e-05
12                 -3.0662014510e-03 1.1365740674e-03 1.1265166190e-04 -3.0487456099e-03 4.4422144547e-04 1.2515711053e-04 -1.7455841087e-05 6.9235262196e-04 -1.2505448630e-05
13                 -3.2287802185e-03 1.1482839938e-03 9.9876087405e-05 -3.2110242495e-03 4.8598767936e-04 1.1163015236e-04 -1.7755968918e-05 6.6229631445e-04 -1.1754064956e-05
14                 -3.2050210291e-03 1.0242756462e-03 2.8982828211e-05 -3.1864622583e-03 3.8778997879e-04 4.0309012056e-05 -1.8558770840e-05 6.3648566746e-04 -1.1326183845e-05
15                 -3.0143981092e-03 9.6298711057e-04 1.5800137117e-05 -2.9950935494e-03 3.4820775957e-04 2.6764926063e-05 -1.9304559820e-05 6.1477935100e-04 -1.0964788946e-05
16                 -2.9645336045e-03 9.9467029020e-04 3.4760248587e-05 -2.9445245091e-03 3.9807879120e-04 4.5434488958e-05 -2.0009095399e-05 5.9659149900e-04 -1.0674240372e-05
17                 -2.9455337421e-03 1.0032373308e-03 2.1012328978e-05 -2.9250658360e-03 4.2315806289e-04 3.1389325659e-05 -2.0467906153e-05 5.8007926791e-04 -1.0376996681e-05
18                 -2.8623839113e-03 9.5952493079e-04 1.0395193974e-06 -2.8414467152e-03 3.9468175094e-04 1.1154386505e-05 -2.0937196140e-05 5.6484317985e-04 -1.0114867108e-05
19                 -2.7720839898e-03 9.3280459933e-04 1.1292812181e-05 -2.7507984827e-03 3.8161234031e-04 2.1103499239e-05 -2.1285507147e-05 5.5119225902e-04 -9.8106870578e-06
20                 -2.7728793708e-03 9.4085257396e-04 2.8656352155e-05 -2.7512146516e-03 4.0172830248e-04 3.8232369326e-05 -2.1664719207e-05 5.3912427148e-04 -9.5760171705e-06
21                 -2.7437100353e-03 9.3515076322e-04 1.9408523551e-05 -2.7217867093e-03 4.0709140932e-04 2.8773872417e-05 -2.1923326006e-05 5.2805935390e-04 -9.3653488658e-06
22                 -2.6476561605e-03 9.0927222836e-04 -1.5834952650e-06 -2.6254308854e-03 3.9146583593e-04 7.6173117827e-06 -2.2225275155e-05 5.1780639244e-04 -9.2008070477e-06
23                 -2.5614222578e-03 8.9661935515e-04 -3.3511459910e-06 -2.5389453637e-03 3.8809615776e-04 5.6273823626e-06 -2.2476894111e-05 5.0852319739e-04 -8.9785283536e-06
24                 -2.5314408403e-03 8.9977663833e-04 9.3347846681e-06 -2.5086036516e-03 3.9980277403e-04 1.8117262179e-05 -2.2837188701e-05 4.9997386430e-04 -8.7824775114e-06
25                 -2.5312876487e-03 8.9652401911e-04 1.6863193986e-05 -2.5082314006e-03 4.0463476063e-04 2.5451737239e-05 -2.3056248038e-05 4.9188925847e-04 -8.5885432530e-06
26                 -2.4983799139e-03 8.8203913807e-04 1.0803414456e-05 -2.4751169626e-03 3.9762514559e-04 1.9267003490e-05 -2.3262951205e-05 4.8441399248e-04 -8.4635890342e-06
27                 -2.4320497090e-03 8.7215437262e-04 3.4931673856e-06 -2.4086907710e-03 3.9436818910e-04 1.1811771534e-05 -2.3358937941e-05 4.7778618352e-04 -8.3186041480e-06
28                 -2.3775322827e-03 8.7050040606e-04 3.4308676875e-06 -2.3539890557e-03 3.9867705304e-04 1.1627993603e-05 -2.3543226987e-05 4.7182335301e-04 -8.1971259158e-06
29                 -2.3561547002e-03 8.6977550932e-04 8.5641057760e-06 -2.3324501218e-03 4.0354085974e-04 1.6605592295e-05 -2.3704578411e-05 4.6623464958e-04 -8.0414865193e-06
30                 -2.3317531730e-03 8.6452454292e-04 1.0261678515e-05 -2.3078356066e-03 4.0357037753e-04 1.8187101756e-05 -2.3917566337e-05 4.6095416538e-04 -7.9254232412e-06
31                 -2.2972158260e-03 8.5772322026e-04 7.7005443840e-06 -2.2731978735e-03 4.0160060471e-04 1.5501123840e-05 -2.4017952445e-05 4.5612261555e-04 -7.8005794557e-06
32                 -2.2587442029e-03 8.5438256565e-04 6.4531290575e-06 -2.2345951208e-03 4.0261382875e-04 1.4161359765e-05 -2.4149082130e-05 4.5176873690e-04 -7.7082307072e-06
33                 -2.2204045024e-03 8.5215566556e-04 6.9505753167e-06 -2.1961915894e-03 4.0434451320e-04 1.4547660145e-05 -2.4212912994e-05 4.4781115237e-04 -7.5970848285e-06
34                 -2.1885947380e-03 8.4992828816e-04 7.8703687355e-06 -2.1642762376e-03 4.0578034328e-04 1.5389099760e-05 -2.4318500475e-05 4.4414794488e-04 -7.5187310249e-06
35                 -2.1594595399e-03 8.4757859012e-04 7.6568651066e-06 -2.1351155864e-03 4.0676620413e-04 1.5088940958e-05 -2.4343953542e-05 4.4081238600e-04 -7.4320758518e-06
36                 -2.1233306442e-03 8.4543636198e-04 6.0548012444e-06 -2.0989360890e-03 4.0764024037e-04 1.3431613969e-05 -2.4394555170e-05 4.3779612161e-04 -7.3768127249e-06
37                 -2.0855415239e-03 8.4315146392e-04 5.5073015933e-06 -2.0611578528e-03 4.0811424266e-04 1.2809368264e-05 -2.4383671121e-05 4.3503722126e-04 -7.3020666703e-06
38                 -2.0507443655e-03 8.4114645884e-04 5.7305710445e-06 -2.0263173713e-03 4.0866846401e-04 1.2974369735e-05 -2.4426994212e-05 4.3247799483e-04 -7.2437986909e-06
39                 -2.0172814399e-03 8.3955773044e-04 5.8009357543e-06 -1.9928764540e-03 4.0942796512e-04 1.2974510908e-05 -2.4404985845e-05 4.3012976532e-04 -7.1735751533e-06
40                 -1.9833646063e-03 8.3852099604e-04 5.5003499079e-06 -1.9589624499e-03 4.1053799088e-04 1.2633995824e-05 -2.4402156324e-05 4.2798300516e-04 -7.1336459157e-06
41                 -1.9496239289e-03 8.3731376179e-04 5.5255336705e-06 -1.9252916196e-03 4.1130904184e-04 1.2609020828e-05 -2.4332309291e-05 4.2600471995e-04 -7.0834871576e-06
42                 -1.9188182023e-03 8.3615923361e-04 6.2305507659e-06 -1.8945110095e-03 4.1200575685e-04 1.3281807179e-05 -2.4307192853e-05 4.2415347676e-04 -7.0512564132e-06
43                 -1.8899312827e-03 8.3506236086e-04 7.3638104461e-06 -1.8656901335e-03 4.1264201723e-04 1.4364730469e-05 -2.4241149170e-05 4.2242034363e-04 -7.0009200226e-06
44                 -1.8624431513e-03 8.3426863270e-04 8.4280668628e-06 -1.8382226141e-03 4.1347608149e-04 1.5395955252e-05 -2.4220537204e-05 4.2079255121e-04 -6.9678883889e-06
45                 -1.8369313980e-03 8.3349799484e-04 9.7350228406e-06 -1.8127802090e-03 4.1423353978e-04 1.6656640569e-05 -2.4151188930e-05 4.1926445507e-04 -6.9216177281e-06
46                 -1.8143919339e-03 8.3296139968e-04 1.1294666078e-05 -1.7902685142e-03 4.1513351808e-04 1.8187365635e-05 -2.4123419725e-05 4.1782788160e-04 -6.8926995570e-06
47                 -1.7941964424e-03 8.3248578850e-04 1.3091749449e-05 -1.7701425163e-03 4.1600050822e-04 1.9941658317e-05 -2.4053926133e-05 4.1648528029e-04 -6.8499088671e-06
48                 -1.7759124109e-03 8.3220052791e-04 1.4789594494e-05 -1.7518807992e-03 4.1697364958e-04 2.1612412008e-05 -2.4031611678e-05 4.1522687833e-04 -6.8228175147e-06
49                 -1.7589484517e-03 8.3182253927e-04 1.6451382467e-05 -1.7349762204e-03 4.1778175359e-04 2.3234461334e-05 -2.3972231245e-05 4.1404078568e-04 -6.7830788667e-06
50                 -1.7437435227e-03 8.3153887286e-04 1.8036832132e-05 -1.7197865516e-03 4.1862037892e-04 2.4796558272e-05 -2.3956971149e-05 4.1291849394e-04 -6.7597261405e-06
51                 -1.7300239833e-03 8.3123738089e-04 1.9679797172e-05 -1.7061207903e-03 4.1937556050e-04 2.6404901633e-05 -2.3903193029e-05 4.1186182039e-04 -6.7251044618e-06
52                 -1.7177711325e-03 8.3113089145e-04 2.1184824089e-05 -1.6938798653e-03 4.2025754924e-04 2.7891373231e-05 -2.3891267215e-05 4.1087334221e-04 -6.7065491422e-06
53                 -1.7062280430e-03 8.3098978600e-04 2.2588909239e-05 -1.6823863170e-03 4.2103839481e-04 2.9265970871e-05 -2.3841726098e-05 4.0995139119e-04 -6.6770616325e-06
54                 -1.6953952756e-03 8.3093032558e-04 2.3784620952e-05 -1.6715625903e-03 4.2184155378e-04 3.0447483072e-05 -2.3832685288e-05 4.0908877180e-04 -6.6628621201e-06
55                 -1.6848938457e-03 8.3076925211e-04 2.4934432399e-05 -1.6611070654e-03 4.2249089742e-04 3.1572058894e-05 -2.3786780300e-05 4.0827835468e-04 -6.6376264953e-06
56                 -1.6749442656e-03 8.3070276575e-04 2.5956324256e-05 -1.6511645809e-03 4.2318476192e-04 3.2583415393e-05 -2.3779684656e-05 4.0751800383e-04 -6.6270911374e-06
57                 -1.6651674245e-03 8.3058877129e-04 2.6965689697e-05 -1.6414326818e-03 4.2378126684e-04 3.3571508232e-05 -2.3734742653e-05 4.0680750445e-04 -6.6058185351e-06
58                 -1.6556904325e-03 8.3058358280e-04 2.7840537689e-05 -1.6319643537e-03 4.2443741767e-04 3.4439503859e-05 -2.3726078789e-05 4.0614616513e-04 -6.5989661700e-06
59                 -1.6461112465e-03 8.3049791472e-04 2.8699250626e-05 -1.6224324240e-03 4.2496932179e-04 3.5280553535e-05 -2.3678822497e-05 4.0552859293e-04 -6.5813029091e-06
60                 -1.6366546099e-03 8.3048604880e-04 2.9448325733e-05 -1.6129876683e-03 4.2553545029e-04 3.6025654594e-05 -2.3666941592e-05 4.0495059851e-04 -6.5773288609e-06
61                 -1.6270089645e-03 8.3038789537e-04 3.0217113890e-05 -1.6033915499e-03 4.2598033268e-04 3.6779098736e-05 -2.3617414690e-05 4.0440756269e-04 -6.5619848452e-06
62                 -1.6174270572e-03 8.3037709813e-04 3.0906553129e-05 -1.5938239219e-03 4.2647778700e-04 3.7466331809e-05 -2.3603135352e-05 4.0389931113e-04 -6.5597786803e-06
63                 -1.6076045813e-03 8.3029109686e-04 3.1628938117e-05 -1.5840537563e-03 4.2686829654e-04 3.8175134760e-05 -2.3550825028e-05 4.0342280032e-04 -6.5461966434e-06
64                 -1.5978023294e-03 8.3029141869e-04 3.2273659320e-05 -1.5742693880e-03 4.2731381930e-04 3.8819115785e-05 -2.3532941400e-05 4.0297759939e-04 -6.5454564657e-06
65                 -1.5877036661e-03 8.3020731060e-04 3.2948146434e-05 -1.5642263054e-03 4.2764774924e-04 3.9481161414e-05 -2.3477360783e-05 4.0255956136e-04 -6.5330149804e-06
66                 -1.5776393046e-03 8.3019685669e-04 3.3541693782e-05 -1.5541823056e-03 4.2802846458e-04 4.0074568753e-05 -2.3456999006e-05 4.0216839212e-04 -6.5328749713e-06
67                 -1.5671681803e-03 8.3011012673e-04 3.4163747100e-05 -1.5437679478e-03 4.2830919438e-04 4.0684572470e-05 -2.3400232552e-05 4.0180093235e-04 -6.5208253700e-06
68                 -1.5566533407e-03 8.3010346891e-04 3.4699289334e-05 -1.5332741613e-03 4.2864544873e-04 4.1220226227e-05 -2.3379179435e-05 4.0145802018e-04 -6.5209368926e-06
69                 -1.5457967198e-03 8.3001220817e-04 3.5244227869e-05 -1.5224749258e-03 4.2887530701e-04 4.1753367267e-05 -2.3321793992e-05 4.0113690117e-04 -6.5091393981e-06
70                 -1.5347755299e-03 8.2999901949e-04 3.5686250868e-05 -1.5114765309e-03 4.2915974727e-04 4.2195943328e-05 -2.3298998966e-05 4.0083927222e-04 -6.5096924599e-06
71                 -1.5232824096e-03 8.2989958098e-04 3.6129244317e-05 -1.5000432539e-03 4.2933716676e-04 4.2627743633e-05 -2.3239155698e-05 4.0056241422e-04 -6.4984993155e-06
72                 -1.5115767357e-03 8.2987168439e-04 3.6468785078e-05 -1.4883627216e-03 4.2956404292e-04 4.2968324460e-05 -2.3214014105e-05 4.0030764147e-04 -6.4995393820e-06
73                 -1.4993923309e-03 8.2974827981e-04 3.6817296337e-05 -1.4762402067e-03 4.2967641171e-04 4.3306028957e-05 -2.3152124176e-05 4.0007186809e-04 -6.4887326196e-06
74                 -1.4870211100e-03 8.2969227622e-04 3.7081431830e-05 -1.4638960242e-03 4.2983642737e-04 4.3571229530e-05 -2.3125085823e-05 3.9985584885e-04 -6.4897976996e-06
75                 -1.4742608151e-03 8.2954260241e-04 3.7383521341e-05 -1.4511986802e-03 4.2988764827e-04 4.3862165905e-05 -2.3062134852e-05 3.9965495414e-04 -6.4786445646e-06
76                 -1.4614691670e-03 8.2946350694e-04 3.7639067817e-05 -1.4384345239e-03 4.2999485859e-04 4.4118177016e-05 -2.3034643052e-05 3.9946864835e-04 -6.4791091994e-06
77                 -1.4485127269e-03 8.2929028499e-04 3.7974213370e-05 -1.4255409635e-03 4.2999772937e-04 4.4441623791e-05 -2.2971763468e-05 3.9929255562e-04 -6.4674104219e-06
78                 -1.4357782311e-03 8.2918823583e-04 3.8302620286e-05 -1.4128337006e-03 4.3006251658e-04 4.4769893501e-05 -2.2944530479e-05 3.9912571925e-04 -6.4672732150e-06
79                 -1.4231611196e-03 8.2899970422e-04 3.8745349712e-05 -1.4002785802e-03 4.3003630120e-04 4.5200368930e-05 -2.2882539399e-05 3.9896340303e-04 -6.4550192183e-06
80                 -1.4110688608e-03 8.2889219374e-04 3.9211901898e-05 -1.3882124946e-03 4.3008639527e-04 4.5666126779e-05 -2.2856366196e-05 3.9880579847e-04 -6.4542248810e-06
81                 -1.3993898599e-03 8.2870834368e-04 3.9810809258e-05 -1.3765938397e-03 4.3005890300e-04 4.6252175017e-05 -2.2796020203e-05 3.9864944069e-04 -6.4413657588e-06
82                 -1.3884753702e-03 8.2860885140e-04 4.0439687230e-05 -1.3657034656e-03 4.3011383933e-04 4.6879493512e-05 -2.2771904625e-05 3.9849501207e-04 -6.4398062819e-06
83                 -1.3781487298e-03 8.2843478824e-04 4.1192466534e-05 -1.3554337704e-03 4.3009487434e-04 4.7618640657e-05 -2.2714959442e-05 3.9833991390e-04 -6.4261741223e-06
84                 -1.3686891636e-03 8.2835050474e-04 4.1953732932e-05 -1.3459943642e-03 4.3016457481e-04 4.8377455469e-05 -2.2694799370e-05 3.9818592993e-04 -6.4237225379e-06
85                 -1.3598416184e-03 8.2819798543e-04 4.2802596261e-05 -1.3371989240e-03 4.3016625310e-04 4.9212075387e-05 -2.2642694410e-05 3.9803173233e-04 -6.4094791253e-06
86                 -1.3517946417e-03 8.2813705998e-04 4.3614555695e-05 -1.3291675888e-03 4.3025688681e-04 5.0021194828e-05 -2.2627052918e-05 3.9788017317e-04 -6.4066391337e-06
87                 -1.3442246048e-03 8.2800932811e-04 4.4462876875e-05 -1.3216452743e-03 4.3027867929e-04 5.0855453223e-05 -2.2579330540e-05 3.9773064882e-04 -6.3925763480e-06
88                 -1.3372690203e-03 8.2797007108e-04 4.5226277422e-05 -1.3147017494e-03 4.3038378627e-04 5.1616434199e-05 -2.2567270926e-05 3.9758628481e-04 -6.3901567770e-06
89                 -1.3305663672e-03 8.2785751553e-04 4.5986222859e-05 -1.3080432138e-03 4.3041148839e-04 5.2363047259e-05 -2.2523153462e-05 3.9744602714e-04 -6.3768243995e-06
90                 -1.3242484559e-03 8.2782666867e-04 4.6635521919e-05 -1.3017342428e-03 4.3051413200e-04 5.3010653852e-05 -2.2514213060e-05 3.9731253667e-04 -6.3751319327e-06
91                 -1.3179916908e-03 8.2771837221e-04 4.7265791713e-05 -1.2955183502e-03 4.3053393467e-04 5.3628509970e-05 -2.2473340547e-05 3.9718443754e-04 -6.3627182572e-06
92                 -1.3119524253e-03 8.2768738652e-04 4.7779900864e-05 -1.2894853567e-03 4.3062333665e-04 5.4141714447e-05 -2.2467068614e-05 3.9706404986e-04 -6.3618135831e-06
93                 -1.3058422550e-03 8.2757654518e-04 4.8277969970e-05 -1.2834134463e-03 4.3062723798e-04 5.4628226195e-05 -2.2428808672e-05 3.9694930720e-04 -6.3502562248e-06
94                 -1.2998628368e-03 8.2754104696e-04 4.8672361340e-05 -1.2774381189e-03 4.3069922008e-04 5.5022424731e-05 -2.2424717933e-05 3.9684182688e-04 -6.3500633909e-06
95                 -1.2937627724e-03 8.2742387288e-04 4.9067596708e-05 -1.2713740492e-03 4.3068460599e-04 5.5406776939e-05 -2.2388723223e-05 3.9673926689e-04 -6.3391802317e-06
96                 -1.2877762822e-03 8.2738058808e-04 4.9383010326e-05 -1.2653897938e-03 4.3073758590e-04 5.5722432998e-05 -2.2386488461e-05 3.9664300217e-04 -6.3394226718e-06
97                 -1.2817074611e-03 8.2725641268e-04 4.9724683571e-05 -1.2593551319e-03 4.3070597453e-04 5.6053572102e-05 -2.2352329264e-05 3.9655043815e-04 -6.3288885313e-06
98                 -1.2757859307e-03 8.2720736310e-04 5.0006258467e-05 -1.2534343039e-03 4.3074456570e-04 5.6335521617e-05 -2.2351626849e-05 3.9646279740e-04 -6.3292631497e-06
99                 -1.2698226665e-03 8.2707945138e-04 5.0329772917e-05 -1.2475037296e-03 4.3070189971e-04 5.6648573738e-05 -2.2318936902e-05 3.9637755167e-04 -6.3188008215e-06
100                -1.2640624456e-03 8.2703004011e-04 5.0608779196e-05 -1.2417430174e-03 4.3073369619e-04 5.6927923172e-05 -2.2319428238e-05 3.9629634392e-04 -6.3191439752e-06
101                -1.2583249946e-03 8.2690521157e-04 5.0941265112e-05 -1.2360370596e-03 4.3068838690e-04 5.7249895732e-05 -2.2287935016e-05 3.9621682467e-04 -6.3086306194e-06
102                -1.2528387951e-03 8.2686129934e-04 5.1234397540e-05 -1.2305492339e-03 4.3072049079e-04 5.7543266884e-05 -2.2289561220e-05 3.9614080855e-04 -6.3088693440e-06
103                -1.2474149245e-03 8.2674243885e-04 5.1580611278e-05 -1.2251556890e-03 4.3067634773e-04 5.7878904904e-05 -2.2259235544e-05 3.9606609111e-04 -6.2982936268e-06
104                -1.2422444041e-03 8.2670448160e-04 5.1883574531e-05 -1.2199825557e-03 4.3070994178e-04 5.8182082034e-05 -2.2261848340e-05 3.9599453982e-04 -6.2985075035e-06
105                -1.2371387995e-03 8.2659167004e-04 5.2234698426e-05 -1.2149063818e-03 4.3066742443e-04 5.8522684018e-05 -2.2232417674e-05 3.9592424561e-04 -6.2879855924e-06
106                -1.2322994156e-03 8.2656068130e-04 5.2537325790e-05 -1.2100635753e-03 4.3070340712e-04 5.8825624325e-05 -2.2235840308e-05 3.9585727417e-04 -6.2882985343e-06
107                -1.2275103547e-03 8.2645427914e-04 5.2879538639e-05 -1.2053031590e-03 4.3066267290e-04 5.9157473530e-05 -2.2207195661e-05 3.9579160624e-04 -6.2779348905e-06
108                -1.2229593838e-03 8.2642920371e-04 5.3166605069e-05 -1.2007480710e-03 4.3069998056e-04 5.9445051251e-05 -2.2211312897e-05 3.9572922315e-04 -6.2784461823e-06
109                -1.2184412666e-03 8.2632811994e-04 5.3489527248e-05 -1.1962579366e-03 4.3065981837e-04 5.9757850331e-05 -2.2183329987e-05 3.9566830157e-04 -6.2683230827e-06
110                -1.2141417044e-03 8.2630794859e-04 5.3755039640e-05 -1.1919535134e-03 4.3069724207e-04 6.0024123143e-05 -2.2188190955e-05 3.9561070653e-04 -6.2690835030e-06
111                -1.2098548652e-03 8.2620986574e-04 5.4054033522e-05 -1.1876939430e-03 4.3065532590e-04 6.0313276302e-05 -2.2160922199e-05 3.9555453984e-04 -6.2592427795e-06
112                -1.2057642707e-03 8.2619216197e-04 5.4295340357e-05 -1.1835978584e-03 4.3069059300e-04 6.0555628709e-05 -2.2166412380e-05 3.9550156897e-04 -6.2602883524e-06
113                -1.2016733966e-03 8.2609594536e-04 5.4571580962e-05 -1.1795336370e-03 4.3064611306e-04 6.0822303781e-05 -2.2139759665e-05 3.9544983230e-04 -6.2507228189e-06
114                -1.1977707196e-03 8.2608033180e-04 5.4793017475e-05 -1.1756247069e-03 4.3067934927e-04 6.1045033778e-05 -2.2146012620e-05 3.9540098253e-04 -6.2520163029e-06
115                -1.1938661823e-03 8.2598614708e-04 5.5052134816e-05 -1.1717460720e-03 4.3063303090e-04 6.1294809228e-05 -2.2120110298e-05 3.9535311618e-04 -6.2426744124e-06
116                -1.1902059211e-03 8.2597206115e-04 5.5257091583e-05 -1.1680787094e-03 4.3066430385e-04 6.1501266268e-05 -2.2127211735e-05 3.9530775730e-04 -6.2441746853e-06
117                -1.1863645131e-03 8.2588008962e-04 5.5511628716e-05 -1.1642623848e-03 4.3061689854e-04 6.1746670002e-05 -2.2102128259e-05 3.9526319108e-04 -6.2350412859e-06
118                -1.1829222703e-03 8.2586975209e-04 5.5702174871e-05 -1.1608124651e-03 4.3064885952e-04 6.1938858777e-05 -2.2109805191e-05 3.9522089257e-04 -6.2366839059e-06
119                -1.1793699377e-03 8.2578301741e-04 5.5938796829e-05 -1.1572846190e-03 4.3060372144e-04 6.2166455985e-05 -2.2085318646e-05 3.9517929596e-04 -6.2276591567e-06
120                -1.1759517840e-03 8.2577196711e-04 5.6130836278e-05 -1.1538580613e-03 4.3063216516e-04 6.2360318561e-05 -2.2093722709e-05 3.9513980195e-04 -6.2294822829e-06
121                -1.1725817770e-03 8.2568867687e-04 5.6354540744e-05 -1.1505121548e-03 4.3058774889e-04 6.2575125405e-05 -2.2069622184e-05 3.9510092798e-04 -6.2205846605e-06
122                -1.1693790272e-03 8.2568301355e-04 5.6529384589e-05 -1.1473006442e-03 4.3061886213e-04 6.2751883956e-05 -2.2078383083e-05 3.9506415142e-04 -6.2224993668e-06
123                -1.1661356608e-03 8.2560296197e-04 5.6740865903e-05 -1.1440809940e-03 4.3057497104e-04 6.2954594830e-05 -2.2054666801e-05 3.9502799093e-04 -6.2137289274e-06
124                -1.1630308374e-03 8.2559909661e-04 5.6905429778e-05 -1.1409670541e-03 4.3060528169e-04 6.3121238957e-05 -2.2063783230e-05 3.9499381492e-04 -6.2158091792e-06
125                -1.1599128238e-03 8.2552093161e-04 5.7103558549e-05 -1.1378724138e-03 4.3056069045e-04 6.3310763303e-05 -2.2040409988e-05 3.9496024116e-04 -6.2072047543e-06
126                -1.1569283411e-03 8.2551912853e-04 5.7252925674e-05 -1.1348785649e-03 4.3059053694e-04 6.3462356573e-05 -2.2049776226e-05 3.9492859159e-04 -6.2094308986e-06
127                -1.1539066247e-03 8.2544236208e-04 5.7436489894e-05 -1.1318799452e-03 4.3054486503e-04 6.3637453017e-05 -2.2026679510e-05 3.9489749705e-04 -6.2009631236e-06
128                -1.1510090107e-03 8.2544162318e-04 5.7573303059e-05 -1.1289727057e-03 4.3057343935e-04 6.3776613953e-05 -2.2036304989e-05 3.9486818384e-04 -6.2033108942e-06
129                -1.1480787099e-03 8.2536592518e-04 5.7745529625e-05 -1.1260651952e-03 4.3052662569e-04 6.3940495476e-05 -2.2013514691e-05 3.9483929949e-04 -6.1949658511e-06
130                -1.1452710675e-03 8.2536644567e-04 5.7872056979e-05 -1.1232476788e-03 4.3055439785e-04 6.4069486409e-05 -2.2023388663e-05 3.9481204782e-04 -6.1974294298e-06
131                -1.1424292584e-03 8.2529186014e-04 5.8034916540e-05 -1.1204283754e-03 4.3050672231e-04 6.4224121159e-05 -2.2000882926e-05 3.9478513783e-04 -6.1892046196e-06
132                -1.1397100278e-03 8.2529345547e-04 5.8153770025e-05 -1.1176990626e-03 4.3053371885e-04 6.4345546301e-05 -2.2010965290e-05 3.9475973662e-04 -6.1917762759e-06
133                -1.1369606537e-03 8.2522028116e-04 5.8310049700e-05 -1.1149719476e-03 4.3048568800e-04 6.4493704666e-05 -2.1988706142e-05 3.9473459316e-04 -6.1836549658e-06
134                -1.1343369342e-03 8.2522336160e-04 5.8423404425e-05 -1.1123379628e-03 4.3051251258e-04 6.4609723113e-05 -2.1998971363e-05 3.9471084902e-04 -6.1863186881e-06
135                -1.1316887453e-03 8.2515160601e-04 5.8574723212e-05 -1.1097117907e-03 4.3046434016e-04 6.4753013293e-05 -2.1976954552e-05 3.9468726586e-04 -6.1782900809e-06
136                -1.1291676729e-03 8.2515595076e-04 5.8683526427e-05 -1.1071802470e-03 4.3049099314e-04 6.4864575549e-05 -2.1987425816e-05 3.9466495763e-04 -6.1810491220e-06
137                -1.1266232403e-03 8.2508552554e-04 5.8830245633e-05 -1.1046575727e-03 4.3044280391e-04 6.5003358823e-05 -2.1965667608e-05 3.9464272163e-04 -6.1731131902e-06
138                -1.1242065402e-03 8.2509137800e-04 5.8934894158e-05 -1.1022301839e-03 4.3046968692e-04 6.5110866526e-05 -2.1976356319e-05 3.9462169108e-04 -6.1759723673e-06
139                -1.1217690377e-03 8.2502242116e-04 5.9077738616e-05 -1.0998141732e-03 4.3042173587e-04 6.5245865217e-05 -2.1954864485e-05 3.9460068529e-04 -6.1681266013e-06
140                -1.1194605056e-03 8.2502977364e-04 5.9178823262e-05 -1.0974947239e-03 4.3044896532e-04 6.5349914512e-05 -2.1965781731e-05 3.9458080831e-04 -6.1710912496e-06
141                -1.1171334408e-03 8.2496235292e-04 5.9317692136e-05 -1.0951888827e-03 4.3040145909e-04 6.5481030316e-05 -2.1944558098e-05 3.9456089384e-04 -6.1633381802e-06
142                -1.1149336558e-03 8.2497111132e-04 5.9414759159e-05 -1.0929779441e-03 4.3042905243e-04 6.5581168373e-05 -2.1955711774e-05 3.9454205889e-04 -6.1664092146e-06
143                -1.1127146641e-03 8.2490490140e-04 5.9549742111e-05 -1.0907799178e-03 4.3038174477e-04 6.5708476602e-05 -2.1934746285e-05 3.9452315663e-04 -6.1587344904e-06
144                -1.1106231064e-03 8.2491497981e-04 5.9643084866e-05 -1.0886769693e-03 4.3040969315e-04 6.5804986596e-05 -2.1946137089e-05 3.9450528666e-04 -6.1619017296e-06
145                -1.1085130989e-03 8.2485006134e-04 5.9774042098e-05 -1.0865876534e-03 4.3036274801e-04 6.5928352455e-05 -2.1925445445e-05 3.9448731333e-04 -6.1543103573e-06
146                -1.1065283990e-03 8.2486161039e-04 5.9863193092e-05 -1.0845913334e-03 4.3039127302e-04 6.6020772400e-05 -2.1937065676e-05 3.9447033737e-04 -6.1575793077e-06
147                -1.1045237272e-03 8.2479833887e-04 5.9989544375e-05 -1.0826071246e-03 4.3034506259e-04 6.6139620248e-05 -2.1916602599e-05 3.9445327628e-04 -6.1500758730e-06
148                -1.1026400314e-03 8.2481153275e-04 6.0074035687e-05 -1.0807116145e-03 4.3037432011e-04 6.6227482646e-05 -2.1928416874e-05 3.9443721263e-04 -6.1534469588e-06
149                -1.1007340614e-03 8.2474955770e-04 6.0195635958e-05 -1.0788258751e-03 4.3032850103e-04 6.6341671795e-05 -2.1908186352e-05 3.9442105666e-04 -6.1460358375e-06
150                -1.0989464430e-03 8.2476389275e-04 6.0275380906e-05 -1.0770262303e-03 4.3035804979e-04 6.6424896284e-05 -2.1920212693e-05 3.9440584296e-04 -6.1495153778e-06
151                -1.0971359240e-03 8.2470305762e-04 6.0391776068e-05 -1.0752357205e-03 4.3031253842e-04 6.6533977455e-05 -2.1900203467e-05 3.9439051920e-04 -6.1422013868e-06
152                -1.0954401793e-03 8.2471865428e-04 6.0466216066e-05 -1.0735277599e-03 4.3034249701e-04 6.6612003060e-05 -2.1912419424e-05 3.9437615727e-04 -6.1457869934e-06
153                -1.0937167152e-03 8.2465875721e-04 6.0577392481e-05 -1.0718241062e-03 4.3029705324e-04 6.6715953634e-05 -2.1892609008e-05 3.9436170396e-04 -6.1385611533e-06
154                -1.0921048726e-03 8.2467514386e-04 6.0646908389e-05 -1.0701998742e-03 4.3032694787e-04 6.6789150728e-05 -2.1904998383e-05 3.9434819600e-04 -6.1422423383e-06
155                -1.0904635421e-03 8.2461617424e-04 6.0752843141e-05 -1.0685781534e-03 4.3028158062e-04 6.6887941670e-05 -2.1885388774e-05 3.9433459362e-04 -6.1350985293e-06
156                -1.0889293645e-03 8.2463375641e-04 6.0817277207e-05 -1.0670314317e-03 4.3031188833e-04 6.6956148597e-05 -2.1897932776e-05 3.9432186807e-04 -6.1388713904e-06
157                -1.0873624632e-03 8.2457592279e-04 6.0918736970e-05 -1.0654839851e-03 4.3026694936e-04 6.7050539760e-05 -2.1878478142e-05 3.9430897343e-04 -6.1318027901e-06
158                -1.0859007638e-03 8.2459446343e-04 6.0979357572e-05 -1.0640096011e-03 4.3029751494e-04 6.7115006316e-05 -2.1891162690e-05 3.9429694848e-04 -6.1356487447e-06
159                -1.0844059457e-03 8.2453735155e-04 6.1077006833e-05 -1.0625340557e-03 4.3025257269e-04 6.7205652494e-05 -2.1871889959e-05 3.9428477885e-04 -6.1286456609e-06
160                -1.0830158003e-03 8.2455704749e-04 6.1133879759e-05 -1.0611310695e-03 4.3028358441e-04 6.7266440328e-05 -2.1884730819e-05 3.9427346308e-04 -6.1325605681e-06
161                -1.0815924939e-03 8.2450140910e-04 6.1227731424e-05 -1.0597268162e-03 4.3023942886e-04 6.7353364835e-05 -2.1865677716e-05 3.9426198025e-04 -6.1256334109e-06
162                -1.0802708514e-03 8.2452208602e-04 6.1281115207e-05 -1.0583921513e-03 4.3027076730e-04 6.7410737176e-05 -2.1878700078e-05 3.9425131872e-04 -6.1296219688e-06
163                -1.0789157393e-03 8.2446703903e-04 6.1371470883e-05 -1.0570558989e-03 4.3022655906e-04 6.7494241600e-05 -2.1859840423e-05 3.9424047997e-04 -6.1227707164e-06
164                -1.0776716791e-03 8.2448846558e-04 6.1421898446e-05 -1.0557986825e-03 4.3025804750e-04 6.7548719172e-05 -2.1872996622e-05 3.9423041807e-04 -6.1268207251e-06
165                -1.0763708543e-03 8.2443402305e-04 6.1508331677e-05 -1.0545165485e-03 4.3021387698e-04 6.7628373196e-05 -2.1854305752e-05 3.9422014607e-04 -6.1200415192e-06
166                -1.0751934215e-03 8.2445676748e-04 6.1555977969e-05 -1.0533258553e-03 4.3024608620e-04 6.7680129686e-05 -2.1867566125e-05 3.9421068128e-04 -6.1241517166e-06
167                -1.0739728320e-03 8.2440244703e-04 6.1639354378e-05 -1.0521238265e-03 4.3020150490e-04 6.7756789253e-05 -2.1849005558e-05 3.9420094213e-04 -6.1174348747e-06
168                -1.0728397766e-03 8.2442852523e-04 6.1683658922e-05 -1.0509774078e-03 4.3023651420e-04 6.7805258238e-05 -2.1862368757e-05 3.9419201103e-04 -6.1215993167e-06
169                -1.0716791847e-03 8.2437422553e-04 6.1764345602e-05 -1.0498352352e-03 4.3019144256e-04 6.7879298160e-05 -2.1843949439e-05 3.9418278297e-04 -6.1149525585e-06
170                -1.0706105615e-03 8.2439977461e-04 6.1805999155e-05 -1.0487531050e-03 4.3022543891e-04 6.7925177690e-05 -2.1857456491e-05 3.9417433570e-04 -6.1191785358e-06
171                -1.0695056771e-03 8.2434644327e-04 6.1883368268e-05 -1.0476664709e-03 4.3018085617e-04 6.7995967381e-05 -2.1839206216e-05 3.9416558710e-04 -6.1125991130e-06
172                -1.0684851358e-03 8.2437321271e-04 6.1921889649e-05 -1.0466322973e-03 4.3021560585e-04 6.8038767724e-05 -2.1852838532e-05 3.9415760686e-04 -6.1168780751e-06
173                -1.0674274263e-03 8.2432044332e-04 6.1996773916e-05 -1.0455926946e-03 4.3017114743e-04 6.8107133460e-05 -2.1834731708e-05 3.9414929589e-04 -6.1103595442e-06
174                -1.0664551705e-03 8.2434762831e-04 6.2033037098e-05 -1.0446067118e-03 4.3020589734e-04 6.8147720153e-05 -2.1848458710e-05 3.9414173097e-04 -6.1146830552e-06
175                -1.0654442794e-03 8.2429544287e-04 6.2105442861e-05 -1.0436138120e-03 4.3016161763e-04 6.8213662490e-05 -2.1830467480e-05 3.9413382525e-04 -6.1082196287e-06
176                -1.0645149952e-03 8.2432301617e-04 6.2139405804e-05 -1.0426707297e-03 4.3019636502e-04 6.8251991426e-05 -2.1844265523e-05 3.9412665116e-04 -6.1125856211e-06
177                -1.0635662416e-03 8.2427288312e-04 6.2209573041e-05 -1.0417398587e-03 4.3015375439e-04 6.8315749761e-05 -2.1826382873e-05 3.9411912873e-04 -6.1061767199e-06
178                -1.0627119442e-03 8.2429832890e-04 6.2239430939e-05 -1.0408716726e-03 4.3018604221e-04 6.8350015415e-05 -2.1840271569e-05 3.9411228669e-04 -6.1105844760e-06
179                -1.0617702050e-03 8.2424757901e-04 6.2305521962e-05 -1.0399476971e-03 4.3014245498e-04 6.8409757431e-05 -2.1822507937e-05 3.9410512403e-04 -6.1042354697e-06
180                -1.0609375628e-03 8.2427814983e-04 6.2333287145e-05 -1.0391011113e-03 4.3017936752e-04 6.8441971403e-05 -2.1836451564e-05 3.9409878231e-04 -6.1086842589e-06
181                -1.0600938498e-03 8.2422876181e-04 6.2397421241e-05 -1.0382750481e-03 4.3013666558e-04 6.8499803921e-05 -2.1818801696e-05 3.9409209622e-04 -6.1023826802e-06
182                -1.0593220573e-03 8.2425762036e-04 6.2421076653e-05 -1.0374891962e-03 4.3017145968e-04 6.8527947247e-05 -2.1832861121e-05 3.9408616069e-04 -6.1068705944e-06
183                -1.0584893595e-03 8.2420734604e-04 6.2480053828e-05 -1.0366740033e-03 4.3012748852e-04 6.8580684149e-05 -2.1815356203e-05 3.9407985752e-04 -6.1006303202e-06
184                -1.0576806113e-03 8.2423590675e-04 6.2501879231e-05 -1.0358511085e-03 4.3016160235e-04 6.8607045533e-05 -2.1829502805e-05 3.9407430440e-04 -6.1051663019e-06
185                -1.0569539427e-03 8.2418812721e-04 6.2561584973e-05 -1.0351418097e-03 4.3011980334e-04 6.8660548523e-05 -2.1812132987e-05 3.9406832387e-04 -6.0989635503e-06
186                -1.0562139441e-03 8.2421745269e-04 6.2582664157e-05 -1.0343875671e-03 4.3015445535e-04 6.8686187839e-05 -2.1826377028e-05 3.9406299734e-04 -6.1035236820e-06
187                -1.0554041654e-03 8.2416743946e-04 6.2640549888e-05 -1.0335951086e-03 4.3011017941e-04 6.8737927622e-05 -2.1809056855e-05 3.9405726005e-04 -6.0973777333e-06
188                -1.0547110553e-03 8.2419786086e-04 6.2661791430e-05 -1.0328877707e-03 4.3014563910e-04 6.8763753573e-05 -2.1823284641e-05 3.9405222176e-04 -6.1019621433e-06
189                -1.0539873232e-03 8.2415002937e-04 6.2720118115e-05 -1.0321813257e-03 4.3010328969e-04 6.8815946205e-05 -2.1805997496e-05 3.9404673967e-04 -6.0958280900e-06
190                -1.0533279377e-03 8.2418071799e-04 6.2738984168e-05 -1.0315077134e-03 4.3013877982e-04 6.8839406504e-05 -2.1820224245e-05 3.9404193817e-04 -6.1004223360e-06
191                -1.0526186141e-03 8.2413271551e-04 6.2793948436e-05 -1.0308156293e-03 4.3009601617e-04 6.8888275635e-05 -2.1802984759e-05 3.9403669933e-04 -6.0943271986e-06
192                -1.0519963955e-03 8.2416384413e-04 6.2810806399e-05 -1.0301791018e-03 4.3013169499e-04 6.8909762950e-05 -2.1817293763e-05 3.9403214913e-04 -6.0989565516e-06
193                -1.0513317986e-03 8.2411653150e-04 6.2864190235e-05 -1.0295316142e-03 4.3008939046e-04 6.8957091436e-05 -2.1800184420e-05 3.9402714104e-04 -6.0929012015e-06
194                -1.0507451930e-03 8.2414791057e-04 6.2878370471e-05 -1.0289305950e-03 4.3012510663e-04 6.8975936614e-05 -2.1814598059e-05 3.9402280394e-04 -6.0975661436e-06
195                -1.0501081045e-03 8.2410072117e-04 6.2928700883e-05 -1.0283105240e-03 4.3008272093e-04 6.9020255246e-05 -2.1797580509e-05 3.9401800024e-04 -6.0915543637e-06
196                -1.0495492670e-03 8.2413226380e-04 6.2940679545e-05 -1.0277372173e-03 4.3011838816e-04 6.9036932233e-05 -2.1812049676e-05 3.9401387564e-04 -6.0962526876e-06
197                -1.0489397369e-03 8.2408549317e-04 6.2989742046e-05 -1.0271446478e-03 4.3007621491e-04 6.9080014453e-05 -2.1795089169e-05 3.9400927826e-04 -6.0902724065e-06
198                -1.0484097152e-03 8.2411745583e-04 6.3000532105e-05 -1.0266001048e-03 4.3011210129e-04 6.9095530200e-05 -2.1809610427e-05 3.9400535454e-04 -6.0949980946e-06
199                -1.0478289217e-03 8.2407119438e-04 6.3047921321e-05 -1.0260361945e-03 4.3007022851e-04 6.9136974432e-05 -2.1792727275e-05 3.9400096586e-04 -6.0890531107e-06
200                -1.0473259936e-03 8.2410358257e-04 6.3056980047e-05 -1.0255186897e-03 4.3010631059e-04 6.9150788427e-05 -2.1807303894e-05 3.9399727198e-04 -6.0938083802e-06
201                -1.0467687398e-03 8.2405777495e-04 6.3103014996e-05 -1.0249782616e-03 4.3006466312e-04 6.9190906684e-05 -2.1790478228e-05 3.9399311183e-04 -6.0878916886e-06
202                -1.0462903076e-03 8.2409046558e-04 6.3110982141e-05 -1.0244851823e-03 4.3010084240e-04 6.9203657931e-05 -2.1805125351e-05 3.9398962318e-04 -6.0926757903e-06
203                -1.0457581951e-03 8.2404494105e-04 6.3156016041e-05 -1.0239698075e-03 4.3005929583e-04 6.9242806694e-05 -2.1788387511e-05 3.9398564521e-04 -6.0867906534e-06
204                -1.0453062796e-03 8.2407791850e-04 6.3162760762e-05 -1.0235031738e-03 4.3009558508e-04 6.9254366526e-05 -2.1803105820e-05 3.9398233342e-04 -6.0916057638e-06
205                -1.0447993858e-03 8.2403273890e-04 6.3206377940e-05 -1.0230129594e-03 4.3005420748e-04 6.9292126481e-05 -2.1786426352e-05 3.9397853142e-04 -6.0857485411e-06
206                -1.0443713672e-03 8.2406603268e-04 6.3211693205e-05 -1.0225701681e-03 4.3009062639e-04 6.9302285150e-05 -2.1801199152e-05 3.9397540629e-04 -6.0905919444e-06
207                -1.0438856591e-03 8.2402116202e-04 6.3254153164e-05 -1.0221011025e-03 4.3004936435e-04 6.9338907698e-05 -2.1784556537e-05 3.9397179766e-04 -6.0847545336e-06
208                -1.0434791065e-03 8.2405467266e-04 6.3258564216e-05 -1.0216797352e-03 4.3008581228e-04 6.9348184410e-05 -2.1799371235e-05 3.9396886038e-04 -6.0896201938e-06
209                -1.0430156508e-03 8.2401010416e-04 6.3300090634e-05 -1.0212328745e-03 4.3004467357e-04 6.9383895093e-05 -2.1782776321e-05 3.9396543059e-04 -6.0838044592e-06
210                -1.0426319714e-03 8.2404390034e-04 6.3303247174e-05 -1.0208343340e-03 4.3008123219e-04 6.9391939600e-05 -2.1797637324e-05 3.9396266815e-04 -6.0886924253e-06
211                -1.0421883728e-03 8.2399951554e-04 6.3343426993e-05 -1.0204073065e-03 4.3004009500e-04 6.9426320502e-05 -2.1781066351e-05 3.9395942054e-04 -6.0828935094e-06
212                -1.0418241460e-03 8.2403347540e-04 6.3345386631e-05 -1.0200281951e-03 4.3007664138e-04 6.9433185149e-05 -2.1795950903e-05 3.9395683402e-04 -6.0877985177e-06
213                -1.0413992743e-03 8.2398945714e-04 6.3384519912e-05 -1.0196198511e-03 4.3003570369e-04 6.9466540906e-05 -2.1779423237e-05 3.9395375346e-04 -6.0820209939e-06
214                -1.0410541560e-03 8.2402366794e-04 6.3385540340e-05 -1.0192598050e-03 4.3007235258e-04 6.9472486905e-05 -2.1794351007e-05 3.9395131536e-04 -6.0869465650e-06
215                -1.0406474838e-03 8.2397987122e-04 6.3423764707e-05 -1.0188696257e-03 4.3003150422e-04 6.9504954725e-05 -2.1777858129e-05 3.9394836700e-04 -6.0811900171e-06
216                -1.0403213774e-03 8.2401429064e-04 6.3423706841e-05 -1.0185285605e-03 4.3006824948e-04 6.9509841337e-05 -2.1792816987e-05 3.9394604116e-04 -6.0861344960e-06
217                -1.0399328224e-03 8.2397086474e-04 6.3460884403e-05 -1.0181564586e-03 4.3002766206e-04 6.9541284736e-05 -2.1776363807e-05 3.9394320268e-04 -6.0804003321e-06
218                -1.0396242498e-03 8.2400554834e-04 6.3459958726e-05 -1.0178329000e-03 4.3006455593e-04 6.9545320484e-05 -2.1791349800e-05 3.9394099240e-04 -6.0853617577e-06
219                -1.0392514981e-03 8.2396233348e-04 6.3496424444e-05 -1.0174765591e-03 4.3002405213e-04 6.9576074147e-05 -2.1774939010e-05 3.9393828135e-04 -6.0796497026e-06
220                -1.0389587864e-03 8.2399705016e-04 6.3494908922e-05 -1.0171688185e-03 4.3006086098e-04 6.9579537777e-05 -2.1789967900e-05 3.9393618918e-04 -6.0846288547e-06
221                -1.0386022043e-03 8.2395403613e-04 6.3530714439e-05 -1.0168285748e-03 4.3002045739e-04 6.9609656591e-05 -2.1773629533e-05 3.9393357874e-04 -6.0789421518e-06
222                -1.0383277929e-03 8.2398892641e-04 6.3528235153e-05 -1.0165390947e-03 4.3005735144e-04 6.9612172016e-05 -2.1788698200e-05 3.9393157497e-04 -6.0839368633e-06
223                -1.0379880189e-03 8.2394612292e-04 6.3563010838e-05 -1.0162156253e-03 4.3001706845e-04 6.9641279959e-05 -2.1772393623e-05 3.9392905447e-04 -6.0782691203e-06
224                -1.0377286024e-03 8.2398110871e-04 6.3559750335e-05 -1.0159411442e-03 4.3005396047e-04 6.9643023048e-05 -2.1787458192e-05 3.9392714824e-04 -6.0832727129e-06
225                -1.0374020374e-03 8.2393854491e-04 6.3593855643e-05 -1.0156308600e-03 4.3001381426e-04 6.9671477951e-05 -2.1771177419e-05 3.9392473065e-04 -6.0776223078e-06
226                -1.0371569488e-03 8.2397363974e-04 6.3589843105e-05 -1.0153706889e-03 4.3005071493e-04 6.9672480687e-05 -2.1786259917e-05 3.9392292481e-04 -6.0826375819e-06
227                -1.0368446080e-03 8.2393130221e-04 6.3623106300e-05 -1.0150745838e-03 4.3001069690e-04 6.9700112715e-05 -2.1770024124e-05 3.9392060531e-04 -6.0770064157e-06
228                -1.0366137369e-03 8.2396659976e-04 6.3618124107e-05 -1.0148286150e-03 4.3004768977e-04 6.9700156447e-05 -2.1785121884e-05 3.9391890999e-04 -6.0820323405e-06
229                -1.0363134832e-03 8.2392452659e-04 6.3650543632e-05 -1.0145445771e-03 4.3000781538e-04 6.9726959837e-05 -2.1768906118e-05 3.9391671120e-04 -6.0764162047e-06
230                -1.0360942170e-03 8.2395994744e-04 6.3644903574e-05 -1.0143101973e-03 4.3004480660e-04 6.9726356747e-05 -2.1784019689e-05 3.9391514084e-04 -6.0814531732e-06
231                -1.0358051470e-03 8.2391804013e-04 6.3676732205e-05 -1.0140372988e-03 4.3000498374e-04 6.9752587313e-05 -2.1767848261e-05 3.9391305639e-04 -6.0758551071e-06
232                -1.0355978348e-03 8.2395357045e-04 6.3670431730e-05 -1.0138148354e-03 4.3004197900e-04 6.9751337420e-05 -2.1782999457e-05 3.9391159145e-04 -6.0809056907e-06
233                -1.0353206921e-03 8.2391179495e-04 6.3701543152e-05 -1.0135538267e-03 4.3000219716e-04 6.9776866377e-05 -2.1766865396e-05 3.9390959779e-04 -6.0753232255e-06
234                -1.0351248790e-03 8.2394732634e-04 6.3694604524e-05 -1.0133428397e-03 4.3003911541e-04 6.9774989398e-05 -2.1782039302e-05 3.9390821093e-04 -6.0803848735e-06
235                -1.0348581561e-03 8.2390563335e-04 6.3725234025e-05 -1.0130922304e-03 4.2999935307e-04 6.9800049437e-05 -2.1765925712e-05 3.9390628028e-04 -6.0748154111e-06
236                -1.0346739737e-03 8.2394135892e-04 6.3717877667e-05 -1.0128928670e-03 4.3003640489e-04 6.9797762886e-05 -2.1781106683e-05 3.9390495404e-04 -6.0798852198e-06
237                -1.0344201312e-03 8.2389999327e-04 6.3747994753e-05 -1.0126551272e-03 4.2999690348e-04 6.9822320551e-05 -2.1765004021e-05 3.9390308979e-04 -6.0743257979e-06
238                -1.0342476463e-03 8.2393588621e-04 6.3740041849e-05 -1.0124674450e-03 4.3003404253e-04 6.9819446021e-05 -2.1780201230e-05 3.9390184368e-04 -6.0794041719e-06
239                -1.0340261815e-03 8.2389531105e-04 6.3769193323e-05 -1.0122620442e-03 4.2999526377e-04 6.9843050543e-05 -2.1764137263e-05 3.9390004728e-04 -6.0738572200e-06
240                -1.0338262523e-03 8.2392901077e-04 6.3761226448e-05 -1.0120468770e-03 4.3003012660e-04 6.9840182367e-05 -2.1779375359e-05 3.9389888417e-04 -6.0789559190e-06
241                -1.0336136776e-03 8.2388907009e-04 6.3789868667e-05 -1.0118503530e-03 4.2999188787e-04 6.9863290227e-05 -2.1763324637e-05 3.9389718222e-04 -6.0734215600e-06
242                -1.0334760584e-03 8.2392423336e-04 6.3780295726e-05 -1.0116974589e-03 4.3002813533e-04 6.9858818080e-05 -2.1778599498e-05 3.9389609802e-04 -6.0785223538e-06
243                -1.0332093288e-03 8.2388532870e-04 6.3809787106e-05 -1.0114467606e-03 4.2999085078e-04 6.9882792180e-05 -2.1762568233e-05 3.9389447792e-04 -6.0730050741e-06
244                -1.0330989725e-03 8.2392161603e-04 6.3799691657e-05 -1.0113211608e-03 4.3002814600e-04 6.9877802367e-05 -2.1777811697e-05 3.9389347003e-04 -6.0781107104e-06
245                -1.0328862700e-03 8.2388208538e-04 6.3828891373e-05 -1.0111244209e-03 4.2999022029e-04 6.9901499101e-05 -2.1761849169e-05 3.9389186509e-04 -6.0726077282e-06
246                -1.0327495471e-03 8.2391511745e-04 6.3818873204e-05 -1.0109724082e-03 4.3002423112e-04 6.9896605348e-05 -2.1777138875e-05 3.9389088633e-04 -6.0777321443e-06
247                -1.0325279979e-03 8.2387567801e-04 6.3846513343e-05 -1.0107668308e-03 4.2998630412e-04 6.9918755365e-05 -2.1761167068e-05 3.9388937389e-04 -6.0722420212e-06
248                -1.0324098718e-03 8.2391077620e-04 6.3835331334e-05 -1.0106334264e-03 4.3002225760e-04 6.9912696904e-05 -2.1776445343e-05 3.9388851859e-04 -6.0773655704e-06
249                -1.0322084226e-03 8.2387265427e-04 6.3863191462e-05 -1.0104479247e-03 4.2998555252e-04 6.9935070587e-05 -2.1760497926e-05 3.9388710176e-04 -6.0718791248e-06
250                -1.0320969686e-03 8.2390746962e-04 6.3852470251e-05 -1.0103211845e-03 4.3002115997e-04 6.9929479244e-05 -2.1775784154e-05 3.9388630964e-04 -6.0770089934e-06
251                -1.0318974424e-03 8.2386865513e-04 6.3879795498e-05 -1.0101375931e-03 4.2998371319e-04 6.9951332098e-05 -2.1759849372e-05 3.9388494194e-04 -6.0715366003e-06
252                -1.0317920974e-03 8.2390318139e-04 6.3868006989e-05 -1.0100169477e-03 4.3001897856e-04 6.9944682224e-05 -2.1775149685e-05 3.9388420283e-04 -6.0766752356e-06
253                -1.0316020520e-03 8.2386454538e-04 6.3894597390e-05 -1.0098428141e-03 4.2998165465e-04 6.9965807052e-05 -2.1759237907e-05 3.9388289072e-04 -6.0712096622e-06
254                -1.0315049053e-03 8.2389945818e-04 6.3882477806e-05 -1.0097303592e-03 4.3001724759e-04 6.9958828328e-05 -2.1774546110e-05 3.9388221059e-04 -6.0763505220e-06
255                -1.0313207153e-03 8.2386118112e-04 6.3908871094e-05 -1.0095620797e-03 4.2998022546e-04 6.9979761187e-05 -2.1758635608e-05 3.9388095566e-04 -6.0708900932e-06
256                -1.0312287568e-03 8.2389628214e-04 6.3896522263e-05 -1.0094548041e-03 4.3001595011e-04 6.9972560433e-05 -2.1773952630e-05 3.9388033204e-04 -6.0760381700e-06
257                -1.0310510372e-03 8.2385801947e-04 6.3922590499e-05 -1.0092929758e-03 4.2997888599e-04 6.9993177625e-05 -2.1758061353e-05 3.9387913349e-04 -6.0705871261e-06
258                -1.0309661231e-03 8.2389298803e-04 6.3909937118e-05 -1.0091927149e-03 4.3001442525e-04 6.9985680633e-05 -2.1773408159e-05 3.9387856278e-04 -6.0757435155e-06
259                -1.0307950538e-03 8.2385467674e-04 6.3935708959e-05 -1.0090374983e-03 4.2997727567e-04 7.0006011753e-05 -2.1757555496e-05 3.9387740108e-04 -6.0703027938e-06
260                -1.0307161024e-03 8.2388982007e-04 6.3922755712e-05 -1.0089431642e-03 4.3001296687e-04 6.9998224565e-05 -2.1772938107e-05 3.9387685320e-04 -6.0754688528e-06
261                -1.0305509007e-03 8.2385169683e-04 6.3948208697e-05 -1.0087938057e-03 4.2997598581e-04 7.0018243940e-05 -2.1757095051e-05 3.9387571102e-04 -6.0700352433e-06
262                -1.0304770838e-03 8.2388683073e-04 6.3935093872e-05 -1.0087046183e-03 4.3001165109e-04 7.0010297563e-05 -2.1772465468e-05 3.9387517963e-04 -6.0752036917e-06
263                -1.0303165702e-03 8.2384860827e-04 6.3960557576e-05 -1.0085599467e-03 4.2997456210e-04 7.0030332874e-05 -2.1756623493e-05 3.9387404618e-04 -6.0697752979e-06
264                -1.0302487197e-03 8.2388373838e-04 6.3947362769e-05 -1.0084767147e-03 4.3001022070e-04 7.0022311972e-05 -2.1772005035e-05 3.9387351768e-04 -6.0749492039e-06
265                -1.0300957671e-03 8.2384571585e-04 6.3972397470e-05 -1.0083395903e-03 4.2997331214e-04 7.0041925333e-05 -2.1756176866e-05 3.9387240371e-04 -6.0695278629e-06
266                -1.0300343151e-03 8.2388101372e-04 6.3958659468e-05 -1.0082627685e-03 4.3000909569e-04 7.0033362657e-05 -2.1771546645e-05 3.9387191802e-04 -6.0747031898e-06
267                -1.0298852429e-03 8.2384308639e-04 6.3983303833e-05 -1.0081295243e-03 4.2997222059e-04 7.0052590233e-05 -2.1755718603e-05 3.9387086580e-04 -6.0692863994e-06
268                -1.0298265750e-03 8.2387843839e-04 6.3969338782e-05 -1.0080554836e-03 4.3000799023e-04 7.0043803702e-05 -2.1771091331e-05 3.9387044815e-04 -6.0744649199e-06
269                -1.0296808512e-03 8.2384057540e-04 6.3993813726e-05 -1.0079255522e-03 4.2997111730e-04 7.0062871791e-05 -2.1755298997e-05 3.9386945810e-04 -6.0690580655e-06
270                -1.0296272473e-03 8.2387599391e-04 6.3979615216e-05 -1.0078565435e-03 4.3000690589e-04 7.0053860019e-05 -2.1770703820e-05 3.9386908802e-04 -6.0742448028e-06
271                -1.0294880020e-03 8.2383820031e-04 6.4003614777e-05 -1.0077330600e-03 4.2997006435e-04 7.0072462384e-05 -2.1754942009e-05 3.9386813597e-04 -6.0688476070e-06
272                -1.0294392218e-03 8.2387354228e-04 6.3988909014e-05 -1.0076688811e-03 4.3000574002e-04 7.0062945832e-05 -2.1770340713e-05 3.9386780226e-04 -6.0740368183e-06
273                -1.0293021862e-03 8.2383574640e-04 6.4012664688e-05 -1.0075476164e-03 4.2996887206e-04 7.0081307299e-05 -2.1754569761e-05 3.9386687434e-04 -6.0686426104e-06
274                -1.0292560506e-03 8.2387117870e-04 6.3997950665e-05 -1.0074860809e-03 4.3000463067e-04 7.0071786063e-05 -2.1769969748e-05 3.9386654803e-04 -6.0738353980e-06
275                -1.0291245400e-03 8.2383349682e-04 6.4021587528e-05 -1.0073703275e-03 4.2996787443e-04 7.0090034878e-05 -2.1754212501e-05 3.9386562239e-04 -6.0684473495e-06
276                -1.0290848371e-03 8.2386895977e-04 6.4006511457e-05 -1.0073152249e-03 4.3000364094e-04 7.0080153859e-05 -2.1769612229e-05 3.9386531884e-04 -6.0736424015e-06
277                -1.0289576618e-03 8.2383120900e-04 6.4029770141e-05 -1.0072038198e-03 4.2996677706e-04 7.0098024301e-05 -2.1753841972e-05 3.9386443195e-04 -6.0682541594e-06
278                -1.0289203956e-03 8.2386667478e-04 6.4014532376e-05 -1.0071511519e-03 4.3000250571e-04 7.0087983210e-05 -2.1769243757e-05 3.9386416907e-04 -6.0734508340e-06
279                -1.0287965111e-03 8.2382909159e-04 6.4037766837e-05 -1.0070430223e-03 4.2996577627e-04 7.0105833227e-05 -2.1753488791e-05 3.9386331532e-04 -6.0680663896e-06
280                -1.0287641391e-03 8.2386474299e-04 6.4022510749e-05 -1.0069952255e-03 4.3000165611e-04 7.0095779500e-05 -2.1768913643e-05 3.9386308688e-04 -6.0732687509e-06
281                -1.0286455454e-03 8.2382726879e-04 6.4045600878e-05 -1.0068923789e-03 4.2996499616e-04 7.0113490116e-05 -2.1753166551e-05 3.9386227263e-04 -6.0678892375e-06
282                -1.0286168672e-03 8.2386298425e-04 6.4030024085e-05 -1.0068482744e-03 4.3000089123e-04 7.0103119646e-05 -2.1768592865e-05 3.9386209302e-04 -6.0730955612e-06
283                -1.0285001268e-03 8.2382551175e-04 6.4052810495e-05 -1.0067472802e-03 4.2996417882e-04 7.0120530181e-05 -2.1752846561e-05 3.9386133292e-04 -6.0677196863e-06
284                -1.0284728900e-03 8.2386120150e-04 6.4037211372e-05 -1.0067045989e-03 4.3000000604e-04 7.0110143037e-05 -2.1768291110e-05 3.9386119546e-04 -6.0729316651e-06
285                -1.0283596691e-03 8.2382380317e-04 6.4060006806e-05 -1.0066070900e-03 4.2996333609e-04 7.0127571581e-05 -2.1752579042e-05 3.9386046709e-04 -6.0675647750e-06
286                -1.0283381451e-03 8.2385963158e-04 6.4044103081e-05 -1.0065701049e-03 4.2999926177e-04 7.0116885569e-05 -2.1768040149e-05 3.9386036981e-04 -6.0727824880e-06
287                -1.0282294688e-03 8.2382227306e-04 6.4066478770e-05 -1.0064771412e-03 4.2996257666e-04 7.0133898014e-05 -2.1752327643e-05 3.9385969640e-04 -6.0674192439e-06
288                -1.0282094696e-03 8.2385800502e-04 6.4050432538e-05 -1.0064416949e-03 4.2999836278e-04 7.0123070012e-05 -2.1767774747e-05 3.9385964224e-04 -6.0726374737e-06
289                -1.0281021847e-03 8.2382075477e-04 6.4072851158e-05 -1.0063501087e-03 4.2996176389e-04 7.0140130721e-05 -2.1752076017e-05 3.9385899087e-04 -6.0672795631e-06
290                -1.0280856175e-03 8.2385666380e-04 6.4056832069e-05 -1.0063180796e-03 4.2999772243e-04 7.0129334524e-05 -2.1767537878e-05 3.9385894136e-04 -6.0725024546e-06
291                -1.0279828876e-03 8.2381939505e-04 6.4079217210e-05 -1.0062310279e-03 4.2996111252e-04 7.0146367784e-05 -2.1751859683e-05 3.9385828253e-04 -6.0671505739e-06
292                -1.0279701201e-03 8.2385513434e-04 6.4063105263e-05 -1.0062028041e-03 4.2999692352e-04 7.0135479669e-05 -2.1767315980e-05 3.9385821082e-04 -6.0723744062e-06
293                -1.0278701493e-03 8.2381783406e-04 6.4085359366e-05 -1.0061185156e-03 4.2996031346e-04 7.0152383364e-05 -2.1751633639e-05 3.9385752060e-04 -6.0670239986e-06
294                -1.0278603295e-03 8.2385370914e-04 6.4069103144e-05 -1.0060932483e-03 4.2999628295e-04 7.0141350983e-05 -2.1767081238e-05 3.9385742619e-04 -6.0722478386e-06
295                -1.0277641163e-03 8.2381659322e-04 6.4091201145e-05 -1.0060127121e-03 4.2995986259e-04 7.0158101329e-05 -2.1751404202e-05 3.9385673063e-04 -6.0669001835e-06
296                -1.0277576343e-03 8.2385244589e-04 6.4074870517e-05 -1.0059907739e-03 4.2999580102e-04 7.0146997803e-05 -2.1766860352e-05 3.9385664487e-04 -6.0721272854e-06
297                -1.0276637679e-03 8.2381523636e-04 6.4096881350e-05 -1.0059125755e-03 4.2995927875e-04 7.0163664601e-05 -2.1751192417e-05 3.9385595761e-04 -6.0667832511e-06
298                -1.0276594586e-03 8.2385117739e-04 6.4080302140e-05 -1.0058927982e-03 4.2999529298e-04 7.0152316313e-05 -2.1766660343e-05 3.9385588441e-04 -6.0720141732e-06
299                -1.0275680465e-03 8.2381410105e-04 6.4101997638e-05 -1.0058170471e-03 4.2995888836e-04 7.0168670377e-05 -2.1750999363e-05 3.9385521269e-04 -6.0666727397e-06
300                -1.0275657681e-03 8.2385005119e-04 6.4085251760e-05 -1.0057992893e-03 4.2999489614e-04 7.0157159144e-05 -2.1766478761e-05 3.9385515505e-04 -6.0719073840e-06
301                -1.0274764716e-03 8.2381289664e-04 6.4106858324e-05 -1.0057256526e-03 4.2995840548e-04 7.0173426641e-05 -2.1750818965e-05 3.9385449116e-04 -6.0665683168e-06
302                -1.0274771326e-03 8.2384886231e-04 6.4089828575e-05 -1.0057108230e-03 4.2999441856e-04 7.0161636303e-05 -2.1766309568e-05 3.9385444375e-04 -6.0718077273e-06
303                -1.0273902525e-03 8.2381177906e-04 6.4111056087e-05 -1.0056396099e-03 4.2995797797e-04 7.0177525843e-05 -2.1750642557e-05 3.9385380109e-04 -6.0664697556e-06
304                -1.0273916793e-03 8.2384781611e-04 6.4093821856e-05 -1.0056255517e-03 4.2999403344e-04 7.0165532290e-05 -2.1766127622e-05 3.9385378268e-04 -6.0717104346e-06
305                -1.0273047521e-03 8.2381072257e-04 6.4115082602e-05 -1.0055542935e-03 4.2995755254e-04 7.0181456459e-05 -2.1750458573e-05 3.9385317003e-04 -6.0663738565e-06
306                -1.0273070793e-03 8.2384670817e-04 6.4097942488e-05 -1.0055411210e-03 4.2999352712e-04 7.0169560870e-05 -2.1765958316e-05 3.9385318105e-04 -6.0716183825e-06
307                -1.0272230041e-03 8.2380955835e-04 6.4119111509e-05 -1.0054727028e-03 4.2995695248e-04 7.0185396661e-05 -2.1750301318e-05 3.9385260587e-04 -6.0662851525e-06
308                -1.0272292754e-03 8.2384564218e-04 6.4101631143e-05 -1.0054634719e-03 4.2999297724e-04 7.0173162036e-05 -2.1765803456e-05 3.9385266494e-04 -6.0715308938e-06
309                -1.0271477000e-03 8.2380865328e-04 6.4122537323e-05 -1.0053975476e-03 4.2995651156e-04 7.0188737562e-05 -2.1750152468e-05 3.9385214171e-04 -6.0662002390e-06
310                -1.0271538173e-03 8.2384477485e-04 6.4105131265e-05 -1.0053881585e-03 4.2999254127e-04 7.0176579413e-05 -2.1765658740e-05 3.9385223358e-04 -6.0714481484e-06
311                -1.0270720070e-03 8.2380776493e-04 6.4126244797e-05 -1.0053219831e-03 4.2995604570e-04 7.0192367956e-05 -2.1750023990e-05 3.9385171923e-04 -6.0661231588e-06
312                -1.0270800251e-03 8.2384380694e-04 6.4108990887e-05 -1.0053144920e-03 4.2999200954e-04 7.0180363616e-05 -2.1765533132e-05 3.9385179740e-04 -6.0713727288e-06
313                -1.0270022013e-03 8.2380679396e-04 6.4130044232e-05 -1.0052523003e-03 4.2995552705e-04 7.0196093627e-05 -2.1749901040e-05 3.9385126691e-04 -6.0660493952e-06
314                -1.0270141995e-03 8.2384287046e-04 6.4112529653e-05 -1.0052488107e-03 4.2999152612e-04 7.0183824955e-05 -2.1765388819e-05 3.9385134434e-04 -6.0712953029e-06
315                -1.0269383240e-03 8.2380593026e-04 6.4133352467e-05 -1.0051885766e-03 4.2995510060e-04 7.0199323781e-05 -2.1749747395e-05 3.9385082966e-04 -6.0659713141e-06
316                -1.0269505714e-03 8.2384210782e-04 6.4115822013e-05 -1.0051853348e-03 4.2999118168e-04 7.0187039461e-05 -2.1765236556e-05 3.9385092614e-04 -6.0712174481e-06
317                -1.0268754524e-03 8.2380530581e-04 6.4136711619e-05 -1.0051258323e-03 4.2995488302e-04 7.0202609524e-05 -2.1749620098e-05 3.9385042279e-04 -6.0658979051e-06
318                -1.0268896497e-03 8.2384153416e-04 6.4119224191e-05 -1.0051245194e-03 4.2999100949e-04 7.0190372364e-05 -2.1765130262e-05 3.9385052468e-04 -6.0711481728e-06
319                -1.0268169145e-03 8.2380472756e-04 6.4140072909e-05 -1.0050673905e-03 4.2995471185e-04 7.0205905112e-05 -2.1749524013e-05 3.9385001570e-04 -6.0658322033e-06
320                -1.0268329642e-03 8.2384091917e-04 6.4122397301e-05 -1.0050679255e-03 4.2999081207e-04 7.0193482959e-05 -2.1765038738e-05 3.9385010710e-04 -6.0710856577e-06
321                -1.0267610908e-03 8.2380403318e-04 6.4143035081e-05 -1.0050116650e-03 4.2995444776e-04 7.0208805797e-05 -2.1749425879e-05 3.9384958542e-04 -6.0657707162e-06
322                -1.0267777408e-03 8.2384017090e-04 6.4125244536e-05 -1.0050128021e-03 4.2999050781e-04 7.0196271133e-05 -2.1764938699e-05 3.9384966309e-04 -6.0710265965e-06
323                -1.0267071434e-03 8.2380329587e-04 6.4145793565e-05 -1.0049578204e-03 4.2995417039e-04 7.0211507910e-05 -2.1749323078e-05 3.9384912548e-04 -6.0657143447e-06
324                -1.0267252978e-03 8.2383948106e-04 6.4127905572e-05 -1.0049604571e-03 4.2999028676e-04 7.0198879990e-05 -2.1764840676e-05 3.9384919430e-04 -6.0709744180e-06
325                -1.0266555502e-03 8.2380254880e-04 6.4148327879e-05 -1.0049063394e-03 4.2995389113e-04 7.0213990520e-05 -2.1749210784e-05 3.9384865768e-04 -6.0656626412e-06
326                -1.0266737125e-03 8.2383862962e-04 6.4130315752e-05 -1.0049089951e-03 4.2998989065e-04 7.0201238185e-05 -2.1764717458e-05 3.9384873897e-04 -6.0709224336e-06
327                -1.0266038941e-03 8.2380167615e-04 6.4150723355e-05 -1.0048548117e-03 4.2995345538e-04 7.0216333469e-05 -2.1749082400e-05 3.9384822077e-04 -6.0656101149e-06
328                -1.0266232628e-03 8.2383789598e-04 6.4132803639e-05 -1.0048586588e-03 4.2998957633e-04 7.0203675771e-05 -2.1764604013e-05 3.9384831964e-04 -6.0708721323e-06
329                -1.0265561191e-03 8.2380095575e-04 6.4153230033e-05 -1.0048071372e-03 4.2995313138e-04 7.0218792526e-05 -2.1748981922e-05 3.9384782437e-04 -6.0655624929e-06
330                -1.0265778499e-03 8.2383708349e-04 6.4135227759e-05 -1.0048133529e-03 4.2998913244e-04 7.0206051004e-05 -2.1764497005e-05 3.9384795105e-04 -6.0708232447e-06
331                -1.0265121420e-03 8.2380023255e-04 6.4155518678e-05 -1.0047632770e-03 4.2995274378e-04 7.0221030461e-05 -2.1748865008e-05 3.9384748876e-04 -6.0655117829e-06
332                -1.0265350015e-03 8.2383661568e-04 6.4137394978e-05 -1.0047706261e-03 4.2998895891e-04 7.0208165071e-05 -2.1764375434e-05 3.9384765677e-04 -6.0707700929e-06
333                -1.0264700147e-03 8.2379997458e-04 6.4157770094e-05 -1.0047212568e-03 4.2995272852e-04 7.0223230170e-05 -2.1748757911e-05 3.9384724606e-04 -6.0654600757e-06
334                -1.0264937901e-03 8.2383638424e-04 6.4139821388e-05 -1.0047295066e-03 4.2998892395e-04 7.0210540933e-05 -2.1764283531e-05 3.9384746029e-04 -6.0707195456e-06
335                -1.0264301772e-03 8.2379966611e-04 6.4160227562e-05 -1.0046814864e-03 4.2995258058e-04 7.0225640998e-05 -2.1748690760e-05 3.9384708553e-04 -6.0654134362e-06
336                -1.0264553228e-03 8.2383602071e-04 6.4142135224e-05 -1.0046910947e-03 4.2998869532e-04 7.0212809435e-05 -2.1764228042e-05 3.9384732539e-04 -6.0706742105e-06
337                -1.0263929156e-03 8.2379940602e-04 6.4162306958e-05 -1.0046442641e-03 4.2995243801e-04 7.0227678226e-05 -2.1748651415e-05 3.9384696801e-04 -6.0653712672e-06
338                -1.0264183137e-03 8.2383579303e-04 6.4144194280e-05 -1.0046541152e-03 4.2998858531e-04 7.0214828803e-05 -2.1764198438e-05 3.9384720772e-04 -6.0706345230e-06
339                -1.0263556057e-03 8.2379905602e-04 6.4164510011e-05 -1.0046069751e-03 4.2995223054e-04 7.0229845475e-05 -2.1748630563e-05 3.9384682547e-04 -6.0653354644e-06
340                -1.0263816144e-03 8.2383529494e-04 6.4146308764e-05 -1.0046174461e-03 4.2998826214e-04 7.0216908163e-05 -2.1764168367e-05 3.9384703280e-04 -6.0705993997e-06
341                -1.0263202126e-03 8.2379847676e-04 6.4166269155e-05 -1.0045716350e-03 4.2995185343e-04 7.0231566997e-05 -2.1748577589e-05 3.9384662333e-04 -6.0652978417e-06
342                -1.0263468108e-03 8.2383468995e-04 6.4147734900e-05 -1.0045827164e-03 4.2998787635e-04 7.0218293490e-05 -2.1764094394e-05 3.9384681360e-04 -6.0705585904e-06
343                -1.0262854644e-03 8.2379789356e-04 6.4167522977e-05 -1.0045369782e-03 4.2995149745e-04 7.0232777241e-05 -2.1748486189e-05 3.9384639612e-04 -6.0652542639e-06
344                -1.0263123407e-03 8.2383414943e-04 6.4148962576e-05 -1.0045483379e-03 4.2998755918e-04 7.0219478553e-05 -2.1764002863e-05 3.9384659026e-04 -6.0705159769e-06
345                -1.0262515759e-03 8.2379736656e-04 6.4168787252e-05 -1.0045031836e-03 4.2995118202e-04 7.0233999583e-05 -2.1748392236e-05 3.9384618454e-04 -6.0652123308e-06
346                -1.0262795839e-03 8.2383369999e-04 6.4150120996e-05 -1.0045156707e-03 4.2998730170e-04 7.0220597358e-05 -2.1763913161e-05 3.9384639829e-04 -6.0704763621e-06
347                -1.0262197875e-03 8.2379702626e-04 6.4169767184e-05 -1.0044714868e-03 4.2995101189e-04 7.0234939947e-05 -2.1748300776e-05 3.9384601437e-04 -6.0651727625e-06
348                -1.0262471176e-03 8.2383337367e-04 6.4151188031e-05 -1.0044832832e-03 4.2998713207e-04 7.0221627345e-05 -2.1763834415e-05 3.9384624160e-04 -6.0704393142e-06
349                -1.0261863113e-03 8.2379665704e-04 6.4171146078e-05 -1.0044380754e-03 4.2995079835e-04 7.0236284078e-05 -2.1748235857e-05 3.9384585868e-04 -6.0651379999e-06
350                -1.0262151473e-03 8.2383304354e-04 6.4152725589e-05 -1.0044513603e-03 4.2998696379e-04 7.0223133667e-05 -2.1763786975e-05 3.9384607975e-04 -6.0704080787e-06
351                -1.0261570832e-03 8.2379631426e-04 6.4172693167e-05 -1.0044088799e-03 4.2995062162e-04 7.0237803085e-05 -2.1748203337e-05 3.9384569264e-04 -6.0651099186e-06
352                -1.0261871916e-03 8.2383261407e-04 6.4154359061e-05 -1.0044234329e-03 4.2998670841e-04 7.0224740395e-05 -2.1763758660e-05 3.9384590565e-04 -6.0703813339e-06
353                -1.0261299287e-03 8.2379588357e-04 6.4174350366e-05 -1.0043817531e-03 4.2995037210e-04 7.0239433929e-05 -2.1748175559e-05 3.9384551147e-04 -6.0650835626e-06
354                -1.0261613763e-03 8.2383226790e-04 6.4155896455e-05 -1.0043976573e-03 4.2998654536e-04 7.0226249259e-05 -2.1763719001e-05 3.9384572254e-04 -6.0703528033e-06
355                -1.0261050452e-03 8.2379564896e-04 6.4175833888e-05 -1.0043569141e-03 4.2995031733e-04 7.0240888428e-05 -2.1748131097e-05 3.9384533163e-04 -6.0650545404e-06
356                -1.0261364146e-03 8.2383205401e-04 6.4157519809e-05 -1.0043727417e-03 4.2998651841e-04 7.0227843352e-05 -2.1763672914e-05 3.9384553561e-04 -6.0703235439e-06
357                -1.0260802142e-03 8.2379537124e-04 6.4177568589e-05 -1.0043321211e-03 4.2995024809e-04 7.0242596027e-05 -2.1748093098e-05 3.9384512315e-04 -6.0650274383e-06
358                -1.0261126937e-03 8.2383169408e-04 6.4159166861e-05 -1.0043490629e-03 4.2998638998e-04 7.0229462955e-05 -2.1763630816e-05 3.9384530410e-04 -6.0702960941e-06
359                -1.0260578603e-03 8.2379495556e-04 6.4178985865e-05 -1.0043098198e-03 4.2995007258e-04 7.0243985014e-05 -2.1748040483e-05 3.9384488298e-04 -6.0649991489e-06
360                -1.0260912008e-03 8.2383125553e-04 6.4160374754e-05 -1.0043276351e-03 4.2998618309e-04 7.0230640971e-05 -2.1763565772e-05 3.9384507244e-04 -6.0702662168e-06
361                -1.0260369023e-03 8.2379460129e-04 6.4179973357e-05 -1.0042889299e-03 4.2994993037e-04 7.0244942694e-05 -2.1747972429e-05 3.9384467091e-04 -6.0649693368e-06
