# Force and moment coefficients
# dragDir         : (1.0000000000e+00 0.0000000000e+00 0.0000000000e+00)
# sideDir         : (0.0000000000e+00 0.0000000000e+00 -1.0000000000e+00)
# liftDir         : (0.0000000000e+00 1.0000000000e+00 0.0000000000e+00)
# rollAxis        : (1.0000000000e+00 0.0000000000e+00 0.0000000000e+00)
# pitchAxis       : (0.0000000000e+00 0.0000000000e+00 -1.0000000000e+00)
# yawAxis         : (0.0000000000e+00 1.0000000000e+00 0.0000000000e+00)
# magUInf         : 3.0000000000e+00
# lRef            : 1.0000000000e-01
# Aref            : 3.0000000000e-02
# CofR            : (0.0000000000e+00 0.0000000000e+00 0.0000000000e+00)
#
# Time            	Cd                	Cd(f)             	Cd(r)             	Cl                	Cl(f)             	Cl(r)             	CmPitch           	CmRoll            	CmYaw             	Cs                	Cs(f)             	Cs(r)             
1                 	6.8946143886e-01	1.8864569525e-01	5.0081574360e-01	1.0828508917e-01	-1.5424520582e-01	2.6253029498e-01	-2.0838775040e-01	-1.5608502417e-01	1.0241659957e+00	4.6624248604e-04	1.0243991170e+00	-1.0239328745e+00
2                 	1.5052534730e-01	-2.2066847216e-01	3.7119381945e-01	2.0647535033e-01	8.8832963904e-02	1.1764238642e-01	-1.4404711260e-02	-2.9593114580e-01	2.2684417204e-01	-8.0551170867e-03	2.2281661350e-01	-2.3087173058e-01
3                 	-1.4082788986e-01	-2.9580986224e-01	1.5498197238e-01	1.5939931561e-01	1.5191275712e-01	7.4865584904e-03	7.2213099315e-02	-2.2539591731e-01	-2.0442206221e-01	-7.2167580248e-03	-2.0803044122e-01	2.0081368320e-01
4                 	7.2147256859e-03	-8.0210814232e-02	8.7425539918e-02	6.2246474733e-02	2.0193909785e-02	4.2052564948e-02	-1.0929327581e-02	-8.3818177075e-02	1.4298302763e-02	-6.9341027702e-04	1.3951597625e-02	-1.4645007902e-02
5                 	1.3255406752e-01	-7.0336211914e-02	2.0289027943e-01	9.7982958155e-02	4.6834487586e-03	9.3299509396e-02	-4.4308030319e-02	-1.3661324567e-01	1.9950275334e-01	-9.5679444725e-04	1.9902435611e-01	-1.9998115056e-01
6                 	9.9926155266e-02	-1.7527725537e-01	2.7520341063e-01	1.5973161694e-01	6.4912407146e-02	9.4819209791e-02	-1.4953401322e-02	-2.2524033300e-01	1.5036019503e-01	-4.6988637886e-03	1.4801076313e-01	-1.5270962692e-01
7                 	4.5932685486e-02	-1.8388890264e-01	2.2982158812e-01	1.4875797784e-01	7.0496475234e-02	7.8261502604e-02	-3.8825136848e-03	-2.0685524538e-01	6.9858293130e-02	-4.8016049379e-03	6.7457490661e-02	-7.2259095599e-02
8                 	4.2829675006e-02	-1.6037296342e-01	2.0320263843e-01	1.3248927772e-01	5.1750582015e-02	8.0738695706e-02	-1.4494056845e-02	-1.8178780093e-01	6.5580181468e-02	-3.1976468729e-03	6.3981358032e-02	-6.7179004905e-02
9                 	5.1226550087e-02	-1.7771092772e-01	2.2893747781e-01	1.4725210372e-01	6.1387141487e-02	8.5864962236e-02	-1.2238910375e-02	-2.0332420276e-01	7.8632043863e-02	-3.3570502115e-03	7.6953518757e-02	-8.0310568969e-02
10                	4.6035681247e-02	-1.8720494159e-01	2.3324062284e-01	1.5212615824e-01	7.3660688858e-02	7.8465469378e-02	-2.4023902598e-03	-2.1022278222e-01	7.0988228001e-02	-4.1571519746e-03	6.8909652014e-02	-7.3066803988e-02
11                	4.1607749691e-02	-1.6955168446e-01	2.1115943415e-01	1.3871072437e-01	6.7463397874e-02	7.1247326491e-02	-1.8919643083e-03	-1.9035555931e-01	6.4021913220e-02	-3.9731762022e-03	6.2035325118e-02	-6.6008501321e-02
12                	4.5007413404e-02	-1.6290530016e-01	2.0791271356e-01	1.3535036201e-01	6.0863289130e-02	7.4487072882e-02	-6.8118918759e-03	-1.8540900686e-01	6.8727078907e-02	-3.5508032894e-03	6.6951677263e-02	-7.0502480552e-02
13                	4.5443535606e-02	-1.7251815470e-01	2.1796169031e-01	1.4224510420e-01	6.5083181736e-02	7.7161922466e-02	-6.0393703646e-03	-1.9523992251e-01	6.9435162135e-02	-3.6452376190e-03	6.7612543326e-02	-7.1257780945e-02
14                	4.0220308974e-02	-1.7369308235e-01	2.1391339132e-01	1.4139006243e-01	6.8942479246e-02	7.2447583186e-02	-1.7525519704e-03	-1.9380323683e-01	6.1936547014e-02	-3.8505394807e-03	6.0011277274e-02	-6.3861816755e-02
15                	3.7694618194e-02	-1.6342922056e-01	2.0112383876e-01	1.3335348256e-01	6.5721328603e-02	6.7632153953e-02	-9.5541267525e-04	-1.8227652966e-01	5.8230513111e-02	-3.8354191968e-03	5.6312803512e-02	-6.0148222709e-02
16                	3.9047017590e-02	-1.5973778248e-01	1.9878480007e-01	1.3118054560e-01	6.3488368122e-02	6.7692177475e-02	-2.1019046765e-03	-1.7926129127e-01	6.0146351637e-02	-3.7988826003e-03	5.8246910337e-02	-6.2045792938e-02
17                	3.9435136314e-02	-1.5839482744e-01	1.9782996375e-01	1.3030576010e-01	6.3882293265e-02	6.6423466837e-02	-1.2705867863e-03	-1.7811239559e-01	6.0664388862e-02	-3.8328820437e-03	5.8747947840e-02	-6.2580829883e-02
18                	3.7640732776e-02	-1.5426407269e-01	1.9190480547e-01	1.2680644732e-01	6.3340365346e-02	6.3466081977e-02	-6.2858315790e-05	-1.7308443908e-01	5.8021159836e-02	-3.8129744342e-03	5.6114672619e-02	-5.9927647053e-02
19                	3.6532782234e-02	-1.4935773525e-01	1.8589051749e-01	1.2288421761e-01	6.0759247901e-02	6.2124969707e-02	-6.8286090287e-04	-1.6762412637e-01	5.6405417949e-02	-3.7399687718e-03	5.4535433563e-02	-5.8275402335e-02
20                	3.6865151363e-02	-1.4923964628e-01	1.8610479765e-01	1.2278886327e-01	5.9661621227e-02	6.3127242047e-02	-1.7328104100e-03	-1.6767222197e-01	5.6892067964e-02	-3.7394800007e-03	5.5022327964e-02	-5.8761807965e-02
21                	3.6633418721e-02	-1.4759168280e-01	1.8422510152e-01	1.2148605304e-01	5.9569419653e-02	6.1916633386e-02	-1.1736068663e-03	-1.6590839216e-01	5.6547287270e-02	-3.7965036824e-03	5.4649035429e-02	-5.8445539111e-02
22                	3.5565510995e-02	-1.4231739026e-01	1.7788290126e-01	1.1739941563e-01	5.8795459605e-02	5.8603956021e-02	9.5751792290e-05	-1.6010014576e-01	5.4982447671e-02	-3.8122306829e-03	5.3076332330e-02	-5.6888563013e-02
23                	3.5048452236e-02	-1.3736147352e-01	1.7240992576e-01	1.1369631002e-01	5.7050794224e-02	5.6645515798e-02	2.0263921336e-04	-1.5488569964e-01	5.4217345739e-02	-3.7820997269e-03	5.2326295875e-02	-5.6108395602e-02
24                	3.5180782509e-02	-1.3548237308e-01	1.7066315559e-01	1.1219897140e-01	5.5535024040e-02	5.6663947356e-02	-5.6446165793e-04	-1.5307276434e-01	5.4408262333e-02	-3.7603923584e-03	5.2528066154e-02	-5.6288458512e-02
25                	3.5054967624e-02	-1.3553601724e-01	1.7059098487e-01	1.1206497744e-01	5.5012794450e-02	5.7052182990e-02	-1.0196942697e-03	-1.5306350105e-01	5.4211580898e-02	-3.7569277639e-03	5.2333117016e-02	-5.6090044780e-02
26                	3.4462589662e-02	-1.3384232052e-01	1.6830491018e-01	1.1066517239e-01	5.4679318505e-02	5.5985853889e-02	-6.5326769198e-04	-1.5107361535e-01	5.3335699959e-02	-3.7519993236e-03	5.1459700297e-02	-5.5211699621e-02
27                	3.4050013074e-02	-1.3003771207e-01	1.6408772514e-01	1.0781564893e-01	5.3696597412e-02	5.4119051517e-02	-2.1122705279e-04	-1.4706271861e-01	5.2737981715e-02	-3.7468305077e-03	5.0864566461e-02	-5.4611396969e-02
28                	3.3984338753e-02	-1.2677395505e-01	1.6075829380e-01	1.0538365157e-01	5.2484365912e-02	5.2899285662e-02	-2.0745987528e-04	-1.4376612443e-01	5.2637968620e-02	-3.7544826458e-03	5.0760727297e-02	-5.4515209943e-02
29                	3.3955343508e-02	-1.2549577950e-01	1.5945112301e-01	1.0434250972e-01	5.1653395102e-02	5.2689114621e-02	-5.1785975970e-04	-1.4247345126e-01	5.2594135106e-02	-3.7607190419e-03	5.0713775585e-02	-5.4474494627e-02
30                	3.3742185746e-02	-1.2412683142e-01	1.5786901717e-01	1.0320998269e-01	5.0984481682e-02	5.2225501004e-02	-6.2050966077e-04	-1.4099792429e-01	5.2276616352e-02	-3.7493432748e-03	5.0401944714e-02	-5.4151287989e-02
31                	3.3465846065e-02	-1.2217657514e-01	1.5564242120e-01	1.0167051017e-01	5.0369613701e-02	5.1300896469e-02	-4.6564138377e-04	-1.3890949817e-01	5.1865349676e-02	-3.7302038702e-03	5.0000247741e-02	-5.3730451611e-02
32                	3.3327791608e-02	-1.1991927595e-01	1.5324706756e-01	9.9929190379e-02	4.9574383304e-02	5.0354807075e-02	-3.9021188556e-04	-1.3658317176e-01	5.1663344862e-02	-3.7217106286e-03	4.9802489547e-02	-5.3524200176e-02
33                	3.3233552795e-02	-1.1764804612e-01	1.5088159891e-01	9.8184065688e-02	4.8671741064e-02	4.9512324624e-02	-4.2029178030e-04	-1.3426482252e-01	5.1528687260e-02	-3.7275674090e-03	4.9664903556e-02	-5.3392470965e-02
34                	3.3140436480e-02	-1.1577111135e-01	1.4891154783e-01	9.6698292497e-02	4.7873235818e-02	4.8825056678e-02	-4.7591042996e-04	-1.3234132959e-01	5.1394000795e-02	-3.7353310935e-03	4.9526335249e-02	-5.3261666342e-02
35                	3.3046338705e-02	-1.1405639466e-01	1.4710273337e-01	9.5345108219e-02	4.7209553952e-02	4.8135554267e-02	-4.6300015762e-04	-1.3057956402e-01	5.1251917770e-02	-3.7345441008e-03	4.9384645720e-02	-5.3119189821e-02
36                	3.2957010979e-02	-1.1191639363e-01	1.4487340461e-01	9.3682489069e-02	4.6475118987e-02	4.7207370082e-02	-3.6612554766e-04	-1.2839489912e-01	5.1122380165e-02	-3.7272641498e-03	4.9258748090e-02	-5.2986012240e-02
37                	3.2861533249e-02	-1.0967907609e-01	1.4254060934e-01	9.1935793084e-02	4.5634877549e-02	4.6300915535e-02	-3.3301899279e-04	-1.2610984271e-01	5.0984215505e-02	-3.7205147935e-03	4.9123958109e-02	-5.2844472902e-02
38                	3.2779237774e-02	-1.0761608726e-01	1.4039532504e-01	9.0318977204e-02	4.4812968811e-02	4.5506008393e-02	-3.4651979105e-04	-1.2400570615e-01	5.0862975591e-02	-3.7183465913e-03	4.9003802296e-02	-5.2722148887e-02
39                	3.2712250226e-02	-1.0562612371e-01	1.3833837393e-01	8.8763819410e-02	4.4031135056e-02	4.4732684354e-02	-3.5077464879e-04	-1.2198224882e-01	5.0766907359e-02	-3.7196461239e-03	4.8907084297e-02	-5.2626730421e-02
40                	3.2668443555e-02	-1.0359712252e-01	1.3626556607e-01	8.7207859477e-02	4.3271331105e-02	4.3936528373e-02	-3.3259863389e-04	-1.1993134429e-01	5.0704217448e-02	-3.7208761179e-03	4.8843779389e-02	-5.2564655507e-02
41                	3.2618328013e-02	-1.0158192769e-01	1.3420025570e-01	8.5670439919e-02	4.2501098498e-02	4.3169341421e-02	-3.3412146155e-04	-1.1789109169e-01	5.0631217644e-02	-3.7199698166e-03	4.8771232736e-02	-5.2491202552e-02
42                	3.2571457242e-02	-9.9742582933e-02	1.3231404018e-01	8.4269209505e-02	4.1757851872e-02	4.2511357633e-02	-3.7675288078e-04	-1.1602831155e-01	5.0561404905e-02	-3.7172456995e-03	4.8702782055e-02	-5.2420027754e-02
43                	3.2527119275e-02	-9.8017999407e-02	1.3054511868e-01	8.2971456487e-02	4.1040448700e-02	4.1931007787e-02	-4.4527954322e-04	-1.1428155905e-01	5.0495078510e-02	-3.7145752944e-03	4.8637790863e-02	-5.2352366157e-02
44                	3.2494799787e-02	-9.6371989450e-02	1.2886678924e-01	8.1741312213e-02	4.0361022434e-02	4.1380289779e-02	-5.0963367273e-04	-1.1261938934e-01	5.0447082854e-02	-3.7130142334e-03	4.8590575737e-02	-5.2303589971e-02
45                	3.2464070610e-02	-9.4844693220e-02	1.2730876383e-01	8.0604529951e-02	3.9713601463e-02	4.0890928488e-02	-5.8866351266e-04	-1.1107672852e-01	5.0400483437e-02	-3.7121247129e-03	4.8544421081e-02	-5.2256545794e-02
46                	3.2443895899e-02	-9.3491850020e-02	1.2593574592e-01	7.9606203359e-02	3.9120128674e-02	4.0486074685e-02	-6.8297300548e-04	-1.0971379797e-01	5.0368036262e-02	-3.7112176624e-03	4.8512427431e-02	-5.2223645093e-02
47                	3.2426926691e-02	-9.2279140884e-02	1.2470606757e-01	7.8719432507e-02	3.8568076075e-02	4.0151356432e-02	-7.9164017835e-04	-1.0849260423e-01	5.0339276705e-02	-3.7098291134e-03	4.8484362148e-02	-5.2194191261e-02
48                	3.2417505652e-02	-9.1178241032e-02	1.2359574668e-01	7.7920297682e-02	3.8065842295e-02	3.9854455386e-02	-8.9430654535e-04	-1.0738699386e-01	5.0322027387e-02	-3.7080438131e-03	4.8468005480e-02	-5.2176049293e-02
49                	3.2404027931e-02	-9.0159192485e-02	1.2256322042e-01	7.7180035110e-02	3.7595224964e-02	3.9584810145e-02	-9.9479259058e-04	-1.0636120645e-01	5.0299170931e-02	-3.7061941382e-03	4.8446073862e-02	-5.2152268000e-02
50                	3.2394389209e-02	-8.9244590594e-02	1.2163897980e-01	7.6517666415e-02	3.7168170645e-02	3.9349495770e-02	-1.0906625628e-03	-1.0544178520e-01	5.0282018011e-02	-3.7044716932e-03	4.8429782165e-02	-5.2134253858e-02
51                	3.2384322412e-02	-8.8420022217e-02	1.2080434463e-01	7.5922648868e-02	3.6771314023e-02	3.9151334845e-02	-1.1900104110e-03	-1.0461218342e-01	5.0263787204e-02	-3.7029896306e-03	4.8412292389e-02	-5.2115282020e-02
52                	3.2381982648e-02	-8.7680278970e-02	1.2006226162e-01	7.5393517551e-02	3.6415741446e-02	3.8977776105e-02	-1.2810173296e-03	-1.0387127029e-01	5.0257347934e-02	-3.7017849907e-03	4.8406455438e-02	-5.2108240429e-02
53                	3.2378061402e-02	-8.6984244767e-02	1.1936230617e-01	7.4896794318e-02	3.6082476721e-02	3.8814317597e-02	-1.3659204377e-03	-1.0317327547e-01	5.0248815480e-02	-3.7007455306e-03	4.8398442714e-02	-5.2099188245e-02
54                	3.2377285066e-02	-8.6329590305e-02	1.1870687537e-01	7.4431890231e-02	3.5777721626e-02	3.8654168604e-02	-1.4382234891e-03	-1.0251823284e-01	5.0245219990e-02	-3.6996820611e-03	4.8395378959e-02	-5.2095061020e-02
55                	3.2372460626e-02	-8.5696995427e-02	1.1806945605e-01	7.3982032995e-02	3.5483265483e-02	3.8498767512e-02	-1.5077510143e-03	-1.0188322574e-01	5.0235480097e-02	-3.6984272437e-03	4.8386266475e-02	-5.2084693719e-02
56                	3.2371363733e-02	-8.5095906376e-02	1.1746727011e-01	7.3557731625e-02	3.5209322396e-02	3.8348409229e-02	-1.5695434168e-03	-1.0128158824e-01	5.0231459758e-02	-3.6970744467e-03	4.8382922535e-02	-5.2079996981e-02
57                	3.2368246638e-02	-8.4506272718e-02	1.1687451936e-01	7.3142463332e-02	3.4940653302e-02	3.8201810030e-02	-1.6305783641e-03	-1.0069039604e-01	5.0224566669e-02	-3.6958727221e-03	4.8376630308e-02	-5.2072503030e-02
58                	3.2369306619e-02	-8.3932681987e-02	1.1630198861e-01	7.2741599194e-02	3.4687320372e-02	3.8054278822e-02	-1.6834792254e-03	-1.0011733530e-01	5.0224252928e-02	-3.6950300241e-03	4.8376737916e-02	-5.2071767940e-02
59                	3.2367266193e-02	-8.3354461929e-02	1.1572172812e-01	7.2337696536e-02	3.4433443846e-02	3.7904252690e-02	-1.7354044218e-03	-9.9538095025e-02	5.0219072696e-02	-3.6944754340e-03	4.8371834979e-02	-5.2066310413e-02
60                	3.2368197811e-02	-8.2782166242e-02	1.1515036405e-01	7.1939492395e-02	3.4189046229e-02	3.7750446166e-02	-1.7806999687e-03	-9.8966265148e-02	5.0218355181e-02	-3.6939695050e-03	4.8371370428e-02	-5.2065339933e-02
61                	3.2365749380e-02	-8.2200131481e-02	1.1456588086e-01	7.1533081136e-02	3.3939353031e-02	3.7593728105e-02	-1.8271875368e-03	-9.8383006171e-02	5.0212419977e-02	-3.6933054130e-03	4.8365767270e-02	-5.2059072683e-02
62                	3.2366640092e-02	-8.1620281299e-02	1.1398692139e-01	7.1129096184e-02	3.3695671108e-02	3.7433425077e-02	-1.8688769844e-03	-9.7803601345e-02	5.0211767083e-02	-3.6924900056e-03	4.8365522080e-02	-5.2058012086e-02
63                	3.2364548112e-02	-8.1027375606e-02	1.1339192372e-01	7.0714105687e-02	3.3444494227e-02	3.7269611460e-02	-1.9125586163e-03	-9.7209649663e-02	5.0206566703e-02	-3.6916738875e-03	4.8360729760e-02	-5.2052403647e-02
64                	3.2365833597e-02	-8.0434004104e-02	1.1279983770e-01	7.0299024836e-02	3.3197968393e-02	3.7101056444e-02	-1.9515440254e-03	-9.6616920902e-02	5.0206586164e-02	-3.6910449337e-03	4.8361063697e-02	-5.2052108631e-02
65                	3.2363892847e-02	-7.9824322126e-02	1.1218821497e-01	6.9870183388e-02	3.2942762356e-02	3.6927421032e-02	-1.9923293384e-03	-9.6006268549e-02	5.0201500263e-02	-3.6906123225e-03	4.8356194102e-02	-5.2046806424e-02
66                	3.2364822378e-02	-7.9215279187e-02	1.1158010157e-01	6.9440971853e-02	3.2692265592e-02	3.6748706261e-02	-2.0282203345e-03	-9.5397690376e-02	5.0200868130e-02	-3.6902504419e-03	4.8355742909e-02	-5.2045993351e-02
67                	3.2362784235e-02	-7.8583123700e-02	1.1094590794e-01	6.8991819061e-02	3.2430074483e-02	3.6561744578e-02	-2.0658350476e-03	-9.4764515818e-02	5.0195623687e-02	-3.6898309071e-03	4.8350708234e-02	-5.2040539141e-02
68                	3.2363738923e-02	-7.7946828388e-02	1.1031056731e-01	6.8537465484e-02	3.2170514188e-02	3.6366951296e-02	-2.0982185538e-03	-9.4128697850e-02	5.0195221098e-02	-3.6893087240e-03	4.8350566736e-02	-5.2039875460e-02
69                	3.2361244244e-02	-7.7291590717e-02	1.0965283496e-01	6.8064435748e-02	3.1901047633e-02	3.6163388116e-02	-2.1311702415e-03	-9.3472212839e-02	5.0189702686e-02	-3.6887466162e-03	4.8345329378e-02	-5.2034075994e-02
70                	3.2361665192e-02	-7.6624943965e-02	1.0898660916e-01	6.7579946574e-02	3.1632074519e-02	3.5947872054e-02	-2.1578987676e-03	-9.2805776561e-02	5.0188905184e-02	-3.6882661722e-03	4.8344772098e-02	-5.2033038271e-02
71                	3.2358578284e-02	-7.5931514160e-02	1.0829009244e-01	6.7070822069e-02	3.1350725059e-02	3.5720097010e-02	-2.1846859753e-03	-9.2110803302e-02	5.0182892274e-02	-3.6878779070e-03	4.8338953320e-02	-5.2026831227e-02
72                	3.2358110202e-02	-7.5223922115e-02	1.0758203232e-01	6.6548354442e-02	3.1068959680e-02	3.5479394761e-02	-2.2052175406e-03	-9.1402977216e-02	5.0181205405e-02	-3.6875482104e-03	4.8337431300e-02	-5.2024979510e-02
73                	3.2353830923e-02	-7.4489287466e-02	1.0684311839e-01	6.6001537806e-02	3.0774477363e-02	3.5227060443e-02	-2.2262915397e-03	-9.0666202927e-02	5.0173743299e-02	-3.6872076147e-03	4.8330139492e-02	-5.2017347106e-02
74                	3.2351996304e-02	-7.3742133972e-02	1.0609413028e-01	6.5443095126e-02	3.0479284111e-02	3.4963811014e-02	-2.2422634516e-03	-8.9918132124e-02	5.0170356838e-02	-3.6868508780e-03	4.8326931399e-02	-5.2013782277e-02
75                	3.2346359895e-02	-7.2973354600e-02	1.0531971450e-01	6.4865272402e-02	3.0172105810e-02	3.4693166592e-02	-2.2605303910e-03	-8.9146534548e-02	5.0161306268e-02	-3.6864874630e-03	4.8318062537e-02	-5.2004550000e-02
76                	3.2343308808e-02	-7.2201386682e-02	1.0454469549e-01	6.4284243073e-02	2.9866138600e-02	3.4418104473e-02	-2.2759829368e-03	-8.8373041086e-02	5.0156523473e-02	-3.6861674641e-03	4.8313439741e-02	-5.1999607205e-02
77                	3.2336569249e-02	-7.1421298259e-02	1.0375786751e-01	6.3694967657e-02	2.9551235099e-02	3.4143732558e-02	-2.2962487298e-03	-8.7589582883e-02	5.0146048979e-02	-3.6858776103e-03	4.8303110174e-02	-5.1988987784e-02
78                	3.2332492726e-02	-7.0653298979e-02	1.0298579171e-01	6.3114631395e-02	2.9241208651e-02	3.3873422745e-02	-2.3161070468e-03	-8.6819545343e-02	5.0139878206e-02	-3.6856122358e-03	4.8297072088e-02	-5.1982684324e-02
79                	3.2325092150e-02	-6.9894059796e-02	1.0221915195e-01	6.2539351188e-02	2.8926797304e-02	3.3612553883e-02	-2.3428782895e-03	-8.6056605871e-02	5.0128477958e-02	-3.6853439665e-03	4.8285805974e-02	-5.1971149941e-02
80                	3.2320780332e-02	-6.9165013362e-02	1.0148579369e-01	6.1986712266e-02	2.8622266071e-02	3.3364446195e-02	-2.3710900619e-03	-8.5325403528e-02	5.0121976946e-02	-3.6850670358e-03	4.8279443428e-02	-5.1964510464e-02
81                	3.2313468862e-02	-6.8462455886e-02	1.0077592475e-01	6.1452004302e-02	2.8318696980e-02	3.3133307321e-02	-2.4073051706e-03	-8.4619190317e-02	5.0110859784e-02	-3.6847658130e-03	4.8268476878e-02	-5.1953242691e-02
82                	3.2309358837e-02	-6.7804526641e-02	1.0011388548e-01	6.0950768991e-02	2.8030051934e-02	3.2920717057e-02	-2.4453325611e-03	-8.3959206059e-02	5.0104843622e-02	-3.6844808140e-03	4.8262603215e-02	-5.1947084029e-02
83                	3.2302462986e-02	-6.7183536748e-02	9.9485999735e-02	6.0475617313e-02	2.7746956561e-02	3.2728660752e-02	-2.4908520958e-03	-8.3334768241e-02	5.0094318261e-02	-3.6842105901e-03	4.8252212966e-02	-5.1936423556e-02
84                	3.2299095085e-02	-6.6613213671e-02	9.8912308757e-02	6.0038770597e-02	2.7482500465e-02	3.2556270132e-02	-2.5368848334e-03	-8.2762761214e-02	5.0089221753e-02	-3.6839718236e-03	4.8247235841e-02	-5.1931207665e-02
85                	3.2293206481e-02	-6.6081159021e-02	9.8374365502e-02	5.9629279103e-02	2.7226425114e-02	3.2402853989e-02	-2.5882144376e-03	-8.2227762261e-02	5.0079999119e-02	-3.6837233561e-03	4.8238137441e-02	-5.1921860797e-02
86                	3.2290885672e-02	-6.5595729755e-02	9.7886615427e-02	5.9255556265e-02	2.6990465619e-02	3.2265090646e-02	-2.6373125137e-03	-8.1741172591e-02	5.0076315040e-02	-3.6834727918e-03	4.8234578645e-02	-5.1918051436e-02
87                	3.2286039595e-02	-6.5140403018e-02	9.7426442613e-02	5.8903419014e-02	2.6763100172e-02	3.2140318842e-02	-2.6886093348e-03	-8.1283422815e-02	5.0068591269e-02	-3.6831987133e-03	4.8226991912e-02	-5.1910190626e-02
88                	3.2284618394e-02	-6.4720518942e-02	9.7005137335e-02	5.8579175908e-02	2.6554816833e-02	3.2024359076e-02	-2.7347711215e-03	-8.0862828139e-02	5.0066217450e-02	-3.6829317276e-03	4.8224751586e-02	-5.1907683314e-02
89                	3.2280473310e-02	-6.4317291221e-02	9.6597764531e-02	5.8266971610e-02	2.6352761823e-02	3.1914209788e-02	-2.7807239824e-03	-8.0457527876e-02	5.0059411370e-02	-3.6826455600e-03	4.8218088590e-02	-5.1900734150e-02
90                	3.2279485304e-02	-6.3935749766e-02	9.6215235069e-02	5.7972790917e-02	2.6166409250e-02	3.1806381667e-02	-2.8199862083e-03	-8.0075492418e-02	5.0057546103e-02	-3.6823627416e-03	4.8216364732e-02	-5.1898727473e-02
91                	3.2275576754e-02	-6.3559366017e-02	9.5834942771e-02	5.7682520037e-02	2.5983162258e-02	3.1699357779e-02	-2.8580977604e-03	-7.9697154394e-02	5.0050997564e-02	-3.6820633212e-03	4.8209965903e-02	-5.1892029224e-02
92                	3.2274611525e-02	-6.3194662512e-02	9.5469274037e-02	5.7403324532e-02	2.5812477029e-02	3.1590847504e-02	-2.8891852374e-03	-7.9331968274e-02	5.0049123901e-02	-3.6817627418e-03	4.8208242530e-02	-5.1890005272e-02
93                	3.2270621444e-02	-6.2827183908e-02	9.5097805352e-02	5.7122390493e-02	2.5641892452e-02	3.1480498041e-02	-2.9193027949e-03	-7.8962494630e-02	5.0042421477e-02	-3.6814362444e-03	4.8201703355e-02	-5.1883139599e-02
94                	3.2269477065e-02	-6.2466188865e-02	9.4735665930e-02	5.6848672508e-02	2.5481185153e-02	3.1367487356e-02	-2.9431511014e-03	-7.8600927397e-02	5.0040274948e-02	-3.6811055602e-03	4.8199722168e-02	-5.1880827728e-02
95                	3.2265222371e-02	-6.2099453663e-02	9.4364676034e-02	5.6570746469e-02	2.5318322791e-02	3.1252423678e-02	-2.9670504434e-03	-7.8232064848e-02	5.0033189592e-02	-3.6807541902e-03	4.8192812497e-02	-5.1873566687e-02
96                	3.2263760554e-02	-6.1738189700e-02	9.4001950254e-02	5.6298995625e-02	2.5163374739e-02	3.1135620886e-02	-2.9861230734e-03	-7.7870069977e-02	5.0030572219e-02	-3.6804125009e-03	4.8190365969e-02	-5.1870778470e-02
97                	3.2259225452e-02	-6.1373483942e-02	9.3632709394e-02	5.6024681081e-02	2.5005556953e-02	3.1019124127e-02	-3.0067835870e-03	-7.7503096668e-02	5.0023063503e-02	-3.6800680883e-03	4.8183029459e-02	-5.1863097547e-02
98                	3.2257545283e-02	-6.1016257182e-02	9.3273802465e-02	5.5758025483e-02	2.4855202706e-02	3.0902822777e-02	-3.0238100358e-03	-7.7145029824e-02	5.0020097542e-02	-3.6797314176e-03	4.8180231833e-02	-5.1859963251e-02
99                	3.2252886217e-02	-6.0657996287e-02	9.2910882504e-02	5.5490438069e-02	2.4701846523e-02	3.0788591547e-02	-3.0433725120e-03	-7.6784439396e-02	5.0012362895e-02	-3.6793749159e-03	4.8172675437e-02	-5.1852050353e-02
100               	3.2251216604e-02	-6.0310518416e-02	9.2561735020e-02	5.5232715657e-02	2.4556114188e-02	3.0676601468e-02	-3.0602436400e-03	-7.6436126718e-02	5.0009375063e-02	-3.6790204917e-03	4.8169864817e-02	-5.1848885309e-02
101               	3.2246700282e-02	-5.9965840764e-02	9.2212541046e-02	5.4976535205e-02	2.4407918994e-02	3.0568616211e-02	-3.0803486085e-03	-7.6089190905e-02	5.0001826852e-02	-3.6786678066e-03	4.8162492949e-02	-5.1841160755e-02
102               	3.2245270347e-02	-5.9634812753e-02	9.1880083101e-02	5.4732107406e-02	2.4267979777e-02	3.0464127628e-02	-3.0980739253e-03	-7.5757447927e-02	4.9999171540e-02	-3.6783275701e-03	4.8160007755e-02	-5.1838335325e-02
103               	3.2241024881e-02	-5.9308961452e-02	9.1549986333e-02	5.4490843774e-02	2.4126412891e-02	3.0364430883e-02	-3.1190089964e-03	-7.5429473893e-02	4.9991984208e-02	-3.6779740937e-03	4.8152997162e-02	-5.1830971255e-02
104               	3.2239873071e-02	-5.8996883060e-02	9.1236756131e-02	5.4261436101e-02	2.3993389281e-02	3.0268046820e-02	-3.1373287698e-03	-7.5116819596e-02	4.9989688986e-02	-3.6776356016e-03	4.8150871185e-02	-5.1828506787e-02
105               	3.2235907777e-02	-5.8690136784e-02	9.0926044561e-02	5.4035191068e-02	2.3859034783e-02	3.0176156285e-02	-3.1585607514e-03	-7.4808090673e-02	4.9982867425e-02	-3.6772960560e-03	4.8144219397e-02	-5.1821515453e-02
106               	3.2235068678e-02	-5.8397925408e-02	9.0632994086e-02	5.3821189033e-02	2.3733734302e-02	3.0087454731e-02	-3.1768602141e-03	-7.4515459747e-02	4.9980993578e-02	-3.6769772784e-03	4.8142504939e-02	-5.1819482217e-02
107               	3.2231371266e-02	-5.8110186155e-02	9.0341557421e-02	5.3609538962e-02	2.3607216124e-02	3.0002322838e-02	-3.1975533569e-03	-7.4225871788e-02	4.9974559585e-02	-3.6766452430e-03	4.8136236964e-02	-5.1812882207e-02
108               	3.2230769941e-02	-5.7835295836e-02	9.0066065778e-02	5.3408871886e-02	2.3489524072e-02	2.9919347814e-02	-3.2149118712e-03	-7.3950680807e-02	4.9973043308e-02	-3.6763230305e-03	4.8134881793e-02	-5.1811204823e-02
109               	3.2227277649e-02	-5.7563837615e-02	8.9791115264e-02	5.3209653020e-02	2.3370387977e-02	2.9839265044e-02	-3.2344385335e-03	-7.3677476440e-02	4.9966930911e-02	-3.6760036297e-03	4.8128929096e-02	-5.1804932726e-02
110               	3.2226857031e-02	-5.7304059277e-02	8.9530916308e-02	5.3020475078e-02	2.3259743834e-02	2.9760731243e-02	-3.2504937046e-03	-7.3417487792e-02	4.9965711177e-02	-3.6757185881e-03	4.8127851883e-02	-5.1803570471e-02
111               	3.2223468937e-02	-5.7046534026e-02	8.9270002963e-02	5.2831824692e-02	2.3147338890e-02	2.9684485801e-02	-3.2685734556e-03	-7.3158268495e-02	4.9959780241e-02	-3.6754374926e-03	4.8122061495e-02	-5.1797498987e-02
112               	3.2223128124e-02	-5.6799351781e-02	8.9022479904e-02	5.2652319735e-02	2.3042994918e-02	2.9609324817e-02	-3.2831649498e-03	-7.2910915842e-02	4.9958709719e-02	-3.6751727600e-03	4.8121123339e-02	-5.1796296099e-02
113               	3.2219803485e-02	-5.6553644540e-02	8.8773448025e-02	5.2472776784e-02	2.2936519551e-02	2.9536257233e-02	-3.2998688412e-03	-7.2663546283e-02	4.9952891632e-02	-3.6749035536e-03	4.8115439855e-02	-5.1790343408e-02
114               	3.2219536091e-02	-5.6317788692e-02	8.8537324784e-02	5.2302015381e-02	2.2837748886e-02	2.9464266495e-02	-3.3132588043e-03	-7.2427556738e-02	4.9951947501e-02	-3.6746548558e-03	4.8114620073e-02	-5.1789274929e-02
115               	3.2216277211e-02	-5.6083316105e-02	8.8299593315e-02	5.2131013656e-02	2.2736579552e-02	2.9394434103e-02	-3.3289272753e-03	-7.2191454710e-02	4.9946252280e-02	-3.6744045193e-03	4.8109050020e-02	-5.1783454540e-02
116               	3.2216055627e-02	-5.5862095912e-02	8.8078151539e-02	5.1971243719e-02	2.2644301129e-02	2.9326942590e-02	-3.3413207306e-03	-7.1970123726e-02	4.9945400523e-02	-3.6741754719e-03	4.8108312787e-02	-5.1782488259e-02
117               	3.2212886236e-02	-5.5631395918e-02	8.7844282154e-02	5.1802997977e-02	2.2544786746e-02	2.9258211231e-02	-3.3567122428e-03	-7.1737839036e-02	4.9939839130e-02	-3.6739377158e-03	4.8102870272e-02	-5.1776807988e-02
118               	3.2212798811e-02	-5.5423291922e-02	8.7636090733e-02	5.1653226532e-02	2.2458378958e-02	2.9194847574e-02	-3.3682343082e-03	-7.1529691327e-02	4.9939214034e-02	-3.6737225188e-03	4.8102352775e-02	-5.1776075294e-02
119               	3.2209816149e-02	-5.5209978558e-02	8.7419794708e-02	5.1497989968e-02	2.2366452470e-02	2.9131537498e-02	-3.3825425142e-03	-7.1314886633e-02	4.9933969307e-02	-3.6734992305e-03	4.8097219691e-02	-5.1770718922e-02
120               	3.2209703195e-02	-5.5003343959e-02	8.7213047154e-02	5.1348963584e-02	2.2280326915e-02	2.9068636669e-02	-3.3941548770e-03	-7.1108195557e-02	4.9933301110e-02	-3.6732884840e-03	4.8096656868e-02	-5.1769945352e-02
121               	3.2206839464e-02	-5.4800996111e-02	8.7007835574e-02	5.1201734568e-02	2.2193185304e-02	2.9008549264e-02	-3.4076819800e-03	-7.0904415842e-02	4.9928264663e-02	-3.6730708147e-03	4.8091729256e-02	-5.1764800071e-02
122               	3.2206908750e-02	-5.4607295572e-02	8.6814204322e-02	5.1062211514e-02	2.2112851209e-02	2.8949360305e-02	-3.4182545481e-03	-7.0710749947e-02	4.9927922210e-02	-3.6728704902e-03	4.8091486965e-02	-5.1764357455e-02
123               	3.2204149328e-02	-5.4412553354e-02	8.6616702682e-02	5.0920296952e-02	2.2029105942e-02	2.8891191010e-02	-3.4310425338e-03	-7.0514628018e-02	4.9923081601e-02	-3.6726701356e-03	4.8086746533e-02	-5.1759416669e-02
124               	3.2204267450e-02	-5.4224749864e-02	8.6429017314e-02	5.0784743681e-02	2.1951378354e-02	2.8833365326e-02	-3.4409934862e-03	-7.0326883589e-02	4.9922847868e-02	-3.6724895052e-03	4.8086603115e-02	-5.1759092620e-02
125               	3.2201556743e-02	-5.4037563206e-02	8.6239119949e-02	5.0648095497e-02	2.1871073687e-02	2.8777021811e-02	-3.4529740619e-03	-7.0138341577e-02	4.9918121337e-02	-3.6723026395e-03	4.8081970017e-02	-5.1754272657e-02
126               	3.2201730672e-02	-5.3857008656e-02	8.6058739328e-02	5.0517655715e-02	2.1796821770e-02	2.8720833945e-02	-3.4620060876e-03	-6.9957873992e-02	4.9918012307e-02	-3.6721313930e-03	4.8081946611e-02	-5.1754078004e-02
127               	3.2199047441e-02	-5.3675631213e-02	8.5874678654e-02	5.0385028383e-02	2.1719408227e-02	2.8665620156e-02	-3.4731059649e-03	-6.9775154934e-02	4.9913370345e-02	-3.6719585841e-03	4.8077391053e-02	-5.1749349637e-02
128               	3.2199237738e-02	-5.3500321311e-02	8.5699559049e-02	5.0258214829e-02	2.1647728545e-02	2.8610486284e-02	-3.4813788698e-03	-6.9599940180e-02	4.9913325665e-02	-3.6718040316e-03	4.8077423649e-02	-5.1749227681e-02
129               	3.2196571684e-02	-5.3324463056e-02	8.5521034740e-02	5.0129432460e-02	2.1572923055e-02	2.8556509404e-02	-3.4917931746e-03	-6.9422748898e-02	4.9908748310e-02	-3.6716427853e-03	4.8072926917e-02	-5.1744569703e-02
130               	3.2196787976e-02	-5.3154580614e-02	8.5351368590e-02	5.0006417276e-02	2.1503764527e-02	2.8502652749e-02	-3.4994441106e-03	-6.9252974602e-02	4.9908779784e-02	-3.6714957196e-03	4.8073031924e-02	-5.1744527643e-02
131               	3.2194142199e-02	-5.2984063194e-02	8.5178205393e-02	4.9881360710e-02	2.1431388350e-02	2.8449972360e-02	-3.5092920054e-03	-6.9081134293e-02	4.9904269699e-02	-3.6713416821e-03	4.8068598858e-02	-5.1739940540e-02
132               	3.2194382623e-02	-5.2819514831e-02	8.5013897455e-02	4.9762103119e-02	2.1364572647e-02	2.8397530473e-02	-3.5164789131e-03	-6.8916706143e-02	4.9904366166e-02	-3.6712018077e-03	4.8068765262e-02	-5.1739967070e-02
133               	3.2191769596e-02	-5.2654570454e-02	8.4846340050e-02	4.9641011245e-02	2.1294576691e-02	2.8346434554e-02	-3.5259289312e-03	-6.8750455252e-02	4.9899941416e-02	-3.6710548676e-03	4.8064413982e-02	-5.1735468849e-02
134               	3.2192053686e-02	-5.2495775679e-02	8.4687829365e-02	4.9525889921e-02	2.1230161624e-02	2.8295728297e-02	-3.5327833363e-03	-6.8591802522e-02	4.9900127686e-02	-3.6709213817e-03	4.8064666995e-02	-5.1735588376e-02
135               	3.2189483589e-02	-5.2336928365e-02	8.4526411954e-02	4.9409168212e-02	2.1162650729e-02	2.8246517482e-02	-3.5419333764e-03	-6.8431670160e-02	4.9895788723e-02	-3.6707799729e-03	4.8060398737e-02	-5.1731178710e-02
136               	3.2189807987e-02	-5.2184320367e-02	8.4374128354e-02	4.9298491785e-02	2.1100733335e-02	2.8197758451e-02	-3.5485125579e-03	-6.8279224360e-02	4.9896051444e-02	-3.6706518700e-03	4.8060725510e-02	-5.1731377379e-02
137               	3.2187272952e-02	-5.2031729527e-02	8.4219002479e-02	4.9186284608e-02	2.1035757836e-02	2.8150526772e-02	-3.5573844676e-03	-6.8125366003e-02	4.9891792928e-02	-3.6705179692e-03	4.8056533943e-02	-5.1727051912e-02
138               	3.2187643301e-02	-5.1885409806e-02	8.4073053107e-02	4.9080182132e-02	2.0976378645e-02	2.8103803487e-02	-3.5637124208e-03	-6.7979231456e-02	4.9892146818e-02	-3.6704014829e-03	4.8056946076e-02	-5.1727347559e-02
139               	3.2185149370e-02	-5.1739264327e-02	8.3924413697e-02	4.8972678165e-02	2.0913989053e-02	2.8058689112e-02	-3.5723500297e-03	-6.7831839012e-02	4.9887977092e-02	-3.6702792115e-03	4.8052837486e-02	-5.1723116698e-02
140               	3.2185571252e-02	-5.1599459610e-02	8.3785030862e-02	4.8871349647e-02	2.0857212343e-02	2.8014137303e-02	-3.5784624799e-03	-6.7692245236e-02	4.9888421686e-02	-3.6701687907e-03	4.8053337291e-02	-5.1723506082e-02
141               	3.2183119260e-02	-5.1459971179e-02	8.3643090439e-02	4.8768728953e-02	2.0797504786e-02	2.7971224167e-02	-3.5868596907e-03	-6.7551530809e-02	4.9884344848e-02	-3.6700489205e-03	4.8049320388e-02	-5.1719369308e-02
142               	3.2183588103e-02	-5.1326718773e-02	8.3510306876e-02	4.8672249151e-02	2.0743395375e-02	2.7928853776e-02	-3.5927292008e-03	-6.7418512825e-02	4.9884874456e-02	-3.6699420576e-03	4.8049903428e-02	-5.1719845485e-02
143               	3.2181174871e-02	-5.1193745992e-02	8.3374920863e-02	4.8574463062e-02	2.0686340096e-02	2.7888122966e-02	-3.6008914353e-03	-6.7284333428e-02	4.9880870833e-02	-3.6698288315e-03	4.8045956417e-02	-5.1715785249e-02
144               	3.2181698118e-02	-5.1067010739e-02	8.3248708858e-02	4.8482818518e-02	2.0634873515e-02	2.7847945003e-02	-3.6065357440e-03	-6.7157859799e-02	4.9881480261e-02	-3.6697308899e-03	4.8046614816e-02	-5.1716345706e-02
145               	3.2179326583e-02	-5.0940607238e-02	8.3119933821e-02	4.8389892192e-02	2.0580491547e-02	2.7809400645e-02	-3.6144545486e-03	-6.7030270529e-02	4.9877554729e-02	-3.6696262892e-03	4.8042741585e-02	-5.1712367874e-02
146               	3.2179904240e-02	-5.0820306325e-02	8.3000210565e-02	4.8303025667e-02	2.0531667446e-02	2.7771358221e-02	-3.6198453873e-03	-6.6910258445e-02	4.9878253085e-02	-3.6695337705e-03	4.8043486199e-02	-5.1713019970e-02
147               	3.2177586457e-02	-5.0700245451e-02	8.2877831909e-02	4.8214800726e-02	2.0479914687e-02	2.7734886040e-02	-3.6274856765e-03	-6.6789038680e-02	4.9874427143e-02	-3.6694316506e-03	4.8039711317e-02	-5.1709142968e-02
148               	3.2178224553e-02	-5.0586021899e-02	8.2764246452e-02	4.8132459385e-02	2.0433634942e-02	2.7698824443e-02	-3.6325947505e-03	-6.6675134175e-02	4.9875224958e-02	-3.6693410786e-03	4.8040554419e-02	-5.1709895498e-02
149               	3.2175949754e-02	-5.0471907899e-02	8.2647857653e-02	4.8048649699e-02	2.0384377097e-02	2.7664272602e-02	-3.6399477526e-03	-6.6559882776e-02	4.9871477412e-02	-3.6692424290e-03	4.8036856197e-02	-5.1706098626e-02
150               	3.2176631080e-02	-5.0363472395e-02	8.2540103476e-02	4.7970580812e-02	2.0340520586e-02	2.7630060227e-02	-3.6447698205e-03	-6.6451787935e-02	4.9872344233e-02	-3.6691563536e-03	4.8037766056e-02	-5.1706922409e-02
151               	3.2174390143e-02	-5.0255113259e-02	8.2429503402e-02	4.7890961094e-02	2.0293672470e-02	2.7597288624e-02	-3.6518080767e-03	-6.6342308330e-02	4.9868665615e-02	-3.6690627789e-03	4.8034134226e-02	-5.1703197005e-02
152               	3.2175114606e-02	-5.0152211665e-02	8.2327326270e-02	4.7816921123e-02	2.0252151200e-02	2.7564769923e-02	-3.6563093615e-03	-6.6239768967e-02	4.9869608724e-02	-3.6689814806e-03	4.8035117984e-02	-5.1704099464e-02
153               	3.2172902449e-02	-5.0049102228e-02	8.2222004677e-02	4.7741157549e-02	2.0207546727e-02	2.7533610822e-02	-3.6630320472e-03	-6.6135553453e-02	4.9865986830e-02	-3.6688919231e-03	4.8031540869e-02	-5.1700432792e-02
154               	3.2173657389e-02	-4.9951258838e-02	8.2124916227e-02	4.7670824378e-02	2.0168176610e-02	2.7502647768e-02	-3.6672355791e-03	-6.6038087532e-02	4.9866977709e-02	-3.6688147890e-03	4.8032570315e-02	-5.1701385104e-02
155               	3.2171470235e-02	-4.9853103409e-02	8.2024573644e-02	4.7598616275e-02	2.0125666829e-02	2.7472949446e-02	-3.6736413086e-03	-6.5938838527e-02	4.9863411896e-02	-3.6687293541e-03	4.8029047219e-02	-5.1697776574e-02
156               	3.2172261697e-02	-4.9759938056e-02	8.1932199753e-02	4.7531641578e-02	2.0088283241e-02	2.7443358337e-02	-3.6775375484e-03	-6.5846068905e-02	4.9864475066e-02	-3.6686568745e-03	4.8030146629e-02	-5.1698803503e-02
157               	3.2170109801e-02	-4.9666265626e-02	8.1836375427e-02	4.7462720510e-02	2.0047687574e-02	2.7415032936e-02	-3.6836726815e-03	-6.5751320526e-02	4.9860977947e-02	-3.6685766716e-03	4.8026689611e-02	-5.1695266283e-02
158               	3.2170940616e-02	-4.9577463253e-02	8.1748403870e-02	4.7398961134e-02	2.0012142241e-02	2.7386818893e-02	-3.6873383263e-03	-6.5662933562e-02	4.9862099073e-02	-3.6685076309e-03	4.8027845258e-02	-5.1696352889e-02
159               	3.2168810553e-02	-4.9488138681e-02	8.1656949235e-02	4.7333224481e-02	1.9973369197e-02	2.7359855284e-02	-3.6932430436e-03	-6.5572543958e-02	4.9858645596e-02	-3.6684310313e-03	4.8024430081e-02	-5.1692861112e-02
160               	3.2169679511e-02	-4.9403644013e-02	8.1573323523e-02	4.7272618837e-02	1.9939627347e-02	2.7332991490e-02	-3.6966820716e-03	-6.5488483768e-02	4.9859836583e-02	-3.6683677176e-03	4.8025652724e-02	-5.1694020442e-02
161               	3.2167598553e-02	-4.9318619099e-02	8.1486217652e-02	4.7210008883e-02	1.9902647288e-02	2.7307361595e-02	-3.7023571534e-03	-6.5402418376e-02	4.9856472206e-02	-3.6682967157e-03	4.8022323848e-02	-5.1690620564e-02
162               	3.2168504552e-02	-4.9238248185e-02	8.1406752738e-02	4.7152422626e-02	1.9870626115e-02	2.7281796511e-02	-3.7055851977e-03	-6.5322500461e-02	4.9857722511e-02	-3.6682362538e-03	4.8023604384e-02	-5.1691840638e-02
163               	3.2166440673e-02	-4.9157338354e-02	8.1323779027e-02	4.7092838775e-02	1.9835370506e-02	2.7257468269e-02	-3.7110488818e-03	-6.5240558691e-02	4.9854393894e-02	-3.6681657474e-03	4.8020311020e-02	-5.1688476768e-02
164               	3.2167368575e-02	-4.9081647784e-02	8.1249016359e-02	4.7038645773e-02	1.9805224719e-02	2.7233421054e-02	-3.7140981676e-03	-6.5165332071e-02	4.9855689528e-02	-3.6681079877e-03	4.8021635535e-02	-5.1689743522e-02
165               	3.2165324918e-02	-4.9004010513e-02	8.1169335431e-02	4.6981468123e-02	1.9771409395e-02	2.7210058728e-02	-3.7193246668e-03	-6.5086672972e-02	4.9852397463e-02	-3.6680434846e-03	4.8018375721e-02	-5.1686419206e-02
166               	3.2166301069e-02	-4.8932324687e-02	8.1098625756e-02	4.6930168913e-02	1.9742878683e-02	2.7187290229e-02	-3.7222057729e-03	-6.5015475221e-02	4.9853772788e-02	-3.6679902991e-03	4.8019777638e-02	-5.1687767938e-02
167               	3.2164248924e-02	-4.8859543385e-02	8.1023792308e-02	4.6876515751e-02	1.9711010445e-02	2.7165505306e-02	-3.7272474303e-03	-6.4941667847e-02	4.9850488104e-02	-3.6679289429e-03	4.8016523633e-02	-5.1684452576e-02
168               	3.2165374925e-02	-4.8790466071e-02	8.0955840996e-02	4.6827086830e-02	1.9683616950e-02	2.7143469881e-02	-3.7299264654e-03	-6.4873153533e-02	4.9852065018e-02	-3.6678776753e-03	4.8018126180e-02	-5.1686003855e-02
169               	3.2163310430e-02	-4.8721318915e-02	8.0884629345e-02	4.6776122071e-02	1.9653255557e-02	2.7122866514e-02	-3.7348054786e-03	-6.4802974130e-02	4.9848781589e-02	-3.6678179383e-03	4.8014872620e-02	-5.1682690558e-02
170               	3.2164398719e-02	-4.8656156588e-02	8.0820555307e-02	4.6729569930e-02	1.9627460753e-02	2.7102109177e-02	-3.7373242119e-03	-6.4738355948e-02	4.9850326507e-02	-3.6677683930e-03	4.8016442310e-02	-5.1684210703e-02
171               	3.2162368248e-02	-4.8590360976e-02	8.0752729224e-02	4.6681014225e-02	1.9598504496e-02	2.7082509729e-02	-3.7420026163e-03	-6.4671545100e-02	4.9847101634e-02	-3.6677122041e-03	4.8013245532e-02	-5.1680957736e-02
172               	3.2163505348e-02	-4.8528081691e-02	8.0691587039e-02	4.6636563417e-02	1.9573949757e-02	2.7062613660e-02	-3.7443319516e-03	-6.4609834365e-02	4.9848720345e-02	-3.6676674145e-03	4.8014886638e-02	-5.1682554053e-02
173               	3.2161497002e-02	-4.8465127615e-02	8.0626624618e-02	4.6590130052e-02	1.9546204925e-02	2.7043925127e-02	-3.7488601007e-03	-6.4545876116e-02	4.9845529452e-02	-3.6676149552e-03	4.8011721975e-02	-5.1679336930e-02
174               	3.2162645140e-02	-4.8405762570e-02	8.0568407710e-02	4.6547830108e-02	1.9522862168e-02	2.7024967940e-02	-3.7510528857e-03	-6.4487085140e-02	4.9847173292e-02	-3.6675713786e-03	4.8013387603e-02	-5.1680958981e-02
175               	3.2160655012e-02	-4.8345630434e-02	8.0506285446e-02	4.6503454909e-02	1.9496296291e-02	2.7007158618e-02	-3.7554311632e-03	-6.4425957940e-02	4.9844017710e-02	-3.6675189694e-03	4.8010258225e-02	-5.1677777194e-02
176               	3.2161817176e-02	-4.8288856808e-02	8.0450673984e-02	4.6463064277e-02	1.9474047283e-02	2.6989016994e-02	-3.7574848559e-03	-6.4369765396e-02	4.9845685029e-02	-3.6674761964e-03	4.8011946931e-02	-5.1679423128e-02
177               	3.2159917958e-02	-4.8232436582e-02	8.0392354540e-02	4.6421426047e-02	1.9448985251e-02	2.6972440796e-02	-3.7617277727e-03	-6.4312395561e-02	4.9842653552e-02	-3.6674272835e-03	4.8008939910e-02	-5.1676367194e-02
178               	3.2160964475e-02	-4.8180255126e-02	8.0341219601e-02	4.6384469018e-02	1.9428701270e-02	2.6955767748e-02	-3.7635332389e-03	-6.4260737364e-02	4.9844192224e-02	-3.6673898727e-03	4.8010497288e-02	-5.1677887160e-02
179               	3.2159031160e-02	-4.8124276107e-02	8.0283307267e-02	4.6343217033e-02	1.9404078844e-02	2.6939138189e-02	-3.7675296727e-03	-6.4203791687e-02	4.9841123448e-02	-3.6673417911e-03	4.8007452552e-02	-5.1674794343e-02
180               	3.2160314942e-02	-4.8073285482e-02	8.0233600424e-02	4.6307079772e-02	1.9384331291e-02	2.6922748481e-02	-3.7692085953e-03	-6.4153442953e-02	4.9842972023e-02	-3.6673018267e-03	4.8009321110e-02	-5.1676622936e-02
181               	3.2158429975e-02	-4.8023209794e-02	8.0181639769e-02	4.6270185297e-02	1.9362005952e-02	2.6908179345e-02	-3.7730866963e-03	-6.4102424782e-02	4.9839985597e-02	-3.6672579654e-03	4.8006356614e-02	-5.1673614579e-02
182               	3.2159621740e-02	-4.7975944675e-02	8.0135566415e-02	4.6236803488e-02	1.9343884637e-02	2.6892918851e-02	-3.7745171067e-03	-6.4055755545e-02	4.9841730634e-02	-3.6672270362e-03	4.8008117116e-02	-5.1675344152e-02
183               	3.2157693935e-02	-4.7926556477e-02	8.0084250411e-02	4.6200317974e-02	1.9322075611e-02	2.6878242363e-02	-3.7780833759e-03	-6.4005403444e-02	4.9838690614e-02	-3.6671892845e-03	4.8005095972e-02	-5.1672285257e-02
184               	3.2158878997e-02	-4.7877060050e-02	8.0035939046e-02	4.6165189770e-02	1.9303191757e-02	2.6861998013e-02	-3.7794031281e-03	-6.3956499548e-02	4.9840417642e-02	-3.6671544115e-03	4.8006840436e-02	-5.1673994847e-02
185               	3.2157059474e-02	-4.7834029158e-02	7.9991088632e-02	4.6133240077e-02	1.9283606586e-02	2.6849633491e-02	-3.7830134526e-03	-6.3912558895e-02	4.9837528478e-02	-3.6671157927e-03	4.8003970582e-02	-5.1671086374e-02
186               	3.2158273951e-02	-4.7788675215e-02	7.9946949166e-02	4.6101100008e-02	1.9266261922e-02	2.6834838086e-02	-3.7842880820e-03	-6.3867812191e-02	4.9839301750e-02	-3.6670835502e-03	4.8005759975e-02	-5.1672843525e-02
187               	3.2156353387e-02	-4.7740669288e-02	7.9897022675e-02	4.6065575784e-02	1.9244999539e-02	2.6820576245e-02	-3.7877883530e-03	-6.3818845981e-02	4.9836277518e-02	-3.6670397541e-03	4.8002757641e-02	-5.1669797395e-02
188               	3.2157605182e-02	-4.7698131972e-02	7.9855737155e-02	4.6035513171e-02	1.9228683785e-02	2.6806829385e-02	-3.7890728000e-03	-6.3776934563e-02	4.9838117059e-02	-3.6670020661e-03	4.8004616026e-02	-5.1671618092e-02
189               	3.2155772959e-02	-4.7655284990e-02	7.9811057949e-02	4.6003749853e-02	1.9209275192e-02	2.6794474661e-02	-3.7925997349e-03	-6.3733171470e-02	4.9835224754e-02	-3.6669586178e-03	4.8001745445e-02	-5.1668704063e-02
190               	3.2157034572e-02	-4.7614782043e-02	7.9771816615e-02	4.5975141638e-02	1.9193830280e-02	2.6781311358e-02	-3.7937405392e-03	-6.3693299329e-02	4.9837080453e-02	-3.6669315873e-03	4.8003614659e-02	-5.1670546247e-02
191               	3.2155191732e-02	-4.7572811637e-02	7.9728003369e-02	4.5944042266e-02	1.9174956980e-02	2.6769085286e-02	-3.7970641534e-03	-6.3650407503e-02	4.9834177808e-02	-3.6669013964e-03	4.8000727110e-02	-5.1667628507e-02
192               	3.2156465515e-02	-4.7534550040e-02	7.9691015555e-02	4.5917172511e-02	1.9160502724e-02	2.6756669787e-02	-3.7980835313e-03	-6.3612782798e-02	4.9836060113e-02	-3.6668770966e-03	4.8002621565e-02	-5.1669498662e-02
193               	3.2154647341e-02	-4.7495271860e-02	7.9649919201e-02	4.5888106982e-02	1.9142741912e-02	2.6745365070e-02	-3.8013115788e-03	-6.3572595531e-02	4.9833199183e-02	-3.6668377030e-03	4.7999780332e-02	-5.1666618035e-02
194               	3.2155929868e-02	-4.7459159361e-02	7.9615089229e-02	4.5862765007e-02	1.9129213465e-02	2.6733551542e-02	-3.8021690383e-03	-6.3537124295e-02	4.9835096633e-02	-3.6668027054e-03	4.8001695281e-02	-5.1668497986e-02
195               	3.2154117215e-02	-4.7421541818e-02	7.9575659033e-02	4.5834859005e-02	1.9112217053e-02	2.6722641952e-02	-3.8052124494e-03	-6.3498600425e-02	4.9832243154e-02	-3.6667628215e-03	4.7998861744e-02	-5.1665624565e-02
196               	3.2155406593e-02	-4.7387104988e-02	7.9542511580e-02	4.5810748173e-02	1.9099437304e-02	2.6711310869e-02	-3.8059367828e-03	-6.3464808284e-02	4.9834150495e-02	-3.6667382445e-03	4.8000781372e-02	-5.1667519617e-02
197               	3.2153610147e-02	-4.7351145761e-02	7.9504755908e-02	4.5784102139e-02	1.9083147544e-02	2.6700954595e-02	-3.8089035251e-03	-6.3427950834e-02	4.9831322338e-02	-3.6667105717e-03	4.7997967053e-02	-5.1664677624e-02
198               	3.2154914407e-02	-4.7318443942e-02	7.9473358349e-02	4.5761254973e-02	1.9071071501e-02	2.6690183472e-02	-3.8095559852e-03	-6.3395901145e-02	4.9833255077e-02	-3.6666905894e-03	4.7999909782e-02	-5.1666600371e-02
199               	3.2153135584e-02	-4.7284213567e-02	7.9437349151e-02	4.5735812623e-02	1.9055484765e-02	2.6680327858e-02	-3.8124215462e-03	-6.3360781359e-02	4.9830457710e-02	-3.6666596894e-03	4.7997127865e-02	-5.1663787555e-02
200               	3.2154453929e-02	-4.7253143016e-02	7.9407596945e-02	4.5714126239e-02	1.9044093805e-02	2.6670032435e-02	-3.8129693150e-03	-6.3330369981e-02	4.9832416180e-02	-3.6666369830e-03	4.7999097688e-02	-5.1665734671e-02
201               	3.2152689653e-02	-4.7220328782e-02	7.9373018435e-02	4.5689743519e-02	1.9029118774e-02	2.6660624745e-02	-3.8157529854e-03	-6.3296673609e-02	4.9829646256e-02	-3.6666087293e-03	4.7996341891e-02	-5.1662950620e-02
202               	3.2154017595e-02	-4.7190734673e-02	7.9344752268e-02	4.5669143474e-02	1.9018336989e-02	2.6650806485e-02	-3.8162347478e-03	-6.3267743470e-02	4.9831623013e-02	-3.6665911501e-03	4.7998327438e-02	-5.1664918588e-02
203               	3.2152263286e-02	-4.7159435708e-02	7.9311698993e-02	4.5645847068e-02	1.9003965648e-02	2.6641881420e-02	-3.8189578861e-03	-6.3235567350e-02	4.9828870207e-02	-3.6665650364e-03	4.7995587689e-02	-5.1662152725e-02
204               	3.2153600828e-02	-4.7131440229e-02	7.9285041057e-02	4.5626369056e-02	1.8993818798e-02	2.6632550258e-02	-3.8193657301e-03	-6.3208240643e-02	4.9830864309e-02	-3.6665459522e-03	4.7997591333e-02	-5.1664137285e-02
205               	3.2151857166e-02	-4.7101660881e-02	7.9253518047e-02	4.5604151303e-02	1.8980072450e-02	2.6624078853e-02	-3.8220032012e-03	-6.3177589464e-02	4.9828132359e-02	-3.6665178953e-03	4.7994873412e-02	-5.1661391307e-02
206               	3.2153204146e-02	-4.7075105695e-02	7.9228309840e-02	4.5585721615e-02	1.8970536200e-02	2.6615185416e-02	-3.8223246080e-03	-6.3151707768e-02	4.9830145589e-02	-3.6664992123e-03	4.7996895983e-02	-5.1663395195e-02
207               	3.2151470721e-02	-4.7046602300e-02	7.9198073021e-02	4.5564463948e-02	1.8957339871e-02	2.6607124078e-02	-3.8248921036e-03	-6.3122337661e-02	4.9827432322e-02	-3.6664737956e-03	4.7994195424e-02	-5.1660669219e-02
208               	3.2152825665e-02	-4.7021341149e-02	7.9174166814e-02	4.5546994577e-02	1.8948338455e-02	2.6598656122e-02	-3.8251588340e-03	-6.3097753981e-02	4.9829458664e-02	-3.6664579913e-03	4.7996229669e-02	-5.1662687660e-02
209               	3.2151102240e-02	-4.6994178332e-02	7.9145280571e-02	4.5526698406e-02	1.8935679323e-02	2.6591019082e-02	-3.8276698796e-03	-6.3069729451e-02	4.9826763668e-02	-3.6664341240e-03	4.7993546606e-02	-5.1659980730e-02
210               	3.2152466296e-02	-4.6970295733e-02	7.9122762028e-02	4.5510207543e-02	1.8927243020e-02	2.6582964523e-02	-3.8278607513e-03	-6.3046528881e-02	4.9828807277e-02	-3.6664189244e-03	4.7995597814e-02	-5.1662016739e-02
211               	3.2150749787e-02	-4.6944330191e-02	7.9095079978e-02	4.5490796680e-02	1.8915107970e-02	2.6575688710e-02	-3.8302903699e-03	-6.3019705084e-02	4.9826123389e-02	-3.6663956694e-03	4.7992925554e-02	-5.1659321223e-02
212               	3.2152119314e-02	-4.6921621131e-02	7.9073740445e-02	4.5475183577e-02	1.8907182922e-02	2.6568000655e-02	-3.8304088666e-03	-6.2997680788e-02	4.9828176895e-02	-3.6663814217e-03	4.7994986184e-02	-5.1661367606e-02
213               	3.2150414330e-02	-4.6896782213e-02	7.9047196544e-02	4.5456597976e-02	1.8895523785e-02	2.6561074190e-02	-3.8327752025e-03	-6.2971989379e-02	4.9825515171e-02	-3.6663590646e-03	4.7992335639e-02	-5.1658694703e-02
214               	3.2151791817e-02	-4.6875224634e-02	7.9027016452e-02	4.5441821955e-02	1.8888074071e-02	2.6553747884e-02	-3.8328369064e-03	-6.2951120543e-02	4.9827583851e-02	-3.6663455081e-03	4.7994411097e-02	-5.1660756605e-02
215               	3.2150095544e-02	-4.6851481862e-02	7.9001577406e-02	4.5424037812e-02	1.8876870624e-02	2.6547167188e-02	-3.8351482816e-03	-6.2926529634e-02	4.9824935524e-02	-3.6663238074e-03	4.7991773620e-02	-5.1658097427e-02
216               	3.2151479525e-02	-4.6831070665e-02	7.8982550190e-02	4.5410076313e-02	1.8869893374e-02	2.6540182939e-02	-3.8351447825e-03	-6.2906810428e-02	4.9827016819e-02	-3.6663111430e-03	4.7993861247e-02	-5.1660172390e-02
217               	3.2149795022e-02	-4.6808417527e-02	7.8958212549e-02	4.5393070979e-02	1.8859142631e-02	2.6533928348e-02	-3.8373928589e-03	-6.2883315038e-02	4.9824390914e-02	-3.6662902575e-03	4.7991245785e-02	-5.1657536042e-02
218               	3.2151186624e-02	-4.6789062760e-02	7.8940249383e-02	4.5379871604e-02	1.8852598918e-02	2.6527272687e-02	-3.8373368844e-03	-6.2864656072e-02	4.9826488184e-02	-3.6662780107e-03	4.7993349178e-02	-5.1659627189e-02
219               	3.2149510345e-02	-4.6767361117e-02	7.8916871463e-02	4.5363573392e-02	1.8842244779e-02	2.6521328612e-02	-3.8395419165e-03	-6.2842116290e-02	4.9823875040e-02	-3.6662577005e-03	4.7990746190e-02	-5.1657003891e-02
220               	3.2150904332e-02	-4.6748964248e-02	7.8899868580e-02	4.5351089004e-02	1.8836094227e-02	2.6514994777e-02	-3.8394502750e-03	-6.2824416414e-02	4.9825974310e-02	-3.6662465965e-03	4.7992851012e-02	-5.1659097609e-02
221               	3.2149236083e-02	-4.6728236340e-02	7.8877472424e-02	4.5335496702e-02	1.8826132965e-02	2.6509363737e-02	-3.8416153856e-03	-6.2802854382e-02	4.9823373311e-02	-3.6662274735e-03	4.7990259574e-02	-5.1656487048e-02
222               	3.2150633361e-02	-4.6710944415e-02	7.8861577777e-02	4.5323774883e-02	1.8820421975e-02	2.6503352908e-02	-3.8414654665e-03	-6.2786261096e-02	4.9825483078e-02	-3.6662170309e-03	4.7992374563e-02	-5.1658591594e-02
223               	3.2148970726e-02	-4.6691230065e-02	7.8840200791e-02	4.5308884403e-02	1.8810873897e-02	2.6498010506e-02	-3.8435683047e-03	-6.2765715428e-02	4.9822894810e-02	-3.6661980522e-03	4.7989795784e-02	-5.1655993836e-02
224               	3.2150371845e-02	-4.6674842947e-02	7.8825214792e-02	4.5297809716e-02	1.8805533712e-02	2.6492276005e-02	-3.8433711465e-03	-6.2750028870e-02	4.9825010353e-02	-3.6661878792e-03	4.7991916413e-02	-5.1658104292e-02
225               	3.2148718200e-02	-4.6655922828e-02	7.8804641028e-02	4.5283509114e-02	1.8796321109e-02	2.6487188005e-02	-3.8454334478e-03	-6.2730281928e-02	4.9822436578e-02	-3.6661696757e-03	4.7989351740e-02	-5.1655521416e-02
226               	3.2150121587e-02	-4.6640400966e-02	7.8790522553e-02	4.5273061284e-02	1.8791339827e-02	2.6481721457e-02	-3.8451908151e-03	-6.2715461760e-02	4.9824558714e-02	-3.6661606274e-03	4.7991478401e-02	-5.1657639028e-02
227               	3.2148474842e-02	-4.6622337513e-02	7.8770812355e-02	4.5259362435e-02	1.8782479022e-02	2.6476883412e-02	-3.8472021950e-03	-6.2696574934e-02	4.9821998622e-02	-3.6661432051e-03	4.7988927019e-02	-5.1655070224e-02
228               	3.2149883937e-02	-4.6607672507e-02	7.8757556444e-02	4.5249505622e-02	1.8777851883e-02	2.6471653740e-02	-3.8469009286e-03	-6.2682614476e-02	4.9824133017e-02	-3.6661344426e-03	4.7991065795e-02	-5.1657200238e-02
229               	3.2148246021e-02	-4.6590335536e-02	7.8738581557e-02	4.5236324592e-02	1.8769301003e-02	2.6467023589e-02	-3.8488612930e-03	-6.2664458547e-02	4.9821588909e-02	-3.6661172640e-03	4.7988530277e-02	-5.1654647541e-02
230               	3.2149658689e-02	-4.6576370471e-02	7.8726029161e-02	4.5226984969e-02	1.8764972238e-02	2.6462012731e-02	-3.8485202463e-03	-6.2651199816e-02	4.9823730760e-02	-3.6661091929e-03	4.7990676163e-02	-5.1656785356e-02
231               	3.2148026491e-02	-4.6559706907e-02	7.8707733399e-02	4.5214313427e-02	1.8756711833e-02	2.6457601594e-02	-3.8504448801e-03	-6.2633720153e-02	4.9821196682e-02	-3.6660929685e-03	4.7988150198e-02	-5.1654243166e-02
232               	3.2149441568e-02	-4.6546463484e-02	7.8695905051e-02	4.5205493477e-02	1.8752682839e-02	2.6452810637e-02	-3.8500638990e-03	-6.2621184268e-02	4.9823345152e-02	-3.6660855760e-03	4.7990302364e-02	-5.1656387940e-02
233               	3.2147813961e-02	-4.6530518845e-02	7.8678332807e-02	4.5193325733e-02	1.8744717702e-02	2.6448608031e-02	-3.8519451641e-03	-6.2604425826e-02	4.9820819045e-02	-3.6660696107e-03	4.7987784239e-02	-5.1653853850e-02
234               	3.2149229807e-02	-4.6517970371e-02	7.8667200177e-02	4.5185004406e-02	1.8740976608e-02	2.6444027798e-02	-3.8515255948e-03	-6.2592585274e-02	4.9822967579e-02	-3.6660626290e-03	4.7989936265e-02	-5.1655998894e-02
235               	3.2147606624e-02	-4.6502653597e-02	7.8650260222e-02	4.5173301815e-02	1.8733273189e-02	2.6440028626e-02	-3.8533777188e-03	-6.2576456909e-02	4.9820446461e-02	-3.6660474254e-03	4.7987422748e-02	-5.1653470174e-02
236               	3.2149028263e-02	-4.6490805518e-02	7.8639833781e-02	4.5165471872e-02	1.8729803046e-02	2.6435668826e-02	-3.8529328899e-03	-6.2565319650e-02	4.9822606738e-02	-3.6660409983e-03	4.7989586238e-02	-5.1655627237e-02
237               	3.2147414463e-02	-4.6476262909e-02	7.8623677373e-02	4.5154290786e-02	1.8722391364e-02	2.6431899422e-02	-3.8547540289e-03	-6.2549970141e-02	4.9820105413e-02	-3.6660258079e-03	4.7987092509e-02	-5.1653118317e-02
238               	3.2148840116e-02	-4.6465120155e-02	7.8613960271e-02	4.5146958138e-02	1.8719205941e-02	2.6427752197e-02	-3.8542731277e-03	-6.2539540213e-02	4.9822275810e-02	-3.6660194515e-03	4.7989266084e-02	-5.1655285536e-02
239               	3.2147256846e-02	-4.6452520119e-02	7.8599776965e-02	4.5137243485e-02	1.8712585865e-02	2.6424657620e-02	-3.8560358774e-03	-6.2526148542e-02	4.9819822286e-02	-3.6660063861e-03	4.7986819093e-02	-5.1652825479e-02
240               	3.2148598192e-02	-4.6439760003e-02	7.8588358194e-02	4.5128716054e-02	1.8708803896e-02	2.6419912158e-02	-3.8555541314e-03	-6.2514059098e-02	4.9821860062e-02	-3.6660001432e-03	4.7988859990e-02	-5.1654860133e-02
241               	3.2147040358e-02	-4.6427684818e-02	7.8574725176e-02	4.5119416526e-02	1.8702422176e-02	2.6416994350e-02	-3.8572860872e-03	-6.2501204997e-02	4.9819444904e-02	-3.6659872566e-03	4.7986451275e-02	-5.1652438532e-02
242               	3.2148436921e-02	-4.6418664890e-02	7.8567101811e-02	4.5113578631e-02	1.8700082091e-02	2.6413496540e-02	-3.8567072246e-03	-6.2492883350e-02	4.9821571178e-02	-3.6659823289e-03	4.7988580014e-02	-5.1654562342e-02
243               	3.2146918318e-02	-4.6403295418e-02	7.8550213736e-02	4.5101923321e-02	1.8692471132e-02	2.6409452188e-02	-3.8584905279e-03	-6.2476754577e-02	4.9819218667e-02	-3.6659674093e-03	4.7986234962e-02	-5.1652202371e-02
244               	3.2148358128e-02	-4.6395902420e-02	7.8544260548e-02	4.5097320783e-02	1.8690780322e-02	2.6406540462e-02	-3.8578800699e-03	-6.2470081484e-02	4.9821412912e-02	-3.6659636700e-03	4.7988431077e-02	-5.1654394747e-02
245               	3.2146819111e-02	-4.6383810099e-02	7.8530629210e-02	4.5088074669e-02	1.8684391598e-02	2.6403683071e-02	-3.8596457369e-03	-6.2457219654e-02	4.9819022547e-02	-3.6659518094e-03	4.7986046643e-02	-5.1651998452e-02
246               	3.2148133904e-02	-4.6374885254e-02	7.8523019158e-02	4.5082292931e-02	1.8682106514e-02	2.6400186418e-02	-3.8590399519e-03	-6.2448952206e-02	4.9821019952e-02	-3.6659479131e-03	4.7988045995e-02	-5.1653993908e-02
247               	3.2146594333e-02	-4.6362258261e-02	7.8508852594e-02	4.5072645989e-02	1.8675611681e-02	2.6397034308e-02	-3.8607113133e-03	-6.2435555428e-02	4.9818635103e-02	-3.6659352105e-03	4.7985667497e-02	-5.1651602708e-02
248               	3.2147987545e-02	-4.6354418732e-02	7.8502406277e-02	4.5067689310e-02	1.8673809503e-02	2.6393879807e-02	-3.8600351524e-03	-6.2428412504e-02	4.9820757442e-02	-3.6659306660e-03	4.7987792109e-02	-5.1653722775e-02
249               	3.2146502935e-02	-4.6342979682e-02	7.8489482617e-02	4.5058942536e-02	1.8667751452e-02	2.6391191084e-02	-3.8617198163e-03	-6.2416231150e-02	4.9818452262e-02	-3.6659183096e-03	4.7985493107e-02	-5.1651411416e-02
250               	3.2147889576e-02	-4.6335546889e-02	7.8483436465e-02	4.5054288617e-02	1.8666072789e-02	2.6388215828e-02	-3.8610715193e-03	-6.2409491677e-02	4.9820557498e-02	-3.6659151119e-03	4.7987599942e-02	-5.1653515054e-02
251               	3.2146376836e-02	-4.6324238185e-02	7.8470615020e-02	4.5045605402e-02	1.8660078862e-02	2.6385526541e-02	-3.8627238396e-03	-6.2397426603e-02	4.9818210439e-02	-3.6659040947e-03	4.7985258392e-02	-5.1651162486e-02
252               	3.2147747645e-02	-4.6317182710e-02	7.8464930355e-02	4.5041177623e-02	1.8658577807e-02	2.6382599816e-02	-3.8620110046e-03	-6.2391056533e-02	4.9820298194e-02	-3.6659011889e-03	4.7987347600e-02	-5.1653248789e-02
253               	3.2146239995e-02	-4.6306444750e-02	7.8452684745e-02	4.5032875733e-02	1.8652818977e-02	2.6380056756e-02	-3.8636188898e-03	-6.2379564748e-02	4.9817961928e-02	-3.6658896444e-03	4.7985017105e-02	-5.1650906750e-02
254               	3.2147625353e-02	-4.6299877744e-02	7.8447503097e-02	4.5028784004e-02	1.8651505967e-02	2.6377278037e-02	-3.8628860351e-03	-6.2373690420e-02	4.9820073057e-02	-3.6658864595e-03	4.7987129827e-02	-5.1653016287e-02
255               	3.2146130210e-02	-4.6289487597e-02	7.8435617807e-02	4.5020729045e-02	1.8645882521e-02	2.6374846524e-02	-3.8644820012e-03	-6.2362552702e-02	4.9817758496e-02	-3.6658753947e-03	4.7984820798e-02	-5.1650696193e-02
256               	3.2147519386e-02	-4.6283232402e-02	7.8430751788e-02	4.5016853728e-02	1.8644691580e-02	2.6372162148e-02	-3.8637352843e-03	-6.2356992095e-02	4.9819881006e-02	-3.6658729201e-03	4.7986944546e-02	-5.1652817467e-02
257               	3.2146022790e-02	-4.6273234238e-02	7.8419257028e-02	4.5009065707e-02	1.8639221259e-02	2.6369844448e-02	-3.8653115948e-03	-6.2346245633e-02	4.9817567315e-02	-3.6658623372e-03	4.7984636147e-02	-5.1650498484e-02
258               	3.2147407820e-02	-4.6267407084e-02	7.8414814904e-02	4.5005485510e-02	1.8638196293e-02	2.6367289217e-02	-3.8645464622e-03	-6.2341110994e-02	4.9819681816e-02	-3.6658602103e-03	4.7986751711e-02	-5.1652611921e-02
259               	3.2145910868e-02	-4.6257811236e-02	7.8403722104e-02	4.4997982974e-02	1.8632886637e-02	2.6365096337e-02	-3.8661048501e-03	-6.2330766670e-02	4.9817365185e-02	-3.6658500388e-03	4.7984440165e-02	-5.1650290204e-02
260               	3.2147301109e-02	-4.6252342029e-02	7.8399643138e-02	4.4994659726e-02	1.8632008278e-02	2.6362651448e-02	-3.8653215850e-03	-6.2325992584e-02	4.9819490253e-02	-3.6658482760e-03	4.7986566115e-02	-5.1652414391e-02
261               	3.2145810137e-02	-4.6243097999e-02	7.8388908136e-02	4.4987413195e-02	1.8626845905e-02	2.6360567290e-02	-3.8668606922e-03	-6.2316003067e-02	4.9817184993e-02	-3.6658383003e-03	4.7984265843e-02	-5.1650104144e-02
262               	3.2147201155e-02	-4.6237938880e-02	7.8385140035e-02	4.4984331697e-02	1.8626098192e-02	2.6358233505e-02	-3.8660676566e-03	-6.2311539457e-02	4.9819309492e-02	-3.6658365599e-03	4.7986391212e-02	-5.1652227772e-02
263               	3.2145708901e-02	-4.6228978973e-02	7.8374687874e-02	4.4977318018e-02	1.8621051597e-02	2.6356266421e-02	-3.8676074120e-03	-6.2301833423e-02	4.9816998233e-02	-3.6658267746e-03	4.7984084845e-02	-5.1649911620e-02
264               	3.2147100383e-02	-4.6224180403e-02	7.8371280785e-02	4.4974502798e-02	1.8620441859e-02	2.6354060939e-02	-3.8668095400e-03	-6.2297730594e-02	4.9819122502e-02	-3.6658254476e-03	4.7986209778e-02	-5.1652035226e-02
265               	3.2145613902e-02	-4.6215674811e-02	7.8361288713e-02	4.4967799254e-02	1.8615576273e-02	2.6352222981e-02	-3.8683233542e-03	-6.2288481762e-02	4.9816823332e-02	-3.6658161098e-03	4.7983915277e-02	-5.1649731387e-02
266               	3.2147010167e-02	-4.6211260758e-02	7.8358270925e-02	4.4965258172e-02	1.8615136450e-02	2.6350121722e-02	-3.8674926360e-03	-6.2284765842e-02	4.9818957746e-02	-3.6658150028e-03	4.7986050244e-02	-5.1651865247e-02
267               	3.2145527228e-02	-4.6202988038e-02	7.8348515265e-02	4.4958755849e-02	1.8610395077e-02	2.6348360772e-02	-3.8689828471e-03	-6.2275751652e-02	4.9816664332e-02	-3.6658056116e-03	4.7983761526e-02	-5.1649567138e-02
268               	3.2146926076e-02	-4.6198741042e-02	7.8345667117e-02	4.4956376665e-02	1.8610049933e-02	2.6346326732e-02	-3.8681383995e-03	-6.2272204080e-02	4.9818802019e-02	-3.6658046018e-03	4.7985899718e-02	-5.1651704320e-02
269               	3.2145446211e-02	-4.6190669255e-02	7.8336115466e-02	4.4950042689e-02	1.8605402979e-02	2.6344639710e-02	-3.8696183659e-03	-6.2263392361e-02	4.9816512496e-02	-3.6657957101e-03	4.7983614641e-02	-5.1649410351e-02
270               	3.2146846777e-02	-4.6186727618e-02	7.8333574395e-02	4.4947866811e-02	1.8605173604e-02	2.6342693207e-02	-3.8687598014e-03	-6.2260151007e-02	4.9818654204e-02	-3.6657954042e-03	4.7985756502e-02	-5.1651551906e-02
271               	3.2145368310e-02	-4.6179046880e-02	7.8324415190e-02	4.4941770510e-02	1.8600674233e-02	2.6341096277e-02	-3.8702110221e-03	-6.2251731035e-02	4.9816368878e-02	-3.6657867120e-03	4.7983475522e-02	-5.1649262234e-02
272               	3.2146767081e-02	-4.6175397824e-02	7.8322164904e-02	4.4939787315e-02	1.8600571873e-02	2.6339215442e-02	-3.8693217847e-03	-6.2248781364e-02	4.9818505958e-02	-3.6657861557e-03	4.7985612880e-02	-5.1651399036e-02
273               	3.2145289374e-02	-4.6167850322e-02	7.8313139696e-02	4.4933810374e-02	1.8596146929e-02	2.6337663445e-02	-3.8707582578e-03	-6.2240495009e-02	4.9816220493e-02	-3.6657775102e-03	4.7983331738e-02	-5.1649109248e-02
274               	3.2146690522e-02	-4.6164359991e-02	7.8311050514e-02	4.4931951862e-02	1.8596107410e-02	2.6335844452e-02	-3.8698685209e-03	-6.2237705252e-02	4.9818363036e-02	-3.6657774036e-03	4.7985474334e-02	-5.1651251737e-02
275               	3.2145215283e-02	-4.6157145347e-02	7.8302360630e-02	4.4926172744e-02	1.8591788562e-02	2.6334384182e-02	-3.8712978097e-03	-6.2229752989e-02	4.9816084464e-02	-3.6657688797e-03	4.7983200024e-02	-5.1648968904e-02
276               	3.2146616987e-02	-4.6154043712e-02	7.8300660699e-02	4.4924539198e-02	1.8591883418e-02	2.6332655779e-02	-3.8703861803e-03	-6.2227352205e-02	4.9818228860e-02	-3.6657684726e-03	4.7985344624e-02	-5.1651113096e-02
277               	3.2145141161e-02	-4.6147091509e-02	7.8292232671e-02	4.4918942016e-02	1.8587678407e-02	2.6331263609e-02	-3.8717926011e-03	-6.2219662090e-02	4.9815946123e-02	-3.6657600364e-03	4.7983066105e-02	-5.1648826141e-02
278               	3.2146544334e-02	-4.6144136487e-02	7.8290680821e-02	4.4917441535e-02	1.8587849573e-02	2.6329591962e-02	-3.8708711943e-03	-6.2217408654e-02	4.9818090690e-02	-3.6657604577e-03	4.7985210461e-02	-5.1650970919e-02
279               	3.2145073555e-02	-4.6137380748e-02	7.8282454303e-02	4.4911987338e-02	1.8583717519e-02	2.6328269820e-02	-3.8722761504e-03	-6.2209917525e-02	4.9815818086e-02	-3.6657529881e-03	4.7982941592e-02	-5.1648694580e-02
280               	3.2146480909e-02	-4.6134719582e-02	7.8281200491e-02	4.4910658028e-02	1.8583975379e-02	2.6326682650e-02	-3.8713536356e-03	-6.2207960037e-02	4.9817973877e-02	-3.6657536202e-03	4.7985097067e-02	-5.1650850687e-02
281               	3.2145012249e-02	-4.6128282715e-02	7.8273294964e-02	4.4905390571e-02	1.8579945421e-02	2.6325445149e-02	-3.8727498641e-03	-6.2200788840e-02	4.9815707863e-02	-3.6657455673e-03	4.7982835080e-02	-5.1648580647e-02
282               	3.2146421159e-02	-4.6125844129e-02	7.8272265288e-02	4.4904220087e-02	1.8580302087e-02	2.6323918000e-02	-3.8718079567e-03	-6.2199054708e-02	4.9817867528e-02	-3.6657457016e-03	4.7984994678e-02	-5.1650740379e-02
283               	3.2144953250e-02	-4.6119518947e-02	7.8264472197e-02	4.4899080749e-02	1.8576354555e-02	2.6322726195e-02	-3.8731858198e-03	-6.2191995572e-02	4.9815601617e-02	-3.6657379723e-03	4.7982732631e-02	-5.1648470603e-02
284               	3.2146362567e-02	-4.6117167319e-02	7.8263529885e-02	4.4898028978e-02	1.8576771927e-02	2.6321257051e-02	-3.8722425622e-03	-6.2190348602e-02	4.9817759728e-02	-3.6657390173e-03	4.7984890219e-02	-5.1650629236e-02
285               	3.2144897885e-02	-4.6111053346e-02	7.8255951230e-02	4.4893043672e-02	1.8572900865e-02	2.6320142807e-02	-3.8736209709e-03	-6.2183502288e-02	4.9815498302e-02	-3.6657318659e-03	4.7982632369e-02	-5.1648364235e-02
286               	3.2146311790e-02	-4.6109044865e-02	7.8255356655e-02	4.4892186665e-02	1.8573434038e-02	2.6318752627e-02	-3.8726592944e-03	-6.2182200760e-02	4.9817664797e-02	-3.6657326262e-03	4.7984798484e-02	-5.1650531110e-02
287               	3.2144849118e-02	-4.6103204695e-02	7.8248053814e-02	4.4887373522e-02	1.8569674439e-02	2.6317699082e-02	-3.8740123217e-03	-6.2175629255e-02	4.9815405778e-02	-3.6657249017e-03	4.7982543327e-02	-5.1648268229e-02
288               	3.2146260885e-02	-4.6101289489e-02	7.8247550374e-02	4.4886621195e-02	1.8570268569e-02	2.6316352625e-02	-3.8730420280e-03	-6.2174419932e-02	4.9817566441e-02	-3.6657256935e-03	4.7984703594e-02	-5.1650429288e-02
289               	3.2144800279e-02	-4.6095532419e-02	7.8240332698e-02	4.4881911100e-02	1.8566557899e-02	2.6315353201e-02	-3.8743976513e-03	-6.2167932559e-02	4.9815313969e-02	-3.6657188097e-03	4.7982454565e-02	-5.1648173374e-02
290               	3.2146215726e-02	-4.6093822898e-02	7.8240038624e-02	4.4881314381e-02	1.8567228192e-02	2.6314086190e-02	-3.8734289989e-03	-6.2166930761e-02	4.9817485339e-02	-3.6657203820e-03	4.7984625148e-02	-5.1650345530e-02
291               	3.2144755294e-02	-4.6088341180e-02	7.8233096474e-02	4.4876793454e-02	1.8563614129e-02	2.6313179325e-02	-3.8747825977e-03	-6.2160718827e-02	4.9815231749e-02	-3.6657135047e-03	4.7982374997e-02	-5.1648088502e-02
292               	3.2146167749e-02	-4.6086862917e-02	7.8233030666e-02	4.4876362263e-02	1.8564372801e-02	2.6311989462e-02	-3.8738083303e-03	-6.2159946791e-02	4.9817392855e-02	-3.6657148214e-03	4.7984535444e-02	-5.1650250266e-02
293               	3.2144707359e-02	-4.6081548014e-02	7.8226255373e-02	4.4871973082e-02	1.8560832536e-02	2.6311140547e-02	-3.8751540055e-03	-6.2153901693e-02	4.9815137358e-02	-3.6657079154e-03	4.7982283400e-02	-5.1647991316e-02
294               	3.2146123303e-02	-4.6080246257e-02	7.8226369560e-02	4.4871674226e-02	1.8561666099e-02	2.6310008127e-02	-3.8741710140e-03	-6.2153307908e-02	4.9817306675e-02	-3.6657092611e-03	4.7984452044e-02	-5.1650161306e-02
295               	3.2144667601e-02	-4.6075156226e-02	7.8219823828e-02	4.4867436686e-02	1.8558211093e-02	2.6309225593e-02	-3.8755072499e-03	-6.2147490027e-02	4.9815062326e-02	-3.6657022264e-03	4.7982211213e-02	-5.1647913439e-02
296               	3.2146083457e-02	-4.6074056339e-02	7.8220139796e-02	4.4867280045e-02	1.8559120263e-02	2.6308159782e-02	-3.8745197592e-03	-6.2147098068e-02	4.9817230288e-02	-3.6657035620e-03	4.7984378507e-02	-5.1650082069e-02
297               	3.2144625980e-02	-4.6069109107e-02	7.8213735088e-02	4.4863156386e-02	1.8555727469e-02	2.6307428917e-02	-3.8758507241e-03	-6.2141422098e-02	4.9814980279e-02	-3.6656968766e-03	4.7982131841e-02	-5.1647828717e-02
298               	3.2146043923e-02	-4.6068139554e-02	7.8214183478e-02	4.4863097882e-02	1.8556700739e-02	2.6306397143e-02	-3.8748482020e-03	-6.2141161516e-02	4.9817153584e-02	-3.6656988840e-03	4.7984304142e-02	-5.1650003026e-02
299               	3.2144589520e-02	-4.6063339191e-02	7.8207928711e-02	4.4859075496e-02	1.8553377649e-02	2.6305697847e-02	-3.8761600990e-03	-6.2135633951e-02	4.9814911628e-02	-3.6656927680e-03	4.7982065244e-02	-5.1647758012e-02
300               	3.2146007820e-02	-4.6062492270e-02	7.8208500090e-02	4.4859105502e-02	1.8554405252e-02	2.6304700250e-02	-3.8751474987e-03	-6.2135496180e-02	4.9817085484e-02	-3.6656948273e-03	4.7984238070e-02	-5.1649932898e-02
301               	3.2144551926e-02	-4.6057820581e-02	7.8202372508e-02	4.4855170398e-02	1.8551131181e-02	2.6304039217e-02	-3.8764540181e-03	-6.2130096544e-02	4.9814838799e-02	-3.6656882827e-03	4.7981994657e-02	-5.1647682940e-02
302               	3.2145971009e-02	-4.6057151007e-02	7.8203122016e-02	4.4855304865e-02	1.8552228180e-02	2.6303076685e-02	-3.8754242525e-03	-6.2130136511e-02	4.9817013594e-02	-3.6656898986e-03	4.7984168644e-02	-5.1649858543e-02
303               	3.2144516982e-02	-4.6052624500e-02	7.8197141481e-02	4.4851456917e-02	1.8549020607e-02	2.6302436309e-02	-3.8767078511e-03	-6.2124882991e-02	4.9814771221e-02	-3.6656834081e-03	4.7981929517e-02	-5.1647612925e-02
304               	3.2145937713e-02	-4.6052000415e-02	7.8197938127e-02	4.4851633610e-02	1.8550151084e-02	2.6301482525e-02	-3.8756657207e-03	-6.2124969271e-02	4.9816950332e-02	-3.6656854600e-03	4.7984107602e-02	-5.1649793062e-02
305               	3.2144483620e-02	-4.6047471089e-02	7.8191954709e-02	4.4847811597e-02	1.8546954470e-02	2.6300857127e-02	-3.8769513289e-03	-6.2119712899e-02	4.9814707336e-02	-3.6656793770e-03	4.7981867647e-02	-5.1647547024e-02
306               	3.2145903314e-02	-4.6046901965e-02	7.8192805279e-02	4.4848046337e-02	1.8548108279e-02	2.6299938058e-02	-3.8759148897e-03	-6.2119853622e-02	4.9816883336e-02	-3.6656815627e-03	4.7984042555e-02	-5.1649724118e-02
307               	3.2144447992e-02	-4.6042545718e-02	7.8186993710e-02	4.4844329603e-02	1.8544969850e-02	2.6299359753e-02	-3.8771949514e-03	-6.2114769714e-02	4.9814636937e-02	-3.6656754147e-03	4.7981799230e-02	-5.1647474645e-02
308               	3.2145869692e-02	-4.6042214079e-02	7.8188083772e-02	4.4844685835e-02	1.8546204980e-02	2.6298480855e-02	-3.8761379376e-03	-6.2115148926e-02	4.9816818877e-02	-3.6656776342e-03	4.7983980060e-02	-5.1649657694e-02
309               	3.2144417761e-02	-4.6038007297e-02	7.8182425058e-02	4.4841052297e-02	1.8543124043e-02	2.6297928254e-02	-3.8774021057e-03	-6.2110216177e-02	4.9814582209e-02	-3.6656715583e-03	4.7981746430e-02	-5.1647417988e-02
310               	3.2145839991e-02	-4.6037666084e-02	7.8183506075e-02	4.4841434029e-02	1.8544367429e-02	2.6297066600e-02	-3.8763495852e-03	-6.2110586079e-02	4.9816766431e-02	-3.6656737594e-03	4.7983929551e-02	-5.1649603310e-02
311               	3.2144387083e-02	-4.6033445584e-02	7.8177832667e-02	4.4837837348e-02	1.8541292382e-02	2.6296544965e-02	-3.8776262916e-03	-6.2105639126e-02	4.9814528491e-02	-3.6656679411e-03	4.7981694521e-02	-5.1647362462e-02
312               	3.2145806368e-02	-4.6033220784e-02	7.8179027152e-02	4.4838308572e-02	1.8542571315e-02	2.6295737257e-02	-3.8765829713e-03	-6.2106123968e-02	4.9816707903e-02	-3.6656706184e-03	4.7983872594e-02	-5.1649543212e-02
313               	3.2144353257e-02	-4.6029241439e-02	7.8173594696e-02	4.4834845467e-02	1.8539566695e-02	2.6295278772e-02	-3.8778560382e-03	-6.2101418067e-02	4.9814469778e-02	-3.6656648031e-03	4.7981637377e-02	-5.1647302180e-02
314               	3.2145774397e-02	-4.6029256385e-02	7.8175030783e-02	4.4835452726e-02	1.8540929408e-02	2.6294523319e-02	-3.8767969556e-03	-6.2102143584e-02	4.9816651275e-02	-3.6656669613e-03	4.7983817794e-02	-5.1649484756e-02
315               	3.2144324352e-02	-4.6025393318e-02	7.8169717670e-02	4.4832084073e-02	1.8537985954e-02	2.6294098119e-02	-3.8780560827e-03	-6.2097555494e-02	4.9814417552e-02	-3.6656608795e-03	4.7981587112e-02	-5.1647247991e-02
316               	3.2145748698e-02	-4.6025421727e-02	7.8171170426e-02	4.4832744641e-02	1.8539376280e-02	2.6293368361e-02	-3.8769960401e-03	-6.2098296077e-02	4.9816605159e-02	-3.6656635154e-03	4.7983773401e-02	-5.1649436917e-02
317               	3.2144302693e-02	-4.6021602388e-02	7.8165905081e-02	4.4829429336e-02	1.8536455462e-02	2.6292973874e-02	-3.8782592060e-03	-6.2093753735e-02	4.9814379792e-02	-3.6656580962e-03	4.7981550744e-02	-5.1647208840e-02
318               	3.2145729191e-02	-4.6021747629e-02	7.8167476821e-02	4.4830160301e-02	1.8537878385e-02	2.6292281916e-02	-3.8772017651e-03	-6.2094612225e-02	4.9816570471e-02	-3.6656609853e-03	4.7983739978e-02	-5.1649400964e-02
319               	3.2144284067e-02	-4.6018071997e-02	7.8162356064e-02	4.4826929654e-02	1.8535002368e-02	2.6291927286e-02	-3.8784624586e-03	-6.2090214030e-02	4.9814344826e-02	-3.6656553413e-03	4.7981517155e-02	-5.1647172496e-02
320               	3.2145709816e-02	-4.6018329627e-02	7.8164039443e-02	4.4827738160e-02	1.8536475441e-02	2.6291262719e-02	-3.8773936388e-03	-6.2091184535e-02	4.9816533283e-02	-3.6656579144e-03	4.7983704326e-02	-5.1649362240e-02
321               	3.2144262468e-02	-4.6014707214e-02	7.8158969682e-02	4.4824558767e-02	1.8533637807e-02	2.6290920961e-02	-3.8786415771e-03	-6.2086838448e-02	4.9814302838e-02	-3.6656522693e-03	4.7981476703e-02	-5.1647128972e-02
322               	3.2145687063e-02	-4.6015001717e-02	7.8160688780e-02	4.4825403357e-02	1.8535135871e-02	2.6290267486e-02	-3.8775658072e-03	-6.2087845248e-02	4.9816488036e-02	-3.6656551308e-03	4.7983660471e-02	-5.1649315602e-02
323               	3.2144240372e-02	-4.6011456137e-02	7.8155696509e-02	4.4822267806e-02	1.8532325524e-02	2.6289942282e-02	-3.8788083788e-03	-6.2083576323e-02	4.9814258254e-02	-3.6656496992e-03	4.7981433404e-02	-5.1647083103e-02
324               	3.2145666042e-02	-4.6011841069e-02	7.8157507110e-02	4.4823159030e-02	1.8533852799e-02	2.6289306231e-02	-3.8777267164e-03	-6.2084674090e-02	4.9816446322e-02	-3.6656523808e-03	4.7983620132e-02	-5.1649272513e-02
325               	3.2144217426e-02	-4.6008347835e-02	7.8152565262e-02	4.4820061668e-02	1.8531069209e-02	2.6288992459e-02	-3.8789616253e-03	-6.2080456549e-02	4.9814213080e-02	-3.6656466409e-03	4.7981389759e-02	-5.1647036400e-02
326               	3.2145639608e-02	-4.6008734997e-02	7.8154374605e-02	4.4820974788e-02	1.8532614937e-02	2.6288359850e-02	-3.8778724566e-03	-6.2081554801e-02	4.9816394837e-02	-3.6656494337e-03	4.7983570121e-02	-5.1649219554e-02
327               	3.2144189568e-02	-4.6005238194e-02	7.8149427762e-02	4.4817894773e-02	1.8529840910e-02	2.6288053863e-02	-3.8791064765e-03	-6.2077332978e-02	4.9814160311e-02	-3.6656443595e-03	4.7981338132e-02	-5.1646982491e-02
328               	3.2145614250e-02	-4.6005697050e-02	7.8151311300e-02	4.4818852264e-02	1.8531403236e-02	2.6287449028e-02	-3.8780228958e-03	-6.2078504175e-02	4.9816350475e-02	-3.6656476523e-03	4.7983526649e-02	-5.1649174301e-02
329               	3.2144164363e-02	-4.6002361906e-02	7.8146526269e-02	4.4815855820e-02	1.8528669858e-02	2.6287185962e-02	-3.8792580519e-03	-6.2074444087e-02	4.9814116750e-02	-3.6656423474e-03	4.7981295576e-02	-5.1646937923e-02
330               	3.2145587305e-02	-4.6002964466e-02	7.8148551772e-02	4.4816900836e-02	1.8530280939e-02	2.6286619897e-02	-3.8781694790e-03	-6.2075758119e-02	4.9816301345e-02	-3.6656452479e-03	4.7983478721e-02	-5.1649123969e-02
331               	3.2144140171e-02	-4.5999714769e-02	7.8143854940e-02	4.4813975999e-02	1.8527591556e-02	2.6286384443e-02	-3.8793964431e-03	-6.2071784855e-02	4.9814073019e-02	-3.6656399813e-03	4.7981253028e-02	-5.1646893009e-02
332               	3.2145569612e-02	-4.6000382329e-02	7.8145951941e-02	4.4815075621e-02	1.8529237283e-02	2.6285838338e-02	-3.8783005278e-03	-6.2073167135e-02	4.9816273057e-02	-3.6656430708e-03	4.7983451522e-02	-5.1649094592e-02
333               	3.2144128537e-02	-4.5997173204e-02	7.8141301741e-02	4.4812188058e-02	1.8526561446e-02	2.6285626612e-02	-3.8795325831e-03	-6.2069237473e-02	4.9814057420e-02	-3.6656377849e-03	4.7981238528e-02	-5.1646876313e-02
334               	3.2145560095e-02	-4.5997895092e-02	7.8143455187e-02	4.4813335360e-02	1.8528220430e-02	2.6285114929e-02	-3.8784472494e-03	-6.2070675139e-02	4.9816259062e-02	-3.6656408983e-03	4.7983438613e-02	-5.1649079511e-02
335               	3.2144118523e-02	-4.5994769291e-02	7.8138887814e-02	4.4810512003e-02	1.8525574819e-02	2.6284937185e-02	-3.8796811829e-03	-6.2066828553e-02	4.9814038767e-02	-3.6656358936e-03	4.7981220820e-02	-5.1646856714e-02
336               	3.2145548967e-02	-4.5995574587e-02	7.8141123555e-02	4.4811715952e-02	1.8527270812e-02	2.6284445140e-02	-3.8785871640e-03	-6.2068349071e-02	4.9816237080e-02	-3.6656393103e-03	4.7983417425e-02	-5.1649056735e-02
337               	3.2144109480e-02	-4.5992520652e-02	7.8136630132e-02	4.4808933002e-02	1.8524659580e-02	2.6284273422e-02	-3.8798069211e-03	-6.2064575392e-02	4.9814023040e-02	-3.6656344622e-03	4.7981205809e-02	-5.1646840271e-02
338               	3.2145540121e-02	-4.5993341121e-02	7.8138881242e-02	4.4810147546e-02	1.8526362101e-02	2.6283785445e-02	-3.8787116723e-03	-6.2066111181e-02	4.9816223312e-02	-3.6656377796e-03	4.7983404422e-02	-5.1649042202e-02
339               	3.2144097038e-02	-4.5990270798e-02	7.8134367836e-02	4.4807366408e-02	1.8523743067e-02	2.6283623341e-02	-3.8799401367e-03	-6.2062319317e-02	4.9814001875e-02	-3.6656325414e-03	4.7981185605e-02	-5.1646818146e-02
340               	3.2145523502e-02	-4.5991130279e-02	7.8136653781e-02	4.4808612502e-02	1.8525466719e-02	2.6283145783e-02	-3.8788395322e-03	-6.2063892030e-02	4.9816193194e-02	-3.6656355769e-03	4.7983375405e-02	-5.1649010982e-02
341               	3.2144078330e-02	-4.5988139980e-02	7.8132218310e-02	4.4805882249e-02	1.8522894615e-02	2.6282987634e-02	-3.8800465098e-03	-6.2060179145e-02	4.9813966849e-02	-3.6656305675e-03	4.7981151565e-02	-5.1646782133e-02
342               	3.2145504615e-02	-4.5989035191e-02	7.8134539807e-02	4.4807152711e-02	1.8524650587e-02	2.6282502124e-02	-3.8789257687e-03	-6.2061787499e-02	4.9816156610e-02	-3.6656341333e-03	4.7983339544e-02	-5.1648973677e-02
343               	3.2144060704e-02	-4.5986047615e-02	7.8130108319e-02	4.4804420235e-02	1.8522087791e-02	2.6282332444e-02	-3.8801223267e-03	-6.2058077967e-02	4.9813931584e-02	-3.6656293146e-03	4.7981116926e-02	-5.1646746241e-02
344               	3.2145488452e-02	-4.5986958918e-02	7.8132447369e-02	4.4805685366e-02	1.8523842679e-02	2.6281842688e-02	-3.8790000046e-03	-6.2059703143e-02	4.9816123926e-02	-3.6656325095e-03	4.7983307672e-02	-5.1648940181e-02
345               	3.2144044919e-02	-4.5984006317e-02	7.8128051235e-02	4.4802960084e-02	1.8521281267e-02	2.6281678818e-02	-3.8801987756e-03	-6.2056028776e-02	4.9813899716e-02	-3.6656272382e-03	4.7981086097e-02	-5.1646713335e-02
346               	3.2145474687e-02	-4.5984985038e-02	7.8130459725e-02	4.4804261238e-02	1.8523060566e-02	2.6281200672e-02	-3.8790700527e-03	-6.2057722381e-02	4.9816096749e-02	-3.6656304404e-03	4.7983281529e-02	-5.1648911969e-02
347               	3.2144033607e-02	-4.5982089775e-02	7.8126123381e-02	4.4801575495e-02	1.8520529717e-02	2.6281045778e-02	-3.8802580308e-03	-6.2054106578e-02	4.9813879139e-02	-3.6656256100e-03	4.7981066334e-02	-5.1646691944e-02
348               	3.2145464039e-02	-4.5983027170e-02	7.8128491209e-02	4.4802865180e-02	1.8522298015e-02	2.6280567165e-02	-3.8791345748e-03	-6.2055759189e-02	4.9816077017e-02	-3.6656291600e-03	4.7983262437e-02	-5.1648891597e-02
349               	3.2144022652e-02	-4.5980070990e-02	7.8124093642e-02	4.4800149518e-02	1.8519733349e-02	2.6280416170e-02	-3.8803414106e-03	-6.2052082316e-02	4.9813856812e-02	-3.6656244741e-03	4.7981044575e-02	-5.1646669050e-02
350               	3.2145453961e-02	-4.5981099009e-02	7.8126552971e-02	4.4801476803e-02	1.8521510852e-02	2.6279965950e-02	-3.8792275488e-03	-6.2053825990e-02	4.9816057055e-02	-3.6656280373e-03	4.7983243036e-02	-5.1648871073e-02
351               	3.2144011218e-02	-4.5978309325e-02	7.8122320542e-02	4.4798845727e-02	1.8518987903e-02	2.6279857825e-02	-3.8804349610e-03	-6.2050314933e-02	4.9813836085e-02	-3.6656230906e-03	4.7981024540e-02	-5.1646647631e-02
352               	3.2145439369e-02	-4.5979415862e-02	7.8124855231e-02	4.4800236399e-02	1.8520791877e-02	2.6279444522e-02	-3.8793263227e-03	-6.2052135546e-02	4.9816031085e-02	-3.6656262570e-03	4.7983217956e-02	-5.1648844213e-02
353               	3.2143996129e-02	-4.5976674871e-02	7.8120671000e-02	4.4797662349e-02	1.8518296005e-02	2.6279366344e-02	-3.8805351695e-03	-6.2048672935e-02	4.9813810042e-02	-3.6656213169e-03	4.7980999384e-02	-5.1646620700e-02
354               	3.2145426779e-02	-4.5977861139e-02	7.8123287918e-02	4.4799120793e-02	1.8520141110e-02	2.6278979683e-02	-3.8794192868e-03	-6.2050574528e-02	4.9816010152e-02	-3.6656250300e-03	4.7983197637e-02	-5.1648822667e-02
355               	3.2143987308e-02	-4.5975174613e-02	7.8119161920e-02	4.4796598872e-02	1.8517674560e-02	2.6278924312e-02	-3.8806248761e-03	-6.2047168267e-02	4.9813795855e-02	-3.6656205878e-03	4.7980985561e-02	-5.1646606149e-02
356               	3.2145419240e-02	-4.5976355511e-02	7.8121774751e-02	4.4798078845e-02	1.8519521974e-02	2.6278556871e-02	-3.8795174487e-03	-6.2049065131e-02	4.9815997219e-02	-3.6656244976e-03	4.7983184971e-02	-5.1648809468e-02
357               	3.2143978760e-02	-4.5973677387e-02	7.8117656147e-02	4.4795582191e-02	1.8517061325e-02	2.6278520867e-02	-3.8807297710e-03	-6.2045666767e-02	4.9813779062e-02	-3.6656199030e-03	4.7980969111e-02	-5.1646589014e-02
358               	3.2145408638e-02	-4.5974926444e-02	7.8120335082e-02	4.4797110305e-02	1.8518938109e-02	2.6278172196e-02	-3.8796170437e-03	-6.2047630763e-02	4.9815975455e-02	-3.6656234534e-03	4.7983163728e-02	-5.1648787181e-02
359               	3.2143966437e-02	-4.5972331841e-02	7.8116298278e-02	4.4794664037e-02	1.8516516547e-02	2.6278147490e-02	-3.8808154718e-03	-6.2044315059e-02	4.9813753927e-02	-3.6656186453e-03	4.7980944604e-02	-5.1646563249e-02
360               	3.2145395773e-02	-4.5973633230e-02	7.8119029003e-02	4.4796224497e-02	1.8518422165e-02	2.6277802332e-02	-3.8796900834e-03	-6.2046331117e-02	4.9815948936e-02	-3.6656221702e-03	4.7983137851e-02	-5.1648760021e-02
361               	3.2143956277e-02	-4.5971069622e-02	7.8115025898e-02	4.4793797198e-02	1.8516023415e-02	2.6277773783e-02	-3.8808751841e-03	-6.2043047760e-02	4.9813732504e-02	-3.6656173646e-03	4.7980923822e-02	-5.1646541186e-02
