# Force and moment coefficients
# dragDir         : (1.0000000000e+00 0.0000000000e+00 0.0000000000e+00)
# sideDir         : (0.0000000000e+00 0.0000000000e+00 -1.0000000000e+00)
# liftDir         : (0.0000000000e+00 1.0000000000e+00 0.0000000000e+00)
# rollAxis        : (1.0000000000e+00 0.0000000000e+00 0.0000000000e+00)
# pitchAxis       : (0.0000000000e+00 0.0000000000e+00 -1.0000000000e+00)
# yawAxis         : (0.0000000000e+00 1.0000000000e+00 0.0000000000e+00)
# magUInf         : 2.0000000000e-01
# lRef            : 1.0000000000e-01
# Aref            : 3.0000000000e-02
# CofR            : (0.0000000000e+00 0.0000000000e+00 0.0000000000e+00)
#
# Time            	Cd                	Cd(f)             	Cd(r)             	Cl                	Cl(f)             	Cl(r)             	CmPitch           	CmRoll            	CmYaw             	Cs                	Cs(f)             	Cs(r)             
1                 	6.8946611416e-01	1.8865513039e-01	5.0081098377e-01	1.0828289243e-01	-1.5424316114e-01	2.6252605357e-01	-2.0838460736e-01	-1.5607792669e-01	1.0241696721e+00	4.6620446221e-04	1.0244027744e+00	-1.0239365699e+00
2                 	1.5054556155e-01	-2.2062225291e-01	3.7116781446e-01	2.0644514990e-01	8.8822835748e-02	1.1762231415e-01	-1.4399739200e-02	-2.9589503369e-01	2.2686166017e-01	-8.0552560640e-03	2.2283403214e-01	-2.3088928820e-01
3                 	-1.4081779184e-01	-2.9575017536e-01	1.5493238352e-01	1.5936423578e-01	1.5191021765e-01	7.4540181332e-03	7.2228099758e-02	-2.2534127944e-01	-2.0441782553e-01	-7.2167853072e-03	-2.0802621818e-01	2.0080943288e-01
4                 	7.2088650050e-03	-8.0142487784e-02	8.7351352789e-02	6.2188760672e-02	2.0180583313e-02	4.2008177360e-02	-1.0913797024e-02	-8.3746920286e-02	1.4294404053e-02	-6.9375135444e-04	1.3947528376e-02	-1.4641279730e-02
5                 	1.3254969068e-01	-7.0248143914e-02	2.0279783460e-01	9.7893564294e-02	4.6414005188e-03	9.3252163775e-02	-4.4305381628e-02	-1.3652298926e-01	1.9950163306e-01	-9.5734548415e-04	1.9902296032e-01	-1.9998030580e-01
6                 	9.9921994706e-02	-1.7519667590e-01	2.7511867061e-01	1.5965384759e-01	6.4871655188e-02	9.4782192399e-02	-1.4955268605e-02	-2.2515767326e-01	1.5035527301e-01	-4.6990153928e-03	1.4800576531e-01	-1.5270478070e-01
7                 	4.5924997532e-02	-1.8382940353e-01	2.2975440106e-01	1.4870244359e-01	7.0481785304e-02	7.8220658284e-02	-3.8694364901e-03	-2.0679190230e-01	6.9847988180e-02	-4.8015456047e-03	6.7447215378e-02	-7.2248760982e-02
8                 	4.2822324331e-02	-1.6028768736e-01	2.0311001170e-01	1.3239939421e-01	5.1727917591e-02	8.0671476616e-02	-1.4471779513e-02	-1.8169884953e-01	6.5574646896e-02	-3.1977483423e-03	6.3975772725e-02	-6.7173521067e-02
9                 	5.1219935041e-02	-1.7758109248e-01	2.2880102752e-01	1.4712242156e-01	6.1342670762e-02	8.5779750795e-02	-1.2218540016e-02	-2.0319106000e-01	7.8627224987e-02	-3.3575006472e-03	7.6948474663e-02	-8.0305975310e-02
10                	4.6030554657e-02	-1.8703948545e-01	2.3307004010e-01	1.5196963556e-01	7.3594944638e-02	7.8374690927e-02	-2.3898731447e-03	-2.1005476277e-01	7.0983999065e-02	-4.1577116928e-03	6.8905143219e-02	-7.3062854912e-02
11                	4.1604081577e-02	-1.6937426335e-01	2.1097834493e-01	1.3854794129e-01	6.7396330387e-02	7.1151610906e-02	-1.8776402595e-03	-1.9017630414e-01	6.4020858388e-02	-3.9736117727e-03	6.2034052502e-02	-6.6007664274e-02
12                	4.5002117186e-02	-1.6272992503e-01	2.0773204221e-01	1.3518464368e-01	6.0798754375e-02	7.4385889302e-02	-6.7935674636e-03	-1.8523098362e-01	6.8724543609e-02	-3.5511288506e-03	6.6948979184e-02	-7.0500108035e-02
13                	4.5437495098e-02	-1.7233318327e-01	2.1777067837e-01	1.4206480588e-01	6.5009159756e-02	7.7055646126e-02	-6.0232431852e-03	-1.9505193082e-01	6.9431572004e-02	-3.6455851669e-03	6.7608779421e-02	-7.1254364587e-02
14                	4.0217353848e-02	-1.7348906717e-01	2.1370642102e-01	1.4119206023e-01	6.8854491384e-02	7.2337568848e-02	-1.7415387321e-03	-1.9359774410e-01	6.1936875726e-02	-3.8509652491e-03	6.0011393102e-02	-6.3862358351e-02
15                	3.7691826514e-02	-1.6322578682e-01	2.0091761333e-01	1.3315101691e-01	6.5631543431e-02	6.7519473484e-02	-9.4396502639e-04	-1.8207170007e-01	5.8231228868e-02	-3.8359114888e-03	5.6313273124e-02	-6.0149184613e-02
16                	3.9043175920e-02	-1.5952904768e-01	1.9857222360e-01	1.3097021335e-01	6.3395233150e-02	6.7574980197e-02	-2.0898735234e-03	-1.7905063564e-01	6.0145533567e-02	-3.7994576768e-03	5.8245804729e-02	-6.2045262406e-02
17                	3.9432407808e-02	-1.5817686591e-01	1.9760927371e-01	1.3008745531e-01	6.3780844376e-02	6.6306610938e-02	-1.2628832807e-03	-1.7789306981e-01	6.0664669714e-02	-3.8335092436e-03	5.8747915092e-02	-6.2581424336e-02
18                	3.7637589729e-02	-1.5403784141e-01	1.9167543114e-01	1.2658362505e-01	6.3235117924e-02	6.3348507128e-02	-5.6694602231e-05	-1.7285663628e-01	5.8020039896e-02	-3.8135931066e-03	5.6113243343e-02	-5.9926836450e-02
19                	3.6530113033e-02	-1.4913333903e-01	1.8566345206e-01	1.2266232570e-01	6.0654464646e-02	6.2007861054e-02	-6.7669820389e-04	-1.6739839555e-01	5.6404931977e-02	-3.7405462264e-03	5.4534658864e-02	-5.8275205090e-02
20                	3.6862577420e-02	-1.4901194897e-01	1.8587452639e-01	1.2256122672e-01	5.9553225022e-02	6.3008001695e-02	-1.7273883367e-03	-1.6744323768e-01	5.6892136229e-02	-3.7400410316e-03	5.5022115713e-02	-5.8762156745e-02
21                	3.6630848054e-02	-1.4736165323e-01	1.8399250129e-01	1.2125374089e-01	5.9456474567e-02	6.1797266322e-02	-1.1703958774e-03	-1.6567707726e-01	5.6547264236e-02	-3.7970547876e-03	5.4648736842e-02	-5.8445791630e-02
22                	3.5563492990e-02	-1.4209182859e-01	1.7765532158e-01	1.1717058489e-01	5.8681895019e-02	5.8488689874e-02	9.6602572116e-05	-1.5987357508e-01	5.4982695990e-02	-3.8128144165e-03	5.3076288782e-02	-5.6889103198e-02
23                	3.5046761766e-02	-1.3714131363e-01	1.7218807540e-01	1.1347319583e-01	5.6938787068e-02	5.6534408762e-02	2.0218915334e-04	-1.5466469451e-01	5.4217781426e-02	-3.7826784118e-03	5.2326442220e-02	-5.6109120632e-02
24                	3.5178866470e-02	-1.3526706812e-01	1.7044593459e-01	1.1197763880e-01	5.5423379859e-02	5.6554258946e-02	-5.6543954312e-04	-1.5285650135e-01	5.4408602894e-02	-3.7609733629e-03	5.2528116212e-02	-5.6289089575e-02
25                	3.5053207490e-02	-1.3532337350e-01	1.7037658099e-01	1.1184537077e-01	5.4900552352e-02	5.6944818414e-02	-1.0221330308e-03	-1.5284997725e-01	5.4212195158e-02	-3.7574827336e-03	5.2333453791e-02	-5.6090936525e-02
26                	3.4461181128e-02	-1.3363456997e-01	1.6809575110e-01	1.1045100883e-01	5.4568176671e-02	5.5882832161e-02	-6.5732774479e-04	-1.5086516053e-01	5.3336509204e-02	-3.7525416177e-03	5.1460238395e-02	-5.5212780013e-02
27                	3.4048518788e-02	-1.2983395760e-01	1.6388247639e-01	1.0760658454e-01	5.3587486899e-02	5.4019097640e-02	-2.1580537038e-04	-1.4685821700e-01	5.2738251651e-02	-3.7473897952e-03	5.0864556754e-02	-5.4611946549e-02
28                	3.3983326252e-02	-1.2657225524e-01	1.6055558149e-01	1.0517770270e-01	5.2376829065e-02	5.2800873633e-02	-2.1202228373e-04	-1.4356391837e-01	5.2639057594e-02	-3.7550294118e-03	5.0761542888e-02	-5.4516572300e-02
29                	3.3954297442e-02	-1.2529932012e-01	1.5925361756e-01	1.0414160208e-01	5.1547752193e-02	5.2593849886e-02	-5.2304884645e-04	-1.4227646884e-01	5.2595209855e-02	-3.7612217317e-03	5.0714598990e-02	-5.4475820721e-02
30                	3.3740873821e-02	-1.2392968301e-01	1.5767055683e-01	1.0301114535e-01	5.0879675504e-02	5.2131469845e-02	-6.2589717079e-04	-1.4080011992e-01	5.2277262715e-02	-3.7498173062e-03	5.0402354062e-02	-5.4152171368e-02
31                	3.3464815178e-02	-1.2198167559e-01	1.5544649077e-01	1.0147510127e-01	5.0266542829e-02	5.1208558439e-02	-4.7100780483e-04	-1.3871408318e-01	5.1866303413e-02	-3.7306781608e-03	5.0000964333e-02	-5.3731642494e-02
32                	3.3326887187e-02	-1.1972443779e-01	1.5305132497e-01	9.9735990359e-02	4.9472781476e-02	5.0263208883e-02	-3.9521370347e-04	-1.3638788138e-01	5.1664238455e-02	-3.7221689687e-03	4.9803153970e-02	-5.3525322939e-02
33                	3.3232610978e-02	-1.1745377224e-01	1.5068638322e-01	9.7992704067e-02	4.8571418888e-02	4.9421285179e-02	-4.2493314529e-04	-1.3407007773e-01	5.1529507355e-02	-3.7279933902e-03	4.9665510660e-02	-5.3393504050e-02
34                	3.3139568039e-02	-1.1557575892e-01	1.4871532696e-01	9.6508115911e-02	4.7773839694e-02	4.8734276217e-02	-4.8021826157e-04	-1.3214554294e-01	5.1394922243e-02	-3.7357446576e-03	4.9527049914e-02	-5.3262794572e-02
35                	3.3045903583e-02	-1.1386052282e-01	1.4690642641e-01	9.5157235799e-02	4.7111289364e-02	4.8045946435e-02	-4.6732853534e-04	-1.3038347462e-01	5.1253282679e-02	-3.7349551617e-03	4.9385805098e-02	-5.3120760260e-02
36                	3.2956371683e-02	-1.1171936800e-01	1.4467573968e-01	9.3494858033e-02	4.6377653762e-02	4.7117204271e-02	-3.6977525477e-04	-1.2819755384e-01	5.1123348243e-02	-3.7276518295e-03	4.9259522328e-02	-5.2987174158e-02
37                	3.2860715046e-02	-1.0947774742e-01	1.4233846247e-01	9.1746966511e-02	4.5537865225e-02	4.6209101286e-02	-3.3561803071e-04	-1.2590810495e-01	5.0984578320e-02	-3.7208734935e-03	4.9124141573e-02	-5.2845015067e-02
38                	3.2778102688e-02	-1.0741075912e-01	1.4018886180e-01	9.0128139932e-02	4.4715907819e-02	4.5412232113e-02	-3.4816214701e-04	-1.2379981046e-01	5.0862714253e-02	-3.7186867645e-03	4.9003370871e-02	-5.2722057635e-02
39                	3.2711023358e-02	-1.0542013020e-01	1.3813115356e-01	8.8572252962e-02	4.3933843311e-02	4.4638409651e-02	-3.5228316967e-04	-1.2177564188e-01	5.0766657584e-02	-3.7199688123e-03	4.8906673178e-02	-5.2626641990e-02
40                	3.2667220501e-02	-1.0339218130e-01	1.3605940180e-01	8.7016566757e-02	4.3173926615e-02	4.3842640142e-02	-3.3435676381e-04	-1.1972579155e-01	5.0703983315e-02	-3.7211984174e-03	4.8843384106e-02	-5.2564582523e-02
41                	3.2616787721e-02	-1.0137892076e-01	1.3399570848e-01	8.5479862159e-02	4.2403946892e-02	4.3075915267e-02	-3.3598418767e-04	-1.1768731462e-01	5.0630377140e-02	-3.7202790949e-03	4.8770237592e-02	-5.2490516687e-02
42                	3.2569936643e-02	-9.9542675876e-02	1.3211261252e-01	8.4079780699e-02	4.1660989085e-02	4.2418791613e-02	-3.7890126383e-04	-1.1582764420e-01	5.0560575614e-02	-3.7175238788e-03	4.8701813674e-02	-5.2419337553e-02
43                	3.2525467006e-02	-9.7822149356e-02	1.3034761636e-01	8.2783504424e-02	4.0943966258e-02	4.1839538166e-02	-4.4778595411e-04	-1.1408488286e-01	5.0494094821e-02	-3.7148201343e-03	4.8636684754e-02	-5.2351504889e-02
44                	3.2493074049e-02	-9.6180592700e-02	1.2867366675e-01	8.1554956096e-02	4.0265013696e-02	4.1289942400e-02	-5.1246435174e-04	-1.1242712972e-01	5.0445960029e-02	-3.7132421537e-03	4.8589338952e-02	-5.2302581106e-02
45                	3.2462232618e-02	-9.4656811522e-02	1.2711904414e-01	8.0419604254e-02	3.9618162713e-02	4.0801441541e-02	-5.9163941401e-04	-1.1088792783e-01	5.0399159206e-02	-3.7123473852e-03	4.8542985513e-02	-5.2255332899e-02
46                	3.2442183206e-02	-9.3306789381e-02	1.2574897259e-01	7.9422332941e-02	3.9025221868e-02	4.0397111072e-02	-6.8594460208e-04	-1.0952788098e-01	5.0366910944e-02	-3.7114262400e-03	4.8511197824e-02	-5.2222624064e-02
47                	3.2425114386e-02	-9.2095893863e-02	1.2452100825e-01	7.8535850265e-02	3.8473625133e-02	4.0062225132e-02	-7.9429999947e-04	-1.0830845106e-01	5.0338141481e-02	-3.7100254730e-03	4.8483128744e-02	-5.2193154217e-02
48                	3.2415714266e-02	-9.0995331335e-02	1.2341104560e-01	7.7736532182e-02	3.7971696621e-02	3.9764835561e-02	-8.9656947032e-04	-1.0720318847e-01	5.0320933688e-02	-3.7082245487e-03	4.8466821413e-02	-5.2175045962e-02
49                	3.2402120400e-02	-8.9976141838e-02	1.2237826224e-01	7.6995870031e-02	3.7501273426e-02	3.9494596605e-02	-9.9666158980e-04	-1.0617720204e-01	5.0297833910e-02	-3.7063592574e-03	4.8444654282e-02	-5.2151013539e-02
50                	3.2392549809e-02	-8.9059735015e-02	1.2145228482e-01	7.6332312272e-02	3.7074144784e-02	3.9258167488e-02	-1.0920113523e-03	-1.0525600992e-01	5.0280665315e-02	-3.7046244811e-03	4.8428353074e-02	-5.2132977555e-02
51                	3.2382484294e-02	-8.8232496953e-02	1.2061498125e-01	7.5735606233e-02	3.6676982668e-02	3.9058623565e-02	-1.1908204485e-03	-1.0442373910e-01	5.0262418150e-02	-3.7031295597e-03	4.8410853370e-02	-5.2113982930e-02
52                	3.2380148407e-02	-8.7488796754e-02	1.1986894516e-01	7.5204187194e-02	3.6320876229e-02	3.8883310965e-02	-1.2812173676e-03	-1.0367887096e-01	5.0255987076e-02	-3.7019188104e-03	4.8405027671e-02	-5.2106946481e-02
53                	3.2376036069e-02	-8.6788315076e-02	1.1916435114e-01	7.4705115986e-02	3.5986881637e-02	3.8718234349e-02	-1.3656763562e-03	-1.0297633311e-01	5.0247176593e-02	-3.7008758055e-03	4.8396738690e-02	-5.2097614495e-02
54                	3.2375194475e-02	-8.6128991053e-02	1.1850418553e-01	7.4237940294e-02	3.5681302725e-02	3.8556637570e-02	-1.4376674226e-03	-1.0231658829e-01	5.0243434065e-02	-3.6998079865e-03	4.8393530072e-02	-5.2093338059e-02
55                	3.2370293717e-02	-8.5492015305e-02	1.1786230902e-01	7.3786058048e-02	3.5386029194e-02	3.8400028854e-02	-1.5069998301e-03	-1.0167716216e-01	5.0233549858e-02	-3.6985448951e-03	4.8384277410e-02	-5.2082822305e-02
56                	3.2369268471e-02	-8.4887057638e-02	1.1725632611e-01	7.3359934541e-02	3.5111232148e-02	3.8248702393e-02	-1.5687351225e-03	-1.0107169187e-01	5.0229561747e-02	-3.6971839451e-03	4.8380969775e-02	-5.2078153720e-02
57                	3.2366060947e-02	-8.4293396421e-02	1.1665945737e-01	7.2942740160e-02	3.4841654259e-02	3.8101085901e-02	-1.6297158209e-03	-1.0047642689e-01	5.0222453899e-02	-3.6959753496e-03	4.8374466224e-02	-5.2070441574e-02
58                	3.2367092484e-02	-8.3716104448e-02	1.1608319693e-01	7.2539966043e-02	3.4587405854e-02	3.7952560190e-02	-1.6825771680e-03	-9.9899650690e-02	5.0222066104e-02	-3.6951260007e-03	4.8374503104e-02	-5.2069629105e-02
59                	3.2364973427e-02	-8.3134510455e-02	1.1549948388e-01	7.2134348965e-02	3.4332634864e-02	3.7801714101e-02	-1.7345396184e-03	-9.9316997168e-02	5.0216790768e-02	-3.6945623711e-03	4.8369509583e-02	-5.2064071954e-02
60                	3.2365929489e-02	-8.2559362710e-02	1.1492529220e-01	7.1735020388e-02	3.4087478304e-02	3.7647542084e-02	-1.7800318898e-03	-9.8742327454e-02	5.0216089040e-02	-3.6940445526e-03	4.8369066764e-02	-5.2063111316e-02
61                	3.2363425410e-02	-8.1974940496e-02	1.1433836591e-01	7.1327784300e-02	3.3837100441e-02	3.7490683860e-02	-1.8267917095e-03	-9.8156653201e-02	5.0210062654e-02	-3.6933666673e-03	4.8363379320e-02	-5.2056745987e-02
62                	3.2364356195e-02	-8.1392722794e-02	1.1375707899e-01	7.0922880746e-02	3.3592774838e-02	3.7330105908e-02	-1.8686655350e-03	-9.7574900892e-02	5.0209361925e-02	-3.6925395739e-03	4.8363092138e-02	-5.2055631712e-02
63                	3.2362209504e-02	-8.0797862889e-02	1.1316007239e-01	7.0507000674e-02	3.3341028535e-02	3.7165972139e-02	-1.9124718020e-03	-9.6978967641e-02	5.0204031493e-02	-3.6917141903e-03	4.8358174398e-02	-5.2049888588e-02
64                	3.2363498852e-02	-8.0203191639e-02	1.1256669049e-01	7.0091340994e-02	3.3094054599e-02	3.6997286396e-02	-1.9516158986e-03	-9.6384941065e-02	5.0203987266e-02	-3.6910791426e-03	4.8358447694e-02	-5.2049526837e-02
65                	3.2361467274e-02	-7.9592791265e-02	1.1195425854e-01	6.9662143461e-02	3.2838528380e-02	3.6823615081e-02	-1.9925433508e-03	-9.5773524902e-02	5.0198784495e-02	-3.6906382448e-03	4.8353465372e-02	-5.2044103617e-02
66                	3.2362377647e-02	-7.8983087699e-02	1.1134546535e-01	6.9232495792e-02	3.2587726058e-02	3.6644769734e-02	-2.0285218379e-03	-9.5164276522e-02	5.0198106187e-02	-3.6902759586e-03	4.8352968207e-02	-5.2043244166e-02
67                	3.2360294168e-02	-7.8350846863e-02	1.1071114103e-01	6.8783178186e-02	3.2325316950e-02	3.6457861235e-02	-2.0662721427e-03	-9.4530993947e-02	5.0192758509e-02	-3.6898467658e-03	4.8347835126e-02	-5.2037681892e-02
68                	3.2361305948e-02	-7.7714788148e-02	1.1007609410e-01	6.8328674635e-02	3.2065540020e-02	3.6263134615e-02	-2.0987972972e-03	-9.3895441122e-02	5.0192347582e-02	-3.6893119295e-03	4.8347691617e-02	-5.2037003546e-02
69                	3.2358764764e-02	-7.7059700520e-02	1.0941846528e-01	6.7855558070e-02	3.1795879774e-02	3.6059678296e-02	-2.1318992609e-03	-9.3239082902e-02	5.0186731255e-02	-3.6887418389e-03	4.8342360336e-02	-5.2031102175e-02
70                	3.2359243777e-02	-7.6392850146e-02	1.0875209392e-01	6.7370885633e-02	3.1526753234e-02	3.5844132399e-02	-2.1586895828e-03	-9.2572472035e-02	5.0186019421e-02	-3.6882550825e-03	4.8341891879e-02	-5.2030146962e-02
71                	3.2356148712e-02	-7.5699008583e-02	1.0805515729e-01	6.6861556715e-02	3.1245265375e-02	3.5616291340e-02	-2.1855129823e-03	-9.1877082938e-02	5.0180056965e-02	-3.6878608674e-03	4.8336126532e-02	-5.2023987399e-02
72                	3.2355778865e-02	-7.4990163544e-02	1.0734594241e-01	6.6338483842e-02	3.0963296675e-02	3.5375187167e-02	-2.2059452456e-03	-9.1168052977e-02	5.0178476674e-02	-3.6875196529e-03	4.8334716848e-02	-5.2022236501e-02
73                	3.2351507629e-02	-7.4253604357e-02	1.0660511199e-01	6.5790725878e-02	3.0668530330e-02	3.5122195548e-02	-2.2268326092e-03	-9.0429358171e-02	5.0171042183e-02	-3.6871704913e-03	4.8327456937e-02	-5.2014627428e-02
74                	3.2349730004e-02	-7.3503660326e-02	1.0585339033e-01	6.5230795010e-02	3.0372885076e-02	3.4857909933e-02	-2.2425124285e-03	-8.9678525328e-02	5.0167681323e-02	-3.6868113331e-03	4.8324275656e-02	-5.2011086990e-02
75                	3.2344031908e-02	-7.2731494999e-02	1.0507552691e-01	6.4651079269e-02	3.0065092245e-02	3.4585987025e-02	-2.2604473902e-03	-8.8903510953e-02	5.0158515515e-02	-3.6864461289e-03	4.8315292451e-02	-5.2001738580e-02
76                	3.2341039720e-02	-7.1955390577e-02	1.0429643030e-01	6.4067717095e-02	2.9758354867e-02	3.4309362228e-02	-2.2755036805e-03	-8.8125910437e-02	5.0153667300e-02	-3.6861215218e-03	4.8310606539e-02	-5.1996728061e-02
77                	3.2334320309e-02	-7.1170939641e-02	1.0350525995e-01	6.3476065383e-02	2.9442623521e-02	3.4033441862e-02	-2.2954091707e-03	-8.7338099795e-02	5.0143089136e-02	-3.6858284118e-03	4.8300174930e-02	-5.1986003342e-02
78                	3.2330393775e-02	-7.0398767093e-02	1.0272916087e-01	6.2893442502e-02	2.9131649570e-02	3.3761792932e-02	-2.3150716811e-03	-8.6563963981e-02	5.0137006943e-02	-3.6855652282e-03	4.8294224328e-02	-5.1979789557e-02
79                	3.2323026470e-02	-6.9636121027e-02	1.0195914750e-01	6.2316391238e-02	2.8816339585e-02	3.3500051652e-02	-2.3418560336e-03	-8.5797634262e-02	5.0125665445e-02	-3.6853046091e-03	4.8283013141e-02	-5.1968317750e-02
80                	3.2318712445e-02	-6.8904353653e-02	1.0122306610e-01	6.1762326654e-02	2.8510971854e-02	3.3251354800e-02	-2.3701914731e-03	-8.5063709876e-02	5.0119236939e-02	-3.6850452746e-03	4.8276714301e-02	-5.1961759576e-02
81                	3.2311256053e-02	-6.8199694718e-02	1.0051095077e-01	6.1226672094e-02	2.8206693268e-02	3.3019978827e-02	-2.4066427796e-03	-8.4355322744e-02	5.0107988129e-02	-3.6847663846e-03	4.8265604937e-02	-5.1950371321e-02
82                	3.2307055252e-02	-6.7539901813e-02	9.9846957065e-02	6.0724520524e-02	2.7917406925e-02	3.2807113599e-02	-2.4448533373e-03	-8.3693429439e-02	5.0101816034e-02	-3.6845029025e-03	4.8259564582e-02	-5.1944067485e-02
83                	3.2300091347e-02	-6.6917333303e-02	9.9217424650e-02	6.0248517578e-02	2.7633737569e-02	3.2614780009e-02	-2.4905212201e-03	-8.3067378977e-02	5.0091178901e-02	-3.6842468299e-03	4.8249055486e-02	-5.1933302316e-02
84                	3.2296781357e-02	-6.6345269119e-02	9.8642050476e-02	5.9810543370e-02	2.7368674448e-02	3.2441868922e-02	-2.5365972369e-03	-8.2493659798e-02	5.0086130229e-02	-3.6840097063e-03	4.8244125376e-02	-5.1928135083e-02
85                	3.2290861274e-02	-6.5811478975e-02	9.8102340248e-02	5.9399868315e-02	2.7112021731e-02	3.2287846584e-02	-2.5879124263e-03	-8.1956909612e-02	5.0076881015e-02	-3.6837563118e-03	4.8235002859e-02	-5.1918759171e-02
86                	3.2288549437e-02	-6.5324495489e-02	9.7613044926e-02	5.9024973430e-02	2.6875529968e-02	3.2149443462e-02	-2.6369567469e-03	-8.1468770207e-02	5.0073237586e-02	-3.6834991055e-03	4.8231488033e-02	-5.1914987139e-02
87                	3.2283625620e-02	-6.4867743140e-02	9.7151368760e-02	5.8671881955e-02	2.6647695934e-02	3.2024186021e-02	-2.6882450432e-03	-8.1009555950e-02	5.0065445862e-02	-3.6832179020e-03	4.8223836911e-02	-5.1907054813e-02
88                	3.2282203463e-02	-6.4446618789e-02	9.6728822252e-02	5.8346715157e-02	2.6438884036e-02	3.1907831121e-02	-2.7344735427e-03	-8.0587720520e-02	5.0063055186e-02	-3.6829398096e-03	4.8221585281e-02	-5.1904525091e-02
89                	3.2278005297e-02	-6.4042371282e-02	9.6320376579e-02	5.8033754395e-02	2.6236320923e-02	3.1797433472e-02	-2.7805562749e-03	-8.0181373931e-02	5.0056192729e-02	-3.6826512214e-03	4.8214867118e-02	-5.1897518340e-02
90                	3.2277039598e-02	-6.3660120627e-02	9.5937160225e-02	5.7738954810e-02	2.6049534197e-02	3.1689420613e-02	-2.8199432081e-03	-7.9798640426e-02	5.0054369451e-02	-3.6823713835e-03	4.8213183760e-02	-5.1895555143e-02
91                	3.2273084750e-02	-6.3283520676e-02	9.5556605426e-02	5.7448403046e-02	2.5865985185e-02	3.1582417862e-02	-2.8582163387e-03	-7.9420063051e-02	5.0047808036e-02	-3.6820691088e-03	4.8206773481e-02	-5.1888842590e-02
92                	3.2272147713e-02	-6.2918825504e-02	9.5190973218e-02	5.7168968808e-02	2.5695012298e-02	3.1473956510e-02	-2.8894721059e-03	-7.9054899361e-02	5.0045987010e-02	-3.6817680140e-03	4.8205103003e-02	-5.1886871017e-02
93                	3.2268144482e-02	-6.2551658387e-02	9.4819802869e-02	5.6888053986e-02	2.5524250165e-02	3.1363803821e-02	-2.9197768278e-03	-7.8685730628e-02	5.0039295490e-02	-3.6814427939e-03	4.8198574093e-02	-5.1880016887e-02
94                	3.2267035217e-02	-6.2190828088e-02	9.4457863305e-02	5.6614224839e-02	2.5363356894e-02	3.1250867945e-02	-2.9437555254e-03	-7.8324345696e-02	5.0037198758e-02	-3.6811146934e-03	4.8196641412e-02	-5.1877756105e-02
95                	3.2262737276e-02	-6.1824221571e-02	9.4086958847e-02	5.6336235466e-02	2.5200384123e-02	3.1135851343e-02	-2.9677336101e-03	-7.7955590209e-02	5.0030040780e-02	-3.6807641227e-03	4.8189658719e-02	-5.1870422842e-02
96                	3.2261321002e-02	-6.1462749733e-02	9.3724070735e-02	5.6064148092e-02	2.5045235216e-02	3.1018912875e-02	-2.9868388295e-03	-7.7593410234e-02	5.0027465555e-02	-3.6804272179e-03	4.8187251946e-02	-5.1867679164e-02
97                	3.2256753881e-02	-6.1097920210e-02	9.3354674091e-02	5.5789564871e-02	2.4887249694e-02	3.0902315177e-02	-3.0075327420e-03	-7.7226297151e-02	5.0019935316e-02	-3.6800818747e-03	4.8179894379e-02	-5.1859976254e-02
98                	3.2255113049e-02	-6.0740591308e-02	9.2995704357e-02	5.5522613042e-02	2.4736700974e-02	3.0785912068e-02	-3.0246055469e-03	-7.6868147833e-02	5.0017028737e-02	-3.6797397124e-03	4.8177158881e-02	-5.1856898593e-02
99                	3.2250406201e-02	-6.0382442013e-02	9.2632848214e-02	5.5254884486e-02	2.4583227762e-02	3.0671656724e-02	-3.0442144812e-03	-7.6507645114e-02	5.0009252309e-02	-3.6793809785e-03	4.8169561820e-02	-5.1848942798e-02
100               	3.2248751639e-02	-6.0034928947e-02	9.2283680585e-02	5.4996860472e-02	2.4437357365e-02	3.0559503107e-02	-3.0610728712e-03	-7.6159304766e-02	5.0006286104e-02	-3.6790304033e-03	4.8166770902e-02	-5.1845801305e-02
101               	3.2244173761e-02	-5.9690221331e-02	9.1934395091e-02	5.4740425751e-02	2.4289058864e-02	3.0451366887e-02	-3.0811540115e-03	-7.5812308211e-02	4.9998676362e-02	-3.6786827198e-03	4.8159335002e-02	-5.1838017722e-02
102               	3.2242742562e-02	-5.9359040411e-02	9.1601782973e-02	5.4495553127e-02	2.4148920116e-02	3.0346633011e-02	-3.0988564472e-03	-7.5480411692e-02	4.9996008489e-02	-3.6783418277e-03	4.8156837575e-02	-5.1835179403e-02
103               	3.2238433184e-02	-5.9032778538e-02	9.1271211723e-02	5.4253622532e-02	2.4007013114e-02	3.0246609418e-02	-3.1197981524e-03	-7.5151995131e-02	4.9988758930e-02	-3.6779834746e-03	4.8149767193e-02	-5.1827750667e-02
104               	3.2237330008e-02	-5.8721481687e-02	9.0958811695e-02	5.4024351772e-02	2.3873993351e-02	3.0150358421e-02	-3.1381825353e-03	-7.4840146691e-02	4.9986543847e-02	-3.6776459705e-03	4.8147720862e-02	-5.1825366833e-02
105               	3.2233283578e-02	-5.8414508048e-02	9.0647791627e-02	5.3797549415e-02	2.3739402162e-02	3.0058147253e-02	-3.1593725458e-03	-7.4531149838e-02	4.9979655914e-02	-3.6773040313e-03	4.8141003898e-02	-5.1818307929e-02
106               	3.2232442923e-02	-5.8121694239e-02	9.0354137162e-02	5.3582723952e-02	2.3613765329e-02	2.9968958622e-02	-3.1775966463e-03	-7.4237915700e-02	4.9977766622e-02	-3.6769805651e-03	4.8139276339e-02	-5.1816256904e-02
107               	3.2228698853e-02	-5.7833661936e-02	9.0062360788e-02	5.3370576656e-02	2.3486998372e-02	2.9883578284e-02	-3.1982899560e-03	-7.3948011362e-02	4.9971272282e-02	-3.6766495798e-03	4.8132947492e-02	-5.1809597072e-02
108               	3.2228115839e-02	-5.7558165219e-02	8.9786281058e-02	5.3169209999e-02	2.3368992613e-02	2.9800217386e-02	-3.2156123863e-03	-7.3672223139e-02	4.9969756332e-02	-3.6763310770e-03	4.8131590793e-02	-5.1807921870e-02
109               	3.2224574406e-02	-5.7285889418e-02	8.9510463824e-02	5.2969225467e-02	2.3249506723e-02	2.9719718744e-02	-3.2351060103e-03	-7.3398176621e-02	4.9963595059e-02	-3.6760187405e-03	4.8125585689e-02	-5.1801604429e-02
110               	3.2224153205e-02	-5.7025168571e-02	8.9249321776e-02	5.2779189921e-02	2.3138474720e-02	2.9640715201e-02	-3.2511202404e-03	-7.3137245173e-02	4.9962355008e-02	-3.6757312088e-03	4.8124489404e-02	-5.1800220612e-02
111               	3.2220726323e-02	-5.6766933357e-02	8.8987659680e-02	5.2589901888e-02	2.3025729739e-02	2.9564172149e-02	-3.2692212049e-03	-7.2877296519e-02	4.9956385446e-02	-3.6754451945e-03	4.8118662849e-02	-5.1794108043e-02
112               	3.2220392914e-02	-5.6519011611e-02	8.8739404525e-02	5.2409697840e-02	2.2921023410e-02	2.9488674430e-02	-3.2838255097e-03	-7.2629208068e-02	4.9955286755e-02	-3.6751770206e-03	4.8117698244e-02	-5.1792875265e-02
113               	3.2217021259e-02	-5.6272625490e-02	8.8489646749e-02	5.2229527602e-02	2.2814198559e-02	2.9415329043e-02	-3.3005652420e-03	-7.2381136119e-02	4.9949425373e-02	-3.6749074676e-03	4.8111971640e-02	-5.1786879107e-02
114               	3.2216758979e-02	-5.6036037495e-02	8.8252796474e-02	5.2058059439e-02	2.2715050537e-02	2.9343008902e-02	-3.3139791828e-03	-7.2144416984e-02	4.9948474394e-02	-3.6746590643e-03	4.8111144862e-02	-5.1785803927e-02
115               	3.2213466037e-02	-5.5800980517e-02	8.8014446554e-02	5.1886496602e-02	2.2613552790e-02	2.9272943812e-02	-3.3296955108e-03	-7.1907713535e-02	4.9942763727e-02	-3.6744055791e-03	4.8105560937e-02	-5.1779966516e-02
116               	3.2213246812e-02	-5.5579019251e-02	8.7792266063e-02	5.1726004840e-02	2.2520880741e-02	2.9205124099e-02	-3.3421216790e-03	-7.1685642657e-02	4.9941899763e-02	-3.6741719476e-03	4.8104813789e-02	-5.1778985737e-02
117               	3.2210035831e-02	-5.5347955653e-02	8.7557991484e-02	5.1557347082e-02	2.2421129551e-02	2.9136217531e-02	-3.3575439900e-03	-7.1452973568e-02	4.9936341135e-02	-3.6739336296e-03	4.8099374320e-02	-5.1773307950e-02
118               	3.2209961112e-02	-5.5139139256e-02	8.7349100368e-02	5.1406844741e-02	2.2334279001e-02	2.9072565740e-02	-3.3691433695e-03	-7.1244119812e-02	4.9935714159e-02	-3.6737224896e-03	4.8098852914e-02	-5.1772575404e-02
119               	3.2206915042e-02	-5.4922096291e-02	8.7129011334e-02	5.1248693063e-02	2.2240653375e-02	2.9008039688e-02	-3.3836931564e-03	-7.1025553812e-02	4.9930403515e-02	-3.6734972155e-03	4.8093654907e-02	-5.1767152123e-02
120               	3.2206927465e-02	-5.4721818681e-02	8.6928746146e-02	5.1104316348e-02	2.2157397812e-02	2.8946918536e-02	-3.3947603617e-03	-7.0825282413e-02	4.9929926908e-02	-3.6732848747e-03	4.8093284470e-02	-5.1766569345e-02
121               	3.2203978427e-02	-5.4516617850e-02	8.6720596278e-02	5.0954692525e-02	2.2068759636e-02	2.8885932889e-02	-3.4085866266e-03	-7.0618607064e-02	4.9924799985e-02	-3.6730632001e-03	4.8088268385e-02	-5.1761331585e-02
122               	3.2203999792e-02	-5.4319407230e-02	8.6523407022e-02	5.0812199155e-02	2.1986535510e-02	2.8825663645e-02	-3.4195640677e-03	-7.0421407126e-02	4.9924372496e-02	-3.6728621084e-03	4.8087941442e-02	-5.1760803550e-02
123               	3.2201209483e-02	-5.4125670815e-02	8.6326880298e-02	5.0671052139e-02	2.1903231612e-02	2.8767820527e-02	-3.4322944576e-03	-7.0226275557e-02	4.9919522302e-02	-3.6726662325e-03	4.8083189185e-02	-5.1755855418e-02
124               	3.2201386644e-02	-5.3938729335e-02	8.6140115979e-02	5.0536085405e-02	2.1825944718e-02	2.8710140687e-02	-3.4420979847e-03	-7.0039422657e-02	4.9919362291e-02	-3.6724879200e-03	4.8083118331e-02	-5.1755606251e-02
125               	3.2198637860e-02	-5.3750423754e-02	8.5949061614e-02	5.0398602172e-02	2.1745231658e-02	2.8653370514e-02	-3.4540694281e-03	-6.9849742684e-02	4.9914608584e-02	-3.6723022083e-03	4.8078457480e-02	-5.1750759688e-02
126               	3.2198809471e-02	-5.3568587241e-02	8.5767396712e-02	5.0267093611e-02	2.1670346776e-02	2.8596746835e-02	-3.4632000297e-03	-6.9667991976e-02	4.9914472956e-02	-3.6721281224e-03	4.8078408895e-02	-5.1750537017e-02
127               	3.2196076148e-02	-5.3386938688e-02	8.5583014836e-02	5.0134315661e-02	2.1592837107e-02	2.8541478553e-02	-3.4743207228e-03	-6.9484976762e-02	4.9909782110e-02	-3.6719510092e-03	4.8073806605e-02	-5.1745757615e-02
128               	3.2196304762e-02	-5.3211181003e-02	8.5407485765e-02	5.0007097881e-02	2.1520938328e-02	2.8486159553e-02	-3.4826106125e-03	-6.9309333384e-02	4.9909772233e-02	-3.6717924580e-03	4.8073876004e-02	-5.1745668462e-02
129               	3.2193619117e-02	-5.3034547935e-02	8.5228167052e-02	4.9877787476e-02	2.1445878688e-02	2.8431908788e-02	-3.4930150503e-03	-6.9131357494e-02	4.9905195595e-02	-3.6716329420e-03	4.8069379124e-02	-5.1741012066e-02
130               	3.2193872222e-02	-5.2863838311e-02	8.5057710532e-02	4.9754081362e-02	2.1376336916e-02	2.8377744446e-02	-3.5007037646e-03	-6.8960774421e-02	4.9905259222e-02	-3.6714867648e-03	4.8069515840e-02	-5.1741002605e-02
131               	3.2191198308e-02	-5.2692827098e-02	8.4884025406e-02	4.9628722111e-02	2.1303822143e-02	2.8324899968e-02	-3.5105389128e-03	-6.8788426252e-02	4.9900728851e-02	-3.6713333166e-03	4.8065062193e-02	-5.1736395509e-02
132               	3.2191473390e-02	-5.2527681397e-02	8.4719154787e-02	4.9508964155e-02	2.1236754295e-02	2.8272209860e-02	-3.5177277826e-03	-6.8623418092e-02	4.9900845791e-02	-3.6711899310e-03	4.8065250826e-02	-5.1736440757e-02
133               	3.2188833205e-02	-5.2362121248e-02	8.4550954453e-02	4.9387498117e-02	2.1166609004e-02	2.8220889113e-02	-3.5271400545e-03	-6.8456537850e-02	4.9896396797e-02	-3.6710376194e-03	4.8060877987e-02	-5.1731915606e-02
134               	3.2189142457e-02	-5.2202526298e-02	8.4391668756e-02	4.9271744712e-02	2.1101894800e-02	2.8169849912e-02	-3.5339775561e-03	-6.8297097527e-02	4.9896584377e-02	-3.6708988077e-03	4.8061134973e-02	-5.1732033781e-02
135               	3.2186524535e-02	-5.2042849814e-02	8.4229374349e-02	4.9154502964e-02	2.1034184680e-02	2.8120318285e-02	-3.5430668024e-03	-6.8136112081e-02	4.9892191341e-02	-3.6707573572e-03	4.8056812662e-02	-5.1727570020e-02
136               	3.2186862374e-02	-5.1889330959e-02	8.4076193333e-02	4.9043113960e-02	2.0971945304e-02	2.8071168656e-02	-3.5496116758e-03	-6.7982762146e-02	4.9892448064e-02	-3.6706312868e-03	4.8057132420e-02	-5.1727763707e-02
137               	3.2184276040e-02	-5.1735846700e-02	8.3920122740e-02	4.8930342898e-02	2.0906741386e-02	2.8023601512e-02	-3.5584300632e-03	-6.7827984720e-02	4.9888144431e-02	-3.6705002649e-03	4.8052894299e-02	-5.1723394564e-02
138               	3.2184662182e-02	-5.1588576607e-02	8.3773238789e-02	4.8823500002e-02	2.0847007048e-02	2.7976492954e-02	-3.5647429528e-03	-6.7680907698e-02	4.9888492875e-02	-3.6703813771e-03	4.8053302187e-02	-5.1723683564e-02
139               	3.2182117777e-02	-5.1441539812e-02	8.3623657589e-02	4.8715427020e-02	2.0784378959e-02	2.7931048061e-02	-3.5733345510e-03	-6.7532598701e-02	4.9884269859e-02	-3.6702557363e-03	4.8049141991e-02	-5.1719397727e-02
140               	3.2182551936e-02	-5.1300830752e-02	8.3483382688e-02	4.8613383058e-02	2.0727264326e-02	2.7886118732e-02	-3.5794272029e-03	-6.7392106720e-02	4.9884700996e-02	-3.6701419532e-03	4.8049630020e-02	-5.1719771973e-02
141               	3.2180053644e-02	-5.1160475511e-02	8.3340529155e-02	4.8510204481e-02	2.0667300462e-02	2.7842904019e-02	-3.5878017783e-03	-6.7250502333e-02	4.9880577042e-02	-3.6700219533e-03	4.8045566066e-02	-5.1715588019e-02
142               	3.2180528711e-02	-5.1026321564e-02	8.3206850275e-02	4.8413014767e-02	2.0612807896e-02	2.7800206871e-02	-3.5936994872e-03	-6.7116585920e-02	4.9881079245e-02	-3.6699154737e-03	4.8046121508e-02	-5.1716036981e-02
143               	3.2178062741e-02	-5.0892630240e-02	8.3070692981e-02	4.8314763175e-02	2.0555520827e-02	2.7759242349e-02	-3.6018607609e-03	-6.6981661610e-02	4.9877021312e-02	-3.6698038088e-03	4.8042119407e-02	-5.1711923216e-02
144               	3.2178610479e-02	-5.0765228636e-02	8.2943839114e-02	4.8222547511e-02	2.0503733320e-02	2.7718814191e-02	-3.6075404357e-03	-6.6854533875e-02	4.9877645032e-02	-3.6697045856e-03	4.8042792740e-02	-5.1712497325e-02
145               	3.2176206643e-02	-5.0638217481e-02	8.2814424124e-02	4.8129197712e-02	2.0449122632e-02	2.7680075080e-02	-3.6154762240e-03	-6.6726320802e-02	4.9873698694e-02	-3.6695983638e-03	4.8038899512e-02	-5.1708497876e-02
146               	3.2176794555e-02	-5.0517351404e-02	8.2694145959e-02	4.8041774527e-02	2.0399966274e-02	2.7641808253e-02	-3.6209209893e-03	-6.6605748681e-02	4.9874387520e-02	-3.6695037951e-03	4.8039635622e-02	-5.1709139417e-02
147               	3.2174439084e-02	-5.0396829949e-02	8.2571269033e-02	4.7953194193e-02	2.0348019419e-02	2.7605174774e-02	-3.6285776776e-03	-6.6484049491e-02	4.9870521845e-02	-3.6694019654e-03	4.8035820862e-02	-5.1705222828e-02
148               	3.2175092846e-02	-5.0282164960e-02	8.2457257806e-02	4.7870369830e-02	2.0301447964e-02	2.7568921866e-02	-3.6337369514e-03	-6.6369711383e-02	4.9871312686e-02	-3.6693109095e-03	4.8036657231e-02	-5.1705968140e-02
149               	3.2172790851e-02	-5.0167667409e-02	8.2340458260e-02	4.7786252356e-02	2.0252022642e-02	2.7534229714e-02	-3.6411035359e-03	-6.6254062834e-02	4.9867544767e-02	-3.6692115962e-03	4.8032938969e-02	-5.1702150565e-02
150               	3.2173491118e-02	-5.0058890463e-02	8.2232381581e-02	4.7707754832e-02	2.0207901449e-02	2.7499853383e-02	-3.6459759673e-03	-6.6145636022e-02	4.9868419595e-02	-3.6691234070e-03	4.8033857892e-02	-5.1702981299e-02
151               	3.2171226774e-02	-4.9950249298e-02	8.2121476072e-02	4.7627884880e-02	2.0160926601e-02	2.7466958278e-02	-3.6530158386e-03	-6.6035862685e-02	4.9864730051e-02	-3.6690291308e-03	4.8030215486e-02	-5.1699244616e-02
152               	3.2171961061e-02	-4.9847030955e-02	8.2018992016e-02	4.7553431766e-02	2.0119171647e-02	2.7434260120e-02	-3.6575442364e-03	-6.5933011485e-02	4.9865665844e-02	-3.6689473699e-03	4.8031192159e-02	-5.1700139529e-02
153               	3.2169723511e-02	-4.9743415269e-02	8.1913138780e-02	4.7477266846e-02	2.0074375016e-02	2.7402891830e-02	-3.6642584072e-03	-6.5828277025e-02	4.9862027805e-02	-3.6688588072e-03	4.8027598401e-02	-5.1696457208e-02
154               	3.2170490235e-02	-4.9644957625e-02	8.1815447860e-02	4.7406327127e-02	2.0034658093e-02	2.7371669034e-02	-3.6685054705e-03	-6.5730202742e-02	4.9863015636e-02	-3.6687825792e-03	4.8028624347e-02	-5.1697406926e-02
155               	3.2168296280e-02	-4.9546281082e-02	8.1714577363e-02	4.7333750093e-02	1.9991941631e-02	2.7341808462e-02	-3.6749334158e-03	-6.5630429222e-02	4.9859460414e-02	-3.6686991091e-03	4.8025110859e-02	-5.1693809968e-02
156               	3.2169119582e-02	-4.9452721133e-02	8.1621840715e-02	4.7266348556e-02	1.9954287331e-02	2.7312061224e-02	-3.6788869465e-03	-6.5537280924e-02	4.9860548091e-02	-3.6686249414e-03	4.8026235620e-02	-5.1694860562e-02
157               	3.2166955295e-02	-4.9358676460e-02	8.1525631756e-02	4.7197137332e-02	1.9913538502e-02	2.7283598829e-02	-3.6850301637e-03	-6.5442154108e-02	4.9857060386e-02	-3.6685440405e-03	4.8022788366e-02	-5.1691332407e-02
158               	3.2167797476e-02	-4.9269487449e-02	8.1437284926e-02	4.7132960374e-02	1.9877753417e-02	2.7255206957e-02	-3.6887267702e-03	-6.5353386187e-02	4.9858183586e-02	-3.6684761750e-03	4.8023945498e-02	-5.1692421673e-02
159               	3.2165670628e-02	-4.9179776774e-02	8.1345447402e-02	4.7066959589e-02	1.9838857491e-02	2.7228102098e-02	-3.6946223036e-03	-6.5262612088e-02	4.9854759201e-02	-3.6684019940e-03	4.8020558204e-02	-5.1688960198e-02
160               	3.2166562005e-02	-4.9094904675e-02	8.1261466680e-02	4.7005940150e-02	1.9804881241e-02	2.7201058908e-02	-3.6980888335e-03	-6.5178185677e-02	4.9855962759e-02	-3.6683371817e-03	4.8021794168e-02	-5.1690131350e-02
161               	3.2164466514e-02	-4.9009499203e-02	8.1173965717e-02	4.6943074546e-02	1.9767788673e-02	2.7175285873e-02	-3.7037486000e-03	-6.5091732460e-02	4.9852599356e-02	-3.6682641315e-03	4.8018467290e-02	-5.1686731422e-02
162               	3.2165377554e-02	-4.8928804791e-02	8.1094182345e-02	4.6885148698e-02	1.9735585431e-02	2.7149563267e-02	-3.7069889183e-03	-6.5011493568e-02	4.9853841178e-02	-3.6682019340e-03	4.8019740211e-02	-5.1687942145e-02
163               	3.2163309636e-02	-4.8847471923e-02	8.1010781559e-02	4.6825303854e-02	1.9700224975e-02	2.7125078879e-02	-3.7124269520e-03	-6.4929126741e-02	4.9850530578e-02	-3.6681343127e-03	4.8016463422e-02	-5.1684597734e-02
164               	3.2164255838e-02	-4.8770729787e-02	8.0934985626e-02	4.6770276472e-02	1.9669673889e-02	2.7100602583e-02	-3.7154643468e-03	-6.4852857707e-02	4.9851830739e-02	-3.6680782802e-03	4.8017791599e-02	-5.1685869879e-02
165               	3.2162218202e-02	-4.8693257140e-02	8.0855475342e-02	4.6713266819e-02	1.9635932606e-02	2.7077334213e-02	-3.7207008035e-03	-6.4774366241e-02	4.9848570203e-02	-3.6680144006e-03	4.8014563003e-02	-5.1682577403e-02
166               	3.2163194439e-02	-4.8620878035e-02	8.0784072474e-02	4.6661420302e-02	1.9607149152e-02	2.7054271149e-02	-3.7235609985e-03	-6.4702475254e-02	4.9849924973e-02	-3.6679601957e-03	4.8015944875e-02	-5.1683905071e-02
167               	3.2161147397e-02	-4.8546103786e-02	8.0707251183e-02	4.6606432779e-02	1.9574710928e-02	2.7031721851e-02	-3.7285054615e-03	-6.4626677484e-02	4.9846659574e-02	-3.6678957052e-03	4.8012711721e-02	-5.1680607426e-02
168               	3.2162164097e-02	-4.8477171286e-02	8.0639335382e-02	4.6557110663e-02	1.9547347502e-02	2.7009763160e-02	-3.7312078292e-03	-6.4558253334e-02	4.9848078911e-02	-3.6678446900e-03	4.8014156566e-02	-5.1682001256e-02
169               	3.2160114173e-02	-4.8406842503e-02	8.0566956675e-02	4.6505373770e-02	1.9516678356e-02	2.6988695414e-02	-3.7360085291e-03	-6.4486899589e-02	4.9844822084e-02	-3.6677859910e-03	4.8010929089e-02	-5.1678715080e-02
170               	3.2161266325e-02	-4.8339847640e-02	8.0501113965e-02	4.6457427719e-02	1.9490189039e-02	2.6967238680e-02	-3.7385248209e-03	-6.4420480802e-02	4.9846417720e-02	-3.6677358521e-03	4.8012549794e-02	-5.1680285646e-02
171               	3.2159188180e-02	-4.8272727194e-02	8.0431915374e-02	4.6408046663e-02	1.9460839966e-02	2.6947206697e-02	-3.7431833655e-03	-6.4352321284e-02	4.9843142439e-02	-3.6676798323e-03	4.8009302523e-02	-5.1676982356e-02
172               	3.2160298057e-02	-4.8209250209e-02	8.0369548265e-02	4.6362700171e-02	1.9435770905e-02	2.6926929266e-02	-3.7455791801e-03	-6.4289399237e-02	4.9844704656e-02	-3.6676320532e-03	4.8010888629e-02	-5.1678520682e-02
173               	3.2158253522e-02	-4.8145148900e-02	8.0303402421e-02	4.6315558934e-02	1.9407679518e-02	2.6907879416e-02	-3.7500999489e-03	-6.4224275660e-02	4.9841482976e-02	-3.6675762145e-03	4.8007694868e-02	-5.1675271083e-02
174               	3.2159426061e-02	-4.8084863690e-02	8.0244289751e-02	4.6272605361e-02	1.9383948228e-02	2.6888657133e-02	-3.7523544526e-03	-6.4164576721e-02	4.9843138350e-02	-3.6675294886e-03	4.8009373606e-02	-5.1676903095e-02
175               	3.2157420097e-02	-4.8024327076e-02	8.0181747173e-02	4.6228152090e-02	1.9357363926e-02	2.6870788164e-02	-3.7567121186e-03	-6.4103037124e-02	4.9839978789e-02	-3.6674786858e-03	4.8006239446e-02	-5.1673718132e-02
176               	3.2158602675e-02	-4.7967562221e-02	8.0126164896e-02	4.6187824739e-02	1.9335132869e-02	2.6852691870e-02	-3.7587795006e-03	-6.4046863559e-02	4.9841653993e-02	-3.6674362095e-03	4.8007935888e-02	-5.1675372098e-02
177               	3.2156616326e-02	-4.7910551195e-02	8.0067167521e-02	4.6145957765e-02	1.9310061566e-02	2.6835896198e-02	-3.7629173160e-03	-6.3988859358e-02	4.9838524097e-02	-3.6673858830e-03	4.8004831155e-02	-5.1672217038e-02
178               	3.2157814680e-02	-4.7857133353e-02	8.0014948034e-02	4.6108048298e-02	1.9289281300e-02	2.6818766998e-02	-3.7647428494e-03	-6.3936040694e-02	4.9840227941e-02	-3.6673471599e-03	4.8006554361e-02	-5.1673901521e-02
179               	3.2155836009e-02	-4.7802740190e-02	7.9958576199e-02	4.6068008264e-02	1.9265372112e-02	2.6802636152e-02	-3.7686320199e-03	-6.3880658195e-02	4.9837115930e-02	-3.6673047098e-03	4.8003463575e-02	-5.1670768285e-02
180               	3.2157033253e-02	-4.7751102854e-02	7.9908136107e-02	4.6031280022e-02	1.9245373280e-02	2.6785906742e-02	-3.7702667306e-03	-6.3829619480e-02	4.9838822904e-02	-3.6672683428e-03	4.8005188733e-02	-5.1672457075e-02
181               	3.2155063630e-02	-4.7698161577e-02	7.9853225207e-02	4.5992225062e-02	1.9222044466e-02	2.6770180596e-02	-3.7740680653e-03	-6.3775693392e-02	4.9835724287e-02	-3.6672225637e-03	4.8002113005e-02	-5.1669335568e-02
182               	3.2156279940e-02	-4.7648327104e-02	7.9804607043e-02	4.5956785621e-02	1.9202697500e-02	2.6754088121e-02	-3.7756953105e-03	-6.3726467074e-02	4.9837464247e-02	-3.6671853915e-03	4.8003871552e-02	-5.1671056943e-02
183               	3.2154339154e-02	-4.7597687328e-02	7.9752026482e-02	4.5919401060e-02	1.9180215303e-02	2.6739185757e-02	-3.7794852266e-03	-6.3674856905e-02	4.9834416627e-02	-3.6671405781e-03	4.8000846338e-02	-5.1667986916e-02
184               	3.2155580112e-02	-4.7550271128e-02	7.9705851240e-02	4.5885723768e-02	1.9161813316e-02	2.6723910451e-02	-3.7810485675e-03	-6.3628061184e-02	4.9836202029e-02	-3.6671006708e-03	4.8002651694e-02	-5.1669752365e-02
185               	3.2153660569e-02	-4.7501880876e-02	7.9655541445e-02	4.5849990321e-02	1.9140271025e-02	2.6709719296e-02	-3.7847241355e-03	-6.3578711161e-02	4.9833190756e-02	-3.6670521182e-03	4.7999664697e-02	-5.1666716816e-02
186               	3.2154909352e-02	-4.7456632423e-02	7.9611541775e-02	4.5817893461e-02	1.9122780336e-02	2.6695113126e-02	-3.7861663951e-03	-6.3534087099e-02	4.9834988961e-02	-3.6670165462e-03	4.8001480688e-02	-5.1668497234e-02
187               	3.2153009292e-02	-4.7410506940e-02	7.9563516232e-02	4.5783814803e-02	1.9102178581e-02	2.6681636222e-02	-3.7897288209e-03	-6.3487011586e-02	4.9832018777e-02	-3.6669802828e-03	4.7998528636e-02	-5.1665508918e-02
188               	3.2154285607e-02	-4.7367724957e-02	7.9522010564e-02	4.5753583355e-02	1.9085732941e-02	2.6667850413e-02	-3.7910587359e-03	-6.3444867760e-02	4.9833869065e-02	-3.6669540508e-03	4.8000392040e-02	-5.1667346090e-02
189               	3.2152402808e-02	-4.7324194345e-02	7.9476597153e-02	4.5721470420e-02	1.9066269315e-02	2.6655201105e-02	-3.7944658954e-03	-6.3400395749e-02	4.9830921389e-02	-3.6669156481e-03	4.7997463565e-02	-5.1664379213e-02
190               	3.2153708411e-02	-4.7287525703e-02	7.9441234114e-02	4.5695634576e-02	1.9052295870e-02	2.6643338707e-02	-3.7955214185e-03	-6.3364379909e-02	4.9832815783e-02	-3.6668839452e-03	4.7999373810e-02	-5.1666257755e-02
191               	3.2151768869e-02	-4.7239440373e-02	7.9391209242e-02	4.5660261446e-02	1.9031424427e-02	2.6628837019e-02	-3.7987062960e-03	-6.3315324807e-02	4.9829812226e-02	-3.6668310418e-03	4.7996396705e-02	-5.1663227746e-02
192               	3.2153113714e-02	-4.7205585502e-02	7.9358699217e-02	4.5636482504e-02	1.9018523618e-02	2.6617958885e-02	-3.7997176333e-03	-6.3282142359e-02	4.9831758531e-02	-3.6668040228e-03	4.7998356520e-02	-5.1665160543e-02
193               	3.2151279603e-02	-4.7165890684e-02	7.9317170287e-02	4.5607223133e-02	1.9000764104e-02	2.6606459030e-02	-3.8028474631e-03	-6.3241530486e-02	4.9828891693e-02	-3.6667721660e-03	4.7995505610e-02	-5.1662277776e-02
194               	3.2152512806e-02	-4.7127924509e-02	7.9280437315e-02	4.5580336056e-02	1.8986510899e-02	2.6593825157e-02	-3.8036571292e-03	-6.3204180912e-02	4.9830682706e-02	-3.6667475816e-03	4.7997308916e-02	-5.1664056497e-02
195               	3.2150676549e-02	-4.7089386192e-02	7.9240062741e-02	4.5551906892e-02	1.8969348131e-02	2.6582558761e-02	-3.8066053153e-03	-6.3164724466e-02	4.9827827305e-02	-3.6667150166e-03	4.7994469796e-02	-5.1661184813e-02
196               	3.2152000485e-02	-4.7055564542e-02	7.9207565027e-02	4.5528102400e-02	1.8956649601e-02	2.6571452799e-02	-3.8074015993e-03	-6.3131564785e-02	4.9829756033e-02	-3.6666895616e-03	4.7996411252e-02	-5.1663100814e-02
197               	3.2150208608e-02	-4.7019149661e-02	7.9169358268e-02	4.5501249885e-02	1.8940291860e-02	2.6560958025e-02	-3.8103330826e-03	-6.3094253964e-02	4.9826963015e-02	-3.6666577273e-03	4.7993634151e-02	-5.1660291879e-02
198               	3.2151515919e-02	-4.6986045071e-02	7.9137560990e-02	4.5477913998e-02	1.8927944424e-02	2.6549969574e-02	-3.8110125753e-03	-6.3061803031e-02	4.9828869151e-02	-3.6666350817e-03	4.7995551610e-02	-5.1662186692e-02
199               	3.2149711183e-02	-4.6950983435e-02	7.9100694618e-02	4.5451988796e-02	1.8912179225e-02	2.6539809572e-02	-3.8138151735e-03	-6.3025839027e-02	4.9826064878e-02	-3.6666067472e-03	4.7992761504e-02	-5.1659368252e-02
200               	3.2151037303e-02	-4.6919893633e-02	7.9070930935e-02	4.5430115677e-02	1.8900638852e-02	2.6529476825e-02	-3.8144189869e-03	-6.2995412284e-02	4.9828006131e-02	-3.6665861149e-03	4.7994713073e-02	-5.1661299188e-02
201               	3.2149251664e-02	-4.6886511419e-02	7.9035763083e-02	4.5405459594e-02	1.8885558985e-02	2.6519900609e-02	-3.8171708118e-03	-6.2961137251e-02	4.9825234937e-02	-3.6665573185e-03	4.7991956278e-02	-5.1658513597e-02
202               	3.2150590945e-02	-4.6856753342e-02	7.9007344286e-02	4.5384597174e-02	1.8874579136e-02	2.6510018038e-02	-3.8177194513e-03	-6.2932048814e-02	4.9827199369e-02	-3.6665356065e-03	4.7993931565e-02	-5.1660467172e-02
203               	3.2148812843e-02	-4.6824846987e-02	7.8973659831e-02	4.5361009885e-02	1.8860104775e-02	2.6500905110e-02	-3.8204001675e-03	-6.2899253409e-02	4.9824442369e-02	-3.6665073791e-03	4.7991188679e-02	-5.1657696058e-02
204               	3.2150164362e-02	-4.6796809880e-02	7.8946974243e-02	4.5341353860e-02	1.8849810459e-02	2.6491543401e-02	-3.8208664713e-03	-6.2871892062e-02	4.9826427692e-02	-3.6664881158e-03	4.7993183634e-02	-5.1659671750e-02
205               	3.2148395834e-02	-4.6766432876e-02	7.8914828710e-02	4.5318865210e-02	1.8835963016e-02	2.6482902194e-02	-3.8234695888e-03	-6.2840630793e-02	4.9823687100e-02	-3.6664626034e-03	4.7990455798e-02	-5.1656918402e-02
206               	3.2149758930e-02	-4.6739720810e-02	7.8889479740e-02	4.5300207482e-02	1.8826240000e-02	2.6473967482e-02	-3.8238637408e-03	-6.2814600275e-02	4.9825691347e-02	-3.6664452099e-03	4.7992468742e-02	-5.1658913952e-02
207               	3.2148002270e-02	-4.6710630277e-02	7.8858632547e-02	4.5278696060e-02	1.8812950543e-02	2.6465745518e-02	-3.8263974875e-03	-6.2784631412e-02	4.9822971372e-02	-3.6664207361e-03	4.7989761004e-02	-5.1656181740e-02
208               	3.2149378707e-02	-4.6685353511e-02	7.8834732218e-02	4.5261070961e-02	1.8803806037e-02	2.6457264924e-02	-3.8267294432e-03	-6.2760042864e-02	4.9825000774e-02	-3.6664038975e-03	4.7991798825e-02	-5.1658202723e-02
209               	3.2147634299e-02	-4.6657719569e-02	7.8805353868e-02	4.5240581119e-02	1.8791094801e-02	2.6449486319e-02	-3.8291957592e-03	-6.2731536718e-02	4.9822303596e-02	-3.6663797852e-03	4.7989113703e-02	-5.1655493489e-02
210               	3.2149018712e-02	-4.6633762682e-02	7.8782781394e-02	4.5223898161e-02	1.8782493647e-02	2.6441404514e-02	-3.8294554335e-03	-6.2708272038e-02	4.9824346907e-02	-3.6663636408e-03	4.7991165086e-02	-5.1657528727e-02
211               	3.2147283515e-02	-4.6607341712e-02	7.8754625227e-02	4.5204303394e-02	1.8770310444e-02	2.6433992950e-02	-3.8318412528e-03	-6.2680983470e-02	4.9821666177e-02	-3.6663407656e-03	4.7988495794e-02	-5.1654836560e-02
212               	3.2148677847e-02	-4.6584609882e-02	7.8733287729e-02	4.5188515445e-02	1.8762225957e-02	2.6426289488e-02	-3.8320317653e-03	-6.2658948806e-02	4.9823730615e-02	-3.6663259839e-03	4.7990567623e-02	-5.1656893607e-02
213               	3.2146953441e-02	-4.6559385536e-02	7.8706338978e-02	4.5169776887e-02	1.8750528558e-02	2.6419248329e-02	-3.8343598855e-03	-6.2632862257e-02	4.9821070037e-02	-3.6663040372e-03	4.7987918019e-02	-5.1654222056e-02
214               	3.2148352349e-02	-4.6537802670e-02	7.8686155019e-02	4.5154809194e-02	1.8742908553e-02	2.6411900641e-02	-3.8344960436e-03	-6.2611978844e-02	4.9823140912e-02	-3.6662898074e-03	4.7989996009e-02	-5.1656285816e-02
215               	3.2146634478e-02	-4.6513691143e-02	7.8660325621e-02	4.5136877982e-02	1.8731678154e-02	2.6405199828e-02	-3.8367608365e-03	-6.2587008382e-02	4.9820488589e-02	-3.6662684175e-03	4.7987354380e-02	-5.1653622798e-02
216               	3.2148040479e-02	-4.6493232932e-02	7.8641273411e-02	4.5122717441e-02	1.8724527175e-02	2.6398190265e-02	-3.8368315452e-03	-6.2567253172e-02	4.9822573211e-02	-3.6662549620e-03	4.7989445730e-02	-5.1655700692e-02
217               	3.2146333865e-02	-4.6470249802e-02	7.8616583668e-02	4.5105579698e-02	1.8713760554e-02	2.6391819144e-02	-3.8390292948e-03	-6.2543416735e-02	4.9819943022e-02	-3.6662342571e-03	4.7986825894e-02	-5.1653060151e-02
218               	3.2147747185e-02	-4.6450860321e-02	7.8598607506e-02	4.5092172435e-02	1.8707049124e-02	2.6385123311e-02	-3.8390370932e-03	-6.2524733913e-02	4.9822042898e-02	-3.6662213442e-03	4.7988932226e-02	-5.1655153570e-02
219               	3.2146048863e-02	-4.6428788682e-02	7.8574837545e-02	4.5075719489e-02	1.8696681963e-02	2.6379037526e-02	-3.8411777814e-03	-6.2501813113e-02	4.9819425319e-02	-3.6662015134e-03	4.7986324563e-02	-5.1652526076e-02
220               	3.2147462614e-02	-4.6410271797e-02	7.8557734411e-02	4.5062990531e-02	1.8690360365e-02	2.6372630166e-02	-3.8411349008e-03	-6.2484003104e-02	4.9821527072e-02	-3.6661898307e-03	4.7988432156e-02	-5.1654621987e-02
221               	3.2145768053e-02	-4.6389173309e-02	7.8534941362e-02	4.5047241319e-02	1.8680399306e-02	2.6366842013e-02	-3.8432213537e-03	-6.2462057335e-02	4.9818918631e-02	-3.6661710930e-03	4.7985833084e-02	-5.1652004177e-02
222               	3.2147188965e-02	-4.6371700821e-02	7.8518889786e-02	4.5035207370e-02	1.8674482248e-02	2.6360725123e-02	-3.8431214377e-03	-6.2445295303e-02	4.9821034379e-02	-3.6661599016e-03	4.7987954428e-02	-5.1654114330e-02
223               	3.2145503134e-02	-4.6351556373e-02	7.8497059507e-02	4.5020120248e-02	1.8664912228e-02	2.6355208020e-02	-3.8451478962e-03	-6.2424307940e-02	4.9818440530e-02	-3.6661412651e-03	4.7985369898e-02	-5.1651511163e-02
224               	3.2146926800e-02	-4.6334868136e-02	7.8481794937e-02	4.5008682710e-02	1.8659336264e-02	2.6349346446e-02	-3.8450050910e-03	-6.2408331537e-02	4.9820562473e-02	-3.6661304510e-03	4.7987497247e-02	-5.1653627698e-02
225               	3.2145245877e-02	-4.6315485241e-02	7.8460731118e-02	4.4994185064e-02	1.8650096979e-02	2.6344088085e-02	-3.8469955532e-03	-6.2388108180e-02	4.9817977560e-02	-3.6661127124e-03	4.7984921203e-02	-5.1651033916e-02
226               	3.2146670160e-02	-4.6299625374e-02	7.8446295534e-02	4.4983347214e-02	1.8644850801e-02	2.6338496413e-02	-3.8468228058e-03	-6.2372960454e-02	4.9820099340e-02	-3.6661029329e-03	4.7987047874e-02	-5.1653150807e-02
227               	3.2144994446e-02	-4.6281145901e-02	7.8426140346e-02	4.4969473729e-02	1.8635960565e-02	2.6333513164e-02	-3.8487762997e-03	-6.2353643123e-02	4.9817522747e-02	-3.6660858348e-03	4.7984479829e-02	-5.1650565664e-02
228               	3.2146423908e-02	-4.6266209722e-02	7.8412633631e-02	4.4959275449e-02	1.8631088193e-02	2.6328187256e-02	-3.8485495313e-03	-6.2339421676e-02	4.9819657016e-02	-3.6660762780e-03	4.7986618877e-02	-5.1652695155e-02
229               	3.2144756549e-02	-4.6248544070e-02	7.8393300619e-02	4.4945999440e-02	1.8622553924e-02	2.6323445515e-02	-3.8504457955e-03	-6.2320922344e-02	4.9817098015e-02	-3.6660594773e-03	4.7984068277e-02	-5.1650127754e-02
230               	3.2146189519e-02	-4.6234280631e-02	7.8380470149e-02	4.4936329552e-02	1.8617977683e-02	2.6318351869e-02	-3.8501870931e-03	-6.2307375390e-02	4.9819239169e-02	-3.6660507063e-03	4.7986213815e-02	-5.1652264522e-02
231               	3.2144527950e-02	-4.6217307542e-02	7.8361835492e-02	4.4923584587e-02	1.8609729693e-02	2.6313854894e-02	-3.8520626009e-03	-6.2289571517e-02	4.9816689372e-02	-3.6660348948e-03	4.7983671925e-02	-5.1649706820e-02
232               	3.2145965791e-02	-4.6203855648e-02	7.8349821439e-02	4.4914478576e-02	1.8605472497e-02	2.6309006079e-02	-3.8517667908e-03	-6.2276838544e-02	4.9818840595e-02	-3.6660268496e-03	4.7985827170e-02	-5.1651854020e-02
233               	3.2144311161e-02	-4.6187707744e-02	7.8332018905e-02	4.4902302809e-02	1.8597559903e-02	2.6304742906e-02	-3.8535915019e-03	-6.2259863324e-02	4.9816300430e-02	-3.6660114596e-03	4.7983294700e-02	-5.1649306160e-02
234               	3.2145755078e-02	-4.6174969834e-02	7.8320724913e-02	4.4893714941e-02	1.8593604355e-02	2.6300110586e-02	-3.8532531150e-03	-6.2247847374e-02	4.9818459884e-02	-3.6660037225e-03	4.7985458023e-02	-5.1651461745e-02
235               	3.2144109657e-02	-4.6159465903e-02	7.8303575560e-02	4.4882023366e-02	1.8585970150e-02	2.6296053216e-02	-3.8550415328e-03	-6.2231520731e-02	4.9815935437e-02	-3.6659888860e-03	4.7982940994e-02	-5.1648929879e-02
236               	3.2145559952e-02	-4.6147404693e-02	7.8292964645e-02	4.4873921517e-02	1.8582287881e-02	2.6291633636e-02	-3.8546728773e-03	-6.2220184669e-02	4.9818108241e-02	-3.6659818324e-03	4.7985117325e-02	-5.1651099158e-02
237               	3.2143920504e-02	-4.6132663579e-02	7.8276584083e-02	4.4862745540e-02	1.8574947180e-02	2.6287798360e-02	-3.8564255903e-03	-6.2204623831e-02	4.9815594913e-02	-3.6659675761e-03	4.7982611125e-02	-5.1648578701e-02
238               	3.2145375258e-02	-4.6121297347e-02	7.8266672605e-02	4.4855124284e-02	1.8571544404e-02	2.6283579880e-02	-3.8560177384e-03	-6.2193984976e-02	4.9817777167e-02	-3.6659609226e-03	4.7984796706e-02	-5.1650757628e-02
239               	3.2143741122e-02	-4.6107092629e-02	7.8250833752e-02	4.4844372980e-02	1.8564448080e-02	2.6279924900e-02	-3.8577384101e-03	-6.2178963191e-02	4.9815273161e-02	-3.6659471791e-03	4.7982299571e-02	-5.1648246750e-02
240               	3.2145198149e-02	-4.6096225657e-02	7.8241423806e-02	4.4837173911e-02	1.8561272606e-02	2.6275901305e-02	-3.8573143497e-03	-6.2168824732e-02	4.9817458527e-02	-3.6659413803e-03	4.7984487837e-02	-5.1650429217e-02
241               	3.2143566640e-02	-4.6082623550e-02	7.8226190190e-02	4.4826888546e-02	1.8554419858e-02	2.6272468689e-02	-3.8590244156e-03	-6.2154406870e-02	4.9814955235e-02	-3.6659286550e-03	4.7981990908e-02	-5.1647919563e-02
242               	3.2145026809e-02	-4.6072490994e-02	7.8217517803e-02	4.4820195468e-02	1.8551521173e-02	2.6268674295e-02	-3.8585765607e-03	-6.2145004398e-02	4.9817143265e-02	-3.6659233888e-03	4.7984181571e-02	-5.1650104960e-02
243               	3.2143402880e-02	-4.6059640110e-02	7.8203042990e-02	4.4810407045e-02	1.8544961838e-02	2.6265445206e-02	-3.8602416840e-03	-6.2131341550e-02	4.9814652931e-02	-3.6659104897e-03	4.7981697686e-02	-5.1647608176e-02
244               	3.2144868324e-02	-4.6050087215e-02	7.8194955539e-02	4.4804129353e-02	1.8542307283e-02	2.6261822070e-02	-3.8597573934e-03	-6.2122521377e-02	4.9816851134e-02	-3.6659050585e-03	4.7983898605e-02	-5.1649803663e-02
245               	3.2143275636e-02	-4.6038728802e-02	7.8182004438e-02	4.4795502262e-02	1.8536380778e-02	2.6259121484e-02	-3.8613703526e-03	-6.2110366620e-02	4.9814410378e-02	-3.6658941582e-03	4.7981463299e-02	-5.1647357457e-02
246               	3.2144688940e-02	-4.6028070486e-02	7.8172759426e-02	4.4788380363e-02	1.8533260104e-02	2.6255120259e-02	-3.8609300777e-03	-6.2100414956e-02	4.9816519754e-02	-3.6658880922e-03	4.7983575708e-02	-5.1649463800e-02
247               	3.2143100787e-02	-4.6017235875e-02	7.8160336663e-02	4.4780113023e-02	1.8527569071e-02	2.6252543952e-02	-3.8624874406e-03	-6.2088786269e-02	4.9814094212e-02	-3.6658769777e-03	4.7981155723e-02	-5.1647032700e-02
248               	3.2144536450e-02	-4.6009328553e-02	7.8153865003e-02	4.4774943959e-02	1.8525528432e-02	2.6249415528e-02	-3.8619435481e-03	-6.2081596778e-02	4.9816245781e-02	-3.6658726236e-03	4.7983309470e-02	-5.1649182093e-02
249               	3.2142984084e-02	-4.5997531923e-02	7.8140516006e-02	4.4766043209e-02	1.8519552939e-02	2.6246490270e-02	-3.8634686653e-03	-6.2069023965e-02	4.9813888591e-02	-3.6658611939e-03	4.7980957994e-02	-5.1646819188e-02
250               	3.2144415545e-02	-4.5989229081e-02	7.8133644626e-02	4.4760582990e-02	1.8517358911e-02	2.6243224079e-02	-3.8629325838e-03	-6.2061436854e-02	4.9816024927e-02	-3.6658566629e-03	4.7983096595e-02	-5.1648953258e-02
251               	3.2142852400e-02	-4.5978251457e-02	7.8121103857e-02	4.4752203028e-02	1.8511631030e-02	2.6240571998e-02	-3.8644704838e-03	-6.2049677657e-02	4.9813640277e-02	-3.6658458472e-03	4.7980717354e-02	-5.1646563201e-02
252               	3.2144279179e-02	-4.5971076375e-02	7.8115355554e-02	4.4747487327e-02	1.8509824445e-02	2.6237662882e-02	-3.8639192182e-03	-6.2043215964e-02	4.9815770411e-02	-3.6658422818e-03	4.7982849271e-02	-5.1648691552e-02
253               	3.2142716119e-02	-4.5960702685e-02	7.8103418804e-02	4.4739530729e-02	1.8504355794e-02	2.6235174934e-02	-3.8654095700e-03	-6.2032060745e-02	4.9813392343e-02	-3.6658317627e-03	4.7980476462e-02	-5.1646308225e-02
254               	3.2144146185e-02	-4.5953655379e-02	7.8097801564e-02	4.4734933798e-02	1.8502661581e-02	2.6232272217e-02	-3.8648053183e-03	-6.2025728471e-02	4.9815533400e-02	-3.6658278354e-03	4.7982619482e-02	-5.1648447317e-02
255               	3.2142591144e-02	-4.5943442908e-02	7.8086034052e-02	4.4727105562e-02	1.8497289584e-02	2.6229815978e-02	-3.8662631968e-03	-6.2014738480e-02	4.9813172502e-02	-3.6658171237e-03	4.7980263941e-02	-5.1646081064e-02
256               	3.2144026480e-02	-4.5936821171e-02	7.8080847650e-02	4.4722791543e-02	1.8495744531e-02	2.6227047012e-02	-3.8656512406e-03	-6.2008834410e-02	4.9815324412e-02	-3.6658136972e-03	4.7982417563e-02	-5.1648231260e-02
257               	3.2142468461e-02	-4.5927123720e-02	7.8069592181e-02	4.4715322159e-02	1.8490548451e-02	2.6224773709e-02	-3.8671126288e-03	-6.1998357950e-02	4.9812955920e-02	-3.6658038774e-03	4.7980053981e-02	-5.1645857859e-02
258               	3.2143898520e-02	-4.5920925496e-02	7.8064824017e-02	4.4711335430e-02	1.8489170976e-02	2.6222164453e-02	-3.8664967385e-03	-6.1992874756e-02	4.9815096692e-02	-3.6658009932e-03	4.7982196195e-02	-5.1647997189e-02
259               	3.2142352039e-02	-4.5911631680e-02	7.8053983719e-02	4.4704183841e-02	1.8484160772e-02	2.6220023069e-02	-3.8679311487e-03	-6.1982807699e-02	4.9812749221e-02	-3.6657913350e-03	4.7979853553e-02	-5.1645644888e-02
260               	3.2143794998e-02	-4.5905803478e-02	7.8049598476e-02	4.4700482823e-02	1.8482953307e-02	2.6217529516e-02	-3.8672881044e-03	-6.1977700977e-02	4.9814914706e-02	-3.6657886153e-03	4.7982020399e-02	-5.1647809014e-02
261               	3.2142244661e-02	-4.5896794548e-02	7.8039039209e-02	4.4693562170e-02	1.8478068973e-02	2.6215493198e-02	-3.8687121124e-03	-6.1967916878e-02	4.9812559700e-02	-3.6657793370e-03	4.7979670031e-02	-5.1645449368e-02
262               	3.2143684345e-02	-4.5891185724e-02	7.8034870068e-02	4.4690062928e-02	1.8476957786e-02	2.6213105141e-02	-3.8680736774e-03	-6.1963027896e-02	4.9814715560e-02	-3.6657770554e-03	4.7981827032e-02	-5.1647604088e-02
263               	3.2142139676e-02	-4.5882470195e-02	7.8024609871e-02	4.4683382489e-02	1.8472194510e-02	2.6211187979e-02	-3.8694967346e-03	-6.1953540033e-02	4.9812365627e-02	-3.6657681933e-03	4.7979481531e-02	-5.1645249724e-02
264               	3.2143582157e-02	-4.5877302717e-02	7.8020884874e-02	4.4680176637e-02	1.8471254033e-02	2.6208922604e-02	-3.8688342857e-03	-6.1949093796e-02	4.9814523071e-02	-3.6657662980e-03	4.7981639922e-02	-5.1647406220e-02
265               	3.2142037115e-02	-4.5869081383e-02	7.8011118498e-02	4.4673803962e-02	1.8466690628e-02	2.6207113333e-02	-3.8702113526e-03	-6.1940099940e-02	4.9812172928e-02	-3.6657576198e-03	4.7979294118e-02	-5.1645051738e-02
266               	3.2143478400e-02	-4.5864262706e-02	7.8007741106e-02	4.4670835091e-02	1.8465914330e-02	2.6204920761e-02	-3.8695032155e-03	-6.1936001906e-02	4.9814332122e-02	-3.6657557029e-03	4.7981454270e-02	-5.1647209973e-02
267               	3.2141942314e-02	-4.5856245617e-02	7.7998187931e-02	4.4664632867e-02	1.8461466809e-02	2.6203166058e-02	-3.8708496246e-03	-6.1927216774e-02	4.9811997706e-02	-3.6657472099e-03	4.7979124101e-02	-5.1644871311e-02
268               	3.2143394994e-02	-4.5851610329e-02	7.7995005322e-02	4.4661810345e-02	1.8460776319e-02	2.6201034026e-02	-3.8701288535e-03	-6.1923307825e-02	4.9814173048e-02	-3.6657458145e-03	4.7981300141e-02	-5.1647045956e-02
269               	3.2141853955e-02	-4.5843835636e-02	7.7985689590e-02	4.4655766118e-02	1.8456411897e-02	2.6199354221e-02	-3.8714711619e-03	-6.1914762613e-02	4.9811832786e-02	-3.6657378326e-03	4.7978963870e-02	-5.1644701702e-02
270               	3.2143296039e-02	-4.5839496111e-02	7.7982792151e-02	4.4653125552e-02	1.8455823684e-02	2.6197301868e-02	-3.8707390923e-03	-6.1911144131e-02	4.9813995937e-02	-3.6657368379e-03	4.7981127518e-02	-5.1646864356e-02
271               	3.2141756102e-02	-4.5832006220e-02	7.7973762322e-02	4.4647269815e-02	1.8451575310e-02	2.6195694505e-02	-3.8720595975e-03	-6.1902884271e-02	4.9811656577e-02	-3.6657291314e-03	4.7978792011e-02	-5.1644521142e-02
272               	3.2143209521e-02	-4.5827882640e-02	7.7971092162e-02	4.4644793762e-02	1.8451088555e-02	2.6193705207e-02	-3.8713083259e-03	-6.1899487401e-02	4.9813833195e-02	-3.6657283373e-03	4.7980969027e-02	-5.1646697364e-02
273               	3.2141677360e-02	-4.5820585496e-02	7.7962262856e-02	4.4639087788e-02	1.8446927098e-02	2.6192160689e-02	-3.8726167954e-03	-6.1891424176e-02	4.9811506877e-02	-3.6657207888e-03	4.7978646483e-02	-5.1644367272e-02
274               	3.2143120853e-02	-4.5816692818e-02	7.7959813671e-02	4.4636765983e-02	1.8446522914e-02	2.6190243070e-02	-3.8718600781e-03	-6.1888253245e-02	4.9813671725e-02	-3.6657200743e-03	4.7980811688e-02	-5.1646531763e-02
275               	3.2141582718e-02	-4.5809717675e-02	7.7951300393e-02	4.4631261414e-02	1.8442476799e-02	2.6188784615e-02	-3.8731539081e-03	-6.1880509034e-02	4.9811337791e-02	-3.6657126347e-03	4.7978481474e-02	-5.1644194108e-02
276               	3.2143038935e-02	-4.5806150855e-02	7.7949189790e-02	4.4629148326e-02	1.8442205753e-02	2.6186942573e-02	-3.8723684098e-03	-6.1877670323e-02	4.9813524218e-02	-3.6657121350e-03	4.7980668151e-02	-5.1646380286e-02
277               	3.2141514548e-02	-4.5799369814e-02	7.7940884362e-02	4.4623794283e-02	1.8438258185e-02	2.6185536099e-02	-3.8736389572e-03	-6.1870127088e-02	4.9811212658e-02	-3.6657048696e-03	4.7978360223e-02	-5.1644065093e-02
278               	3.2142973380e-02	-4.5795879975e-02	7.7938853355e-02	4.4621779590e-02	1.8438037361e-02	2.6183742230e-02	-3.8728524345e-03	-6.1867366665e-02	4.9813403690e-02	-3.6657045975e-03	4.7980551392e-02	-5.1646255989e-02
279               	3.2141447762e-02	-4.5789259056e-02	7.7930706819e-02	4.4616559264e-02	1.8434150313e-02	2.6182408952e-02	-3.8741293195e-03	-6.1859982938e-02	4.9811090833e-02	-3.6656978391e-03	4.7978241914e-02	-5.1643939753e-02
280               	3.2142906087e-02	-4.5786101847e-02	7.7929007934e-02	4.4614748682e-02	1.8434038897e-02	2.6180709785e-02	-3.8733354437e-03	-6.1857554891e-02	4.9813282212e-02	-3.6656979710e-03	4.7980433226e-02	-5.1646131197e-02
281               	3.2141378324e-02	-4.5779865794e-02	7.7921244118e-02	4.4609760273e-02	1.8430288784e-02	2.6179471490e-02	-3.8745913530e-03	-6.1850554956e-02	4.9810965419e-02	-3.6656909146e-03	4.7978119961e-02	-5.1643810876e-02
282               	3.2142836522e-02	-4.5776969028e-02	7.7919805550e-02	4.4608132929e-02	1.8430291561e-02	2.6177841368e-02	-3.8737749039e-03	-6.1848387289e-02	4.9813156956e-02	-3.6656902623e-03	4.7980311825e-02	-5.1646002088e-02
283               	3.2141314894e-02	-4.5770817388e-02	7.7912132282e-02	4.4603254949e-02	1.8426602234e-02	2.6176652715e-02	-3.8750252406e-03	-6.1841474835e-02	4.9810850637e-02	-3.6656829922e-03	4.7978009141e-02	-5.1643692133e-02
284               	3.2142776085e-02	-4.5767989567e-02	7.7910765653e-02	4.4601737737e-02	1.8426646033e-02	2.6175091704e-02	-3.8742228350e-03	-6.1839377610e-02	4.9813047136e-02	-3.6656832192e-03	4.7980205526e-02	-5.1645888746e-02
285               	3.2141251808e-02	-4.5762108738e-02	7.7903360546e-02	4.4597054680e-02	1.8423048977e-02	2.6174005703e-02	-3.8754783631e-03	-6.1832734642e-02	4.9810736152e-02	-3.6656769842e-03	4.7977897660e-02	-5.1643574645e-02
286               	3.2142710056e-02	-4.5759684527e-02	7.7902394583e-02	4.4595774090e-02	1.8423225908e-02	2.6172548182e-02	-3.8746611373e-03	-6.1831039555e-02	4.9812927093e-02	-3.6656772610e-03	4.7980088463e-02	-5.1645765724e-02
287               	3.2141184666e-02	-4.5754098496e-02	7.7895283162e-02	4.4591282125e-02	1.8419744376e-02	2.6171537749e-02	-3.8758966862e-03	-6.1824690829e-02	4.9810613043e-02	-3.6656703047e-03	4.7977777890e-02	-5.1643448195e-02
288               	3.2142644109e-02	-4.5751785488e-02	7.7894429597e-02	4.4590125800e-02	1.8419991155e-02	2.6170134645e-02	-3.8750717449e-03	-6.1823107543e-02	4.9812806562e-02	-3.6656703118e-03	4.7979971406e-02	-5.1645641718e-02
289               	3.2141131388e-02	-4.5746334236e-02	7.7887465624e-02	4.4585773023e-02	1.8416580882e-02	2.6169192141e-02	-3.8763056295e-03	-6.1816899930e-02	4.9810517362e-02	-3.6656640326e-03	4.7977685346e-02	-5.1643349378e-02
290               	3.2142596713e-02	-4.5744250142e-02	7.7886846855e-02	4.4584781331e-02	1.8416908632e-02	2.6167872699e-02	-3.8754820334e-03	-6.1815548498e-02	4.9812719901e-02	-3.6656649383e-03	4.7979887432e-02	-5.1645552370e-02
291               	3.2141076479e-02	-4.5739033314e-02	7.7880109793e-02	4.4580585967e-02	1.8413580998e-02	2.6167004969e-02	-3.8767119859e-03	-6.1809571554e-02	4.9810413139e-02	-3.6656589554e-03	4.7977583661e-02	-5.1643242616e-02
292               	3.2142542048e-02	-4.5737147769e-02	7.7879689817e-02	4.4579735818e-02	1.8413996129e-02	2.6165739690e-02	-3.8758717805e-03	-6.1808418793e-02	4.9812613973e-02	-3.6656595504e-03	4.7979784198e-02	-5.1645443748e-02
293               	3.2141032344e-02	-4.5732115165e-02	7.7873147509e-02	4.4575673200e-02	1.8410756483e-02	2.6164916717e-02	-3.8770801171e-03	-6.1802631337e-02	4.9810327743e-02	-3.6656530790e-03	4.7977501203e-02	-5.1643154282e-02
294               	3.2142502438e-02	-4.5730430887e-02	7.7872933325e-02	4.4574952161e-02	1.8411253010e-02	2.6163699151e-02	-3.8762230703e-03	-6.1801682106e-02	4.9812540032e-02	-3.6656536368e-03	4.7979713214e-02	-5.1645366850e-02
295               	3.2140988505e-02	-4.5725577446e-02	7.7866565951e-02	4.4571002512e-02	1.8408076990e-02	2.6162925522e-02	-3.8774242657e-03	-6.1796071699e-02	4.9810247804e-02	-3.6656476011e-03	4.7977424003e-02	-5.1643071604e-02
296               	3.2142453142e-02	-4.5723996694e-02	7.7866449836e-02	4.4570365937e-02	1.8408618263e-02	2.6161747674e-02	-3.8765647051e-03	-6.1795223265e-02	4.9812450026e-02	-3.6656485632e-03	4.7979625744e-02	-5.1645274307e-02
297               	3.2140939130e-02	-4.5719242995e-02	7.7860182125e-02	4.4566506279e-02	1.8405499054e-02	2.6161007225e-02	-3.8777540853e-03	-6.1789712560e-02	4.9810158072e-02	-3.6656426133e-03	4.7977336766e-02	-5.1642979379e-02
298               	3.2142406984e-02	-4.5717817332e-02	7.7860224316e-02	4.4565979341e-02	1.8406111495e-02	2.6159867846e-02	-3.8768781751e-03	-6.1789020824e-02	4.9812367549e-02	-3.6656437242e-03	4.7979545687e-02	-5.1645189411e-02
299               	3.2140895419e-02	-4.5713259916e-02	7.7854155335e-02	4.4562239159e-02	1.8403062444e-02	2.6159176715e-02	-3.8780571354e-03	-6.1783707625e-02	4.9810079918e-02	-3.6656381790e-03	4.7977260828e-02	-5.1642899007e-02
300               	3.2142364144e-02	-4.5712029265e-02	7.7854393409e-02	4.4561825545e-02	1.8403740232e-02	2.6158085312e-02	-3.8771725402e-03	-6.1783211337e-02	4.9812289515e-02	-3.6656394384e-03	4.7979469796e-02	-5.1645109234e-02
301               	3.2140852445e-02	-4.5707612801e-02	7.7848465246e-02	4.4558175534e-02	1.8400745771e-02	2.6157429763e-02	-3.8783419961e-03	-6.1778039024e-02	4.9809999009e-02	-3.6656334979e-03	4.7977182260e-02	-5.1642815758e-02
302               	3.2142323442e-02	-4.5706485410e-02	7.7848808852e-02	4.4557837930e-02	1.8401470282e-02	2.6156367648e-02	-3.8774486827e-03	-6.1777647131e-02	4.9812213521e-02	-3.6656342768e-03	4.7979396383e-02	-5.1645030660e-02
303               	3.2140816992e-02	-4.5702223077e-02	7.7843040069e-02	4.4554293165e-02	1.8398541526e-02	2.6155751639e-02	-3.8786050563e-03	-6.1772631573e-02	4.9809935480e-02	-3.6656284437e-03	4.7977121258e-02	-5.1642749701e-02
304               	3.2142291873e-02	-4.5701238249e-02	7.7843530122e-02	4.4554060344e-02	1.8399329955e-02	2.6154730389e-02	-3.8777002168e-03	-6.1772384185e-02	4.9812158943e-02	-3.6656298431e-03	4.7979344021e-02	-5.1644973865e-02
305               	3.2140784751e-02	-4.5697029301e-02	7.7837814052e-02	4.4550582686e-02	1.8396434639e-02	2.6154148047e-02	-3.8788567040e-03	-6.1767421677e-02	4.9809878580e-02	-3.6656246046e-03	4.7977066277e-02	-5.1642690882e-02
306               	3.2142259844e-02	-4.5696100339e-02	7.7838360183e-02	4.4550411751e-02	1.8397250899e-02	2.6153160852e-02	-3.8779549763e-03	-6.1767230261e-02	4.9812101459e-02	-3.6656261773e-03	4.7979288370e-02	-5.1644914548e-02
307               	3.2140754530e-02	-4.5692044222e-02	7.7832798752e-02	4.4547035239e-02	1.8394413334e-02	2.6152621905e-02	-3.8791042852e-03	-6.1762421487e-02	4.9809823548e-02	-3.6656206892e-03	4.7977013203e-02	-5.1642633893e-02
308               	3.2142230260e-02	-4.5691292682e-02	7.7833522942e-02	4.4546979904e-02	1.8395293036e-02	2.6151686868e-02	-3.8781969160e-03	-6.1762407812e-02	4.9812048690e-02	-3.6656219935e-03	4.7979237693e-02	-5.1644859687e-02
309               	3.2140724513e-02	-4.5687350504e-02	7.7828075017e-02	4.4543702793e-02	1.8392503030e-02	2.6151199763e-02	-3.8793483664e-03	-6.1757712760e-02	4.9809770727e-02	-3.6656165802e-03	4.7976962436e-02	-5.1642579017e-02
310               	3.2142196260e-02	-4.5686675117e-02	7.7828871378e-02	4.4543741541e-02	1.8393431351e-02	2.6150310189e-02	-3.8784394189e-03	-6.1757773247e-02	4.9811987386e-02	-3.6656182614e-03	4.7979178256e-02	-5.1644796517e-02
311               	3.2140688256e-02	-4.5682830300e-02	7.7823518555e-02	4.4540559087e-02	1.8390693225e-02	2.6149865862e-02	-3.8795863187e-03	-6.1753174428e-02	4.9809702758e-02	-3.6656132174e-03	4.7976896150e-02	-5.1642509367e-02
312               	3.2142161670e-02	-4.5682299555e-02	7.7824461225e-02	4.4540693223e-02	1.8391669016e-02	2.6149024207e-02	-3.8786775957e-03	-6.1753380390e-02	4.9811919513e-02	-3.6656149429e-03	4.7979112041e-02	-5.1644726984e-02
313               	3.2140658102e-02	-4.5678648045e-02	7.7819306147e-02	4.4537622195e-02	1.8388990439e-02	2.6148631756e-02	-3.8798206581e-03	-6.1748977096e-02	4.9809642722e-02	-3.6656095311e-03	4.7976837956e-02	-5.1642447487e-02
314               	3.2142133377e-02	-4.5678276317e-02	7.7820409695e-02	4.4537857511e-02	1.8390025409e-02	2.6147832103e-02	-3.8789033470e-03	-6.1749343006e-02	4.9811865033e-02	-3.6656109359e-03	4.7979059565e-02	-5.1644670501e-02
315               	3.2140631391e-02	-4.5674693156e-02	7.7815324547e-02	4.4534857460e-02	1.8387390701e-02	2.6147466758e-02	-3.8800380283e-03	-6.1745008852e-02	4.9809593637e-02	-3.6656056314e-03	4.7976790821e-02	-5.1642396453e-02
316               	3.2142107868e-02	-4.5674357753e-02	7.7816465621e-02	4.4535151244e-02	1.8388460142e-02	2.6146691102e-02	-3.8791154804e-03	-6.1745411687e-02	4.9811819423e-02	-3.6656075158e-03	4.7979015665e-02	-5.1644623180e-02
317               	3.2140604898e-02	-4.5670852851e-02	7.7811457748e-02	4.4532215950e-02	1.8385860069e-02	2.6146355881e-02	-3.8802479057e-03	-6.1741155300e-02	4.9809545502e-02	-3.6656026842e-03	4.7976744159e-02	-5.1642346844e-02
318               	3.2142077652e-02	-4.5670674897e-02	7.7812752549e-02	4.4532595998e-02	1.8386984529e-02	2.6145611469e-02	-3.8793134699e-03	-6.1741713723e-02	4.9811763770e-02	-3.6656047124e-03	4.7978961414e-02	-5.1644566127e-02
319               	3.2140572394e-02	-4.5667333789e-02	7.7807906183e-02	4.4529743699e-02	1.8384443954e-02	2.6145299745e-02	-3.8804278952e-03	-6.1737619986e-02	4.9809485496e-02	-3.6655996088e-03	4.7976685692e-02	-5.1642285300e-02
320               	3.2142047276e-02	-4.5667220080e-02	7.7809267356e-02	4.4530160298e-02	1.8385596475e-02	2.6144563823e-02	-3.8794836740e-03	-6.1738243718e-02	4.9811707027e-02	-3.6656011384e-03	4.7978906458e-02	-5.1644507596e-02
321               	3.2140544363e-02	-4.5663891352e-02	7.7804435715e-02	4.4527325260e-02	1.8383067155e-02	2.6144258105e-02	-3.8805954747e-03	-6.1734163533e-02	4.9809431205e-02	-3.6655957899e-03	4.7976633310e-02	-5.1642229100e-02
322               	3.2142019284e-02	-4.5663831265e-02	7.7805850549e-02	4.4527778715e-02	1.8384238092e-02	2.6143540624e-02	-3.8796512658e-03	-6.1734840907e-02	4.9811651488e-02	-3.6655976105e-03	4.7978852682e-02	-5.1644450293e-02
323               	3.2140518031e-02	-4.5660638431e-02	7.7801156462e-02	4.4525012303e-02	1.8381749170e-02	2.6143263133e-02	-3.8807569810e-03	-6.1730897447e-02	4.9809378717e-02	-3.6655927326e-03	4.7976582351e-02	-5.1642175084e-02
324               	3.2141997545e-02	-4.5660721291e-02	7.7802718836e-02	4.4525531799e-02	1.8382966860e-02	2.6142564939e-02	-3.8797990398e-03	-6.1731720063e-02	4.9811607929e-02	-3.6655945181e-03	4.7978810670e-02	-5.1644405188e-02
325               	3.2140497997e-02	-4.5657558702e-02	7.7798056699e-02	4.4522789305e-02	1.8380500850e-02	2.6142288455e-02	-3.8808938022e-03	-6.1727807700e-02	4.9809337988e-02	-3.6655892235e-03	4.7976543376e-02	-5.1642132599e-02
326               	3.2141976594e-02	-4.5657552477e-02	7.7799529071e-02	4.4523291338e-02	1.8381704684e-02	2.6141586654e-02	-3.8799409853e-03	-6.1728540774e-02	4.9811566554e-02	-3.6655910050e-03	4.7978771052e-02	-5.1644362057e-02
327               	3.2140477059e-02	-4.5654379064e-02	7.7794856123e-02	4.4520563302e-02	1.8379234994e-02	2.6141328308e-02	-3.8810466567e-03	-6.1724617593e-02	4.9809299109e-02	-3.6655864842e-03	4.7976505867e-02	-5.1642092351e-02
328               	3.2141954859e-02	-4.5654566054e-02	7.7796520913e-02	4.4521159480e-02	1.8380489218e-02	2.6140670263e-02	-3.8800905225e-03	-6.1725543484e-02	4.9811526833e-02	-3.6655889656e-03	4.7978732350e-02	-5.1644321316e-02
329               	3.2140453285e-02	-4.5651618139e-02	7.7792071424e-02	4.4518540469e-02	1.8378088848e-02	2.6140451621e-02	-3.8811813865e-03	-6.1721844781e-02	4.9809253614e-02	-3.6655841903e-03	4.7976461519e-02	-5.1642045709e-02
330               	3.2141931937e-02	-4.5651853692e-02	7.7793785629e-02	4.4519177527e-02	1.8379372152e-02	2.6139805375e-02	-3.8802166117e-03	-6.1722819660e-02	4.9811483321e-02	-3.6655859410e-03	4.7978690350e-02	-5.1644276291e-02
331               	3.2140435499e-02	-4.5648859252e-02	7.7789294751e-02	4.4516562270e-02	1.8376973385e-02	2.6139588885e-02	-3.8813077501e-03	-6.1719077002e-02	4.9809223773e-02	-3.6655809475e-03	4.7976433299e-02	-5.1642014247e-02
332               	3.2141917604e-02	-4.5649146459e-02	7.7791064062e-02	4.4517242411e-02	1.8378277388e-02	2.6138965024e-02	-3.8803438178e-03	-6.1720105261e-02	4.9811463070e-02	-3.6655832613e-03	4.7978671440e-02	-5.1644254701e-02
333               	3.2140419865e-02	-4.5646274953e-02	7.7786694818e-02	4.4514699709e-02	1.8375912844e-02	2.6138786865e-02	-3.8814370102e-03	-6.1716484885e-02	4.9809199933e-02	-3.6655789182e-03	4.7976410474e-02	-5.1641989392e-02
334               	3.2141898568e-02	-4.5646636181e-02	7.7788534749e-02	4.4515433182e-02	1.8377238838e-02	2.6138194344e-02	-3.8804777528e-03	-6.1717585465e-02	4.9811430045e-02	-3.6655812789e-03	4.7978639405e-02	-5.1644220684e-02
335               	3.2140401428e-02	-4.5643791136e-02	7.7784192565e-02	4.4512927717e-02	1.8374892504e-02	2.6138035213e-02	-3.8815713546e-03	-6.1713991851e-02	4.9809167229e-02	-3.6655766574e-03	4.7976378900e-02	-5.1641955558e-02
336               	3.2141882521e-02	-4.5644208304e-02	7.7786090825e-02	4.4513714224e-02	1.8376251236e-02	2.6137462988e-02	-3.8806058764e-03	-6.1715149564e-02	4.9811402954e-02	-3.6655791838e-03	4.7978613362e-02	-5.1644192546e-02
337               	3.2140387591e-02	-4.5641463848e-02	7.7781851439e-02	4.4511278829e-02	1.8373949852e-02	2.6137328976e-02	-3.8816895620e-03	-6.1711657643e-02	4.9809145851e-02	-3.6655751243e-03	4.7976358289e-02	-5.1641933413e-02
338               	3.2141867578e-02	-4.5641938186e-02	7.7783805764e-02	4.4512108092e-02	1.8375331749e-02	2.6136776344e-02	-3.8807222975e-03	-6.1712871975e-02	4.9811377414e-02	-3.6655778673e-03	4.7978588480e-02	-5.1644166347e-02
339               	3.2140370746e-02	-4.5639203743e-02	7.7779574489e-02	4.4509686905e-02	1.8373033825e-02	2.6136653079e-02	-3.8818096270e-03	-6.1709389116e-02	4.9809113115e-02	-3.6655733048e-03	4.7976326463e-02	-5.1641899767e-02
340               	3.2141850945e-02	-4.5639729083e-02	7.7781580028e-02	4.4510544737e-02	1.8374437060e-02	2.6136107677e-02	-3.8808353086e-03	-6.1710654555e-02	4.9811343574e-02	-3.6655754436e-03	4.7978555852e-02	-5.1644131296e-02
341               	3.2140354556e-02	-4.5637074385e-02	7.7777428941e-02	4.4508167859e-02	1.8372175628e-02	2.6135992230e-02	-3.8819083010e-03	-6.1707251663e-02	4.9809080244e-02	-3.6655708514e-03	4.7976294818e-02	-5.1641865670e-02
342               	3.2141832746e-02	-4.5637615528e-02	7.7779448274e-02	4.4509045461e-02	1.8373591399e-02	2.6135454062e-02	-3.8809313318e-03	-6.1708531901e-02	4.9811306533e-02	-3.6655735593e-03	4.7978519753e-02	-5.1644093313e-02
343               	3.2140333334e-02	-4.5634949090e-02	7.7775282424e-02	4.4506673449e-02	1.8371324069e-02	2.6135349380e-02	-3.8820126551e-03	-6.1705115757e-02	4.9809035549e-02	-3.6655695014e-03	4.7976250798e-02	-5.1641820300e-02
344               	3.2141813031e-02	-4.5635572465e-02	7.7777385496e-02	4.4507590521e-02	1.8372763519e-02	2.6134827002e-02	-3.8810317415e-03	-6.1706478981e-02	4.9811263833e-02	-3.6655721287e-03	4.7978477768e-02	-5.1644049897e-02
345               	3.2140316628e-02	-4.5633046891e-02	7.7773363519e-02	4.4505281038e-02	1.8370541746e-02	2.6134739291e-02	-3.8820987727e-03	-6.1703205205e-02	4.9808999384e-02	-3.6655674179e-03	4.7976215675e-02	-5.1641783093e-02
346               	3.2141799854e-02	-4.5633739418e-02	7.7775539271e-02	4.4506237885e-02	1.8372007734e-02	2.6134230151e-02	-3.8811112085e-03	-6.1704639345e-02	4.9811237378e-02	-3.6655696371e-03	4.7978452559e-02	-5.1644022196e-02
347               	3.2140304886e-02	-4.5631180750e-02	7.7771485637e-02	4.4503936577e-02	1.8369785078e-02	2.6134151499e-02	-3.8821832106e-03	-6.1701333193e-02	4.9808978217e-02	-3.6655654700e-03	4.7976195482e-02	-5.1641760952e-02
348               	3.2141785268e-02	-4.5631807471e-02	7.7773592739e-02	4.4504890115e-02	1.8371236514e-02	2.6133653600e-02	-3.8812085428e-03	-6.1702700105e-02	4.9811209926e-02	-3.6655686113e-03	4.7978425620e-02	-5.1643994231e-02
349               	3.2140285629e-02	-4.5629271267e-02	7.7769556896e-02	4.4502616406e-02	1.8369014328e-02	2.6133602078e-02	-3.8822938751e-03	-6.1699414082e-02	4.9808938652e-02	-3.6655647527e-03	4.7976156275e-02	-5.1641721028e-02
350               	3.2141767584e-02	-4.5630092076e-02	7.7771859661e-02	4.4503667278e-02	1.8370518557e-02	2.6133148721e-02	-3.8813150820e-03	-6.1700975868e-02	4.9811174064e-02	-3.6655672252e-03	4.7978390452e-02	-5.1643957677e-02
351               	3.2140272154e-02	-4.5627754609e-02	7.7768026762e-02	4.4501496653e-02	1.8368361796e-02	2.6133134856e-02	-3.8823865301e-03	-6.1697890685e-02	4.9808914125e-02	-3.6655625178e-03	4.7976132866e-02	-5.1641695384e-02
352               	3.2141756464e-02	-4.5628598296e-02	7.7770354760e-02	4.4502579354e-02	1.8369887861e-02	2.6132691493e-02	-3.8814018160e-03	-6.1699476528e-02	4.9811156297e-02	-3.6655649341e-03	4.7978373830e-02	-5.1643938764e-02
353               	3.2140263629e-02	-4.5626219124e-02	7.7766482752e-02	4.4500408225e-02	1.8367737616e-02	2.6132670609e-02	-3.8824664963e-03	-6.1696350938e-02	4.9808903102e-02	-3.6655607406e-03	4.7976122732e-02	-5.1641683472e-02
354               	3.2141748481e-02	-4.5627043901e-02	7.7768792382e-02	4.4501492114e-02	1.8369267835e-02	2.6132224279e-02	-3.8814782222e-03	-6.1697918141e-02	4.9811146382e-02	-3.6655636481e-03	4.7978364558e-02	-5.1643928206e-02
355               	3.2140255942e-02	-4.5624687402e-02	7.7764943344e-02	4.4499338359e-02	1.8367126328e-02	2.6132212031e-02	-3.8825428516e-03	-6.1694815373e-02	4.9808893202e-02	-3.6655596714e-03	4.7976113366e-02	-5.1641673038e-02
356               	3.2141740841e-02	-4.5625587552e-02	7.7767328393e-02	4.4500460791e-02	1.8368682261e-02	2.6131778529e-02	-3.8815481338e-03	-6.1696457972e-02	4.9811136098e-02	-3.6655625991e-03	4.7978354798e-02	-5.1643917397e-02
357               	3.2140248174e-02	-4.5623280298e-02	7.7763528473e-02	4.4498328252e-02	1.8366560006e-02	2.6131768246e-02	-3.8826041197e-03	-6.1693404386e-02	4.9808882300e-02	-3.6655584363e-03	4.7976103082e-02	-5.1641661518e-02
358               	3.2141731494e-02	-4.5624169873e-02	7.7765901366e-02	4.4499438734e-02	1.8368114231e-02	2.6131324504e-02	-3.8816051365e-03	-6.1695035620e-02	4.9811121469e-02	-3.6655610341e-03	4.7978340952e-02	-5.1643901986e-02
359               	3.2140238019e-02	-4.5621859265e-02	7.7762097284e-02	4.4497296990e-02	1.8365990342e-02	2.6131306648e-02	-3.8826581531e-03	-6.1691978275e-02	4.9808865547e-02	-3.6655566837e-03	4.7976087206e-02	-5.1641643889e-02
360               	3.2141719755e-02	-4.5622766402e-02	7.7764486158e-02	4.4498416710e-02	1.8367548100e-02	2.6130868610e-02	-3.8816602548e-03	-6.1693626280e-02	4.9811100564e-02	-3.6655593664e-03	4.7978320880e-02	-5.1643880247e-02
