# Force and moment coefficients
# dragDir         : (1.0000000000e+00 0.0000000000e+00 0.0000000000e+00)
# sideDir         : (0.0000000000e+00 0.0000000000e+00 -1.0000000000e+00)
# liftDir         : (0.0000000000e+00 1.0000000000e+00 0.0000000000e+00)
# rollAxis        : (1.0000000000e+00 0.0000000000e+00 0.0000000000e+00)
# pitchAxis       : (0.0000000000e+00 0.0000000000e+00 -1.0000000000e+00)
# yawAxis         : (0.0000000000e+00 1.0000000000e+00 0.0000000000e+00)
# magUInf         : 7.5000000000e+00
# lRef            : 1.0000000000e-01
# Aref            : 3.0000000000e-02
# CofR            : (0.0000000000e+00 0.0000000000e+00 0.0000000000e+00)
#
# Time            	Cd                	Cd(f)             	Cd(r)             	Cl                	Cl(f)             	Cl(r)             	CmPitch           	CmRoll            	CmYaw             	Cs                	Cs(f)             	Cs(r)             
1                 	5.2342144013e-01	1.8278974952e-01	3.4063169061e-01	5.7125613756e-02	-1.2475983741e-01	1.8188545117e-01	-1.5332264429e-01	-7.8920970548e-02	7.7520037212e-01	1.0212285859e-03	7.7571098641e-01	-7.7468975782e-01
2                 	1.2660900621e-01	-2.1098796777e-01	3.3759697397e-01	1.9164733186e-01	6.8908349230e-02	1.2273898263e-01	-2.6915316699e-02	-2.7429247087e-01	1.8961086309e-01	-9.1349793188e-03	1.8504337343e-01	-1.9417835275e-01
3                 	-1.0417703002e-01	-3.0372674805e-01	1.9954971803e-01	1.7708828575e-01	1.3480341384e-01	4.2284871915e-02	4.6259270961e-02	-2.5163823304e-01	-1.5137449148e-01	-7.5346717718e-03	-1.5514182736e-01	1.4760715559e-01
4                 	-3.6261233667e-02	-8.9635759198e-02	5.3374525530e-02	5.4298106714e-02	2.3701014437e-02	3.0597092276e-02	-3.4480389195e-03	-7.1505142364e-02	-5.1285606528e-02	-2.5195521103e-04	-5.1411584133e-02	5.1159628922e-02
5                 	7.3257666755e-02	-8.1018556709e-02	1.5427622346e-01	8.5122388785e-02	2.9865544557e-03	8.2135834329e-02	-3.9574639937e-02	-1.1764739009e-01	1.1027330978e-01	-8.5624358709e-04	1.0984518799e-01	-1.1070143158e-01
6                 	8.2596856620e-02	-1.9768106112e-01	2.8027791774e-01	1.6922348642e-01	6.0884221362e-02	1.0833926506e-01	-2.3727521847e-02	-2.3897948943e-01	1.2360513880e-01	-5.0960114955e-03	1.2105713305e-01	-1.2615314455e-01
7                 	3.9162491174e-02	-2.0122819267e-01	2.4039068385e-01	1.5884120165e-01	7.4962355644e-02	8.3878846008e-02	-4.4582451819e-03	-2.2080943826e-01	5.9281829489e-02	-5.1082056220e-03	5.6727726678e-02	-6.1835932300e-02
8                 	2.1524979958e-02	-1.6600912291e-01	1.8753410287e-01	1.2933986821e-01	5.7015371137e-02	7.2324497076e-02	-7.6545629695e-03	-1.7677161289e-01	3.3465528176e-02	-3.1056490709e-03	3.1912703641e-02	-3.5018352712e-02
9                 	3.1958087131e-02	-1.8703829473e-01	2.1899638186e-01	1.4704853344e-01	5.8848405231e-02	8.8200128211e-02	-1.4675861490e-02	-2.0301733829e-01	4.9330845982e-02	-3.1522593135e-03	4.7754716325e-02	-5.0906975638e-02
10                	3.5816219866e-02	-2.1550617761e-01	2.5132239747e-01	1.6842018400e-01	7.4271057013e-02	9.4149126983e-02	-9.9390349850e-03	-2.3341428754e-01	5.5237852046e-02	-4.2320622315e-03	5.3121820930e-02	-5.7353883162e-02
11                	3.0976233510e-02	-1.9878789373e-01	2.2976412724e-01	1.5591629624e-01	7.3802996168e-02	8.2113300074e-02	-4.1551519529e-03	-2.1427601048e-01	4.7854745744e-02	-4.1884726240e-03	4.5760509432e-02	-4.9948982056e-02
12                	3.0556354827e-02	-1.9029374798e-01	2.2085010281e-01	1.5006814218e-01	6.8814172608e-02	8.1253969572e-02	-6.2198984819e-03	-2.0557192540e-01	4.7025702756e-02	-3.5348584887e-03	4.5258273511e-02	-4.8793132000e-02
13                	3.3725438056e-02	-2.0624618329e-01	2.3997162134e-01	1.6227016206e-01	7.0483658486e-02	9.1786503578e-02	-1.0651422546e-02	-2.2310890232e-01	5.1634501334e-02	-3.4701626545e-03	4.9899420007e-02	-5.3369582661e-02
14                	3.0932666864e-02	-2.2238231519e-01	2.5331498205e-01	1.7287900443e-01	7.7883853189e-02	9.4995151238e-02	-8.5556490246e-03	-2.3784864862e-01	4.7729115572e-02	-3.7819606137e-03	4.5838135265e-02	-4.9620095879e-02
15                	2.7930018479e-02	-2.1420228650e-01	2.4213230498e-01	1.6667870694e-01	7.8611668285e-02	8.8067038655e-02	-4.7276851851e-03	-2.2816729574e-01	4.3461611322e-02	-3.8569238187e-03	4.1533149413e-02	-4.5390073232e-02
16                	2.9462995784e-02	-2.0961681132e-01	2.3907980710e-01	1.6387770435e-01	7.7307854137e-02	8.6569850216e-02	-4.6309980398e-03	-2.2434830921e-01	4.5710563041e-02	-3.7443990541e-03	4.3838363514e-02	-4.7582762568e-02
17                	3.2265019188e-02	-2.1879060496e-01	2.5105562415e-01	1.7113971462e-01	7.7363062082e-02	9.3776652542e-02	-8.2067952304e-03	-2.3492311455e-01	4.9682041436e-02	-3.7385101613e-03	4.7812786355e-02	-5.1551296516e-02
18                	3.0139020763e-02	-2.3272412519e-01	2.6286314595e-01	1.8070428850e-01	8.1420740611e-02	9.9283547892e-02	-8.9314036404e-03	-2.4779363557e-01	4.6494714814e-02	-3.7810476382e-03	4.4604190995e-02	-4.8385238633e-02
19                	2.7263079951e-02	-2.3410519532e-01	2.6136827527e-01	1.8149096965e-01	8.3537349100e-02	9.7953620551e-02	-7.2081357257e-03	-2.4773673530e-01	4.2306994728e-02	-3.7212306109e-03	4.0446379423e-02	-4.4167610034e-02
20                	2.7772198166e-02	-2.3078725088e-01	2.5855944905e-01	1.7944610809e-01	8.4517927720e-02	9.4928180369e-02	-5.2051263242e-03	-2.4467334997e-01	4.3227540398e-02	-3.6536980694e-03	4.1400691364e-02	-4.5054389433e-02
21                	3.1287982661e-02	-2.2890413623e-01	2.6019211889e-01	1.7911746446e-01	8.3452459691e-02	9.5665004771e-02	-6.1062725400e-03	-2.4454812756e-01	4.8412662680e-02	-3.6939786340e-03	4.6565673363e-02	-5.0259651997e-02
22                	3.1649903673e-02	-2.3742891320e-01	2.6907881687e-01	1.8523872184e-01	8.5061527323e-02	1.0017719451e-01	-7.5578335949e-03	-2.5325386504e-01	4.8812249373e-02	-3.7846430132e-03	4.6919927867e-02	-5.0704570880e-02
23                	2.9287430926e-02	-2.4569561008e-01	2.7498304100e-01	1.9103978952e-01	8.7130398172e-02	1.0390939135e-01	-8.3894965889e-03	-2.6033932554e-01	4.5207701758e-02	-3.8054602499e-03	4.3304971633e-02	-4.7110431883e-02
24                	2.7084715141e-02	-2.5051775879e-01	2.7760247393e-01	1.9430857357e-01	8.9737109251e-02	1.0457146432e-01	-7.4171775359e-03	-2.6406011636e-01	4.2048063538e-02	-3.7468702361e-03	4.0174628420e-02	-4.3921498656e-02
25                	2.8430944115e-02	-2.5036943512e-01	2.7880037923e-01	1.9498583014e-01	9.0515807912e-02	1.0447002223e-01	-6.9771071571e-03	-2.6458490718e-01	4.4125267537e-02	-3.7002601426e-03	4.2275137466e-02	-4.5975397609e-02
26                	3.0279421521e-02	-2.5129662286e-01	2.8157604438e-01	1.9620246955e-01	9.1746547935e-02	1.0445592161e-01	-6.3546868387e-03	-2.6643633362e-01	4.6888702523e-02	-3.7170158021e-03	4.5030194622e-02	-4.8747210424e-02
27                	3.1113221613e-02	-2.5240112092e-01	2.8351434253e-01	1.9751068625e-01	9.2032726922e-02	1.0547795933e-01	-6.7226162026e-03	-2.6795773172e-01	4.8012086825e-02	-3.7581352399e-03	4.6133019205e-02	-4.9891154445e-02
28                	2.9679568279e-02	-2.5562170998e-01	2.8530127826e-01	1.9967438460e-01	9.3442831473e-02	1.0623155313e-01	-6.3943608281e-03	-2.7046149412e-01	4.5832282429e-02	-3.7842520544e-03	4.3940156402e-02	-4.7724408457e-02
29                	2.8941062425e-02	-2.5791220600e-01	2.8685326843e-01	2.0161299370e-01	9.4173484489e-02	1.0743950922e-01	-6.6330123631e-03	-2.7238273721e-01	4.4700855451e-02	-3.7813064941e-03	4.2810202203e-02	-4.6591508698e-02
30                	2.8804479919e-02	-2.6131588619e-01	2.9012036611e-01	2.0423620237e-01	9.5844382924e-02	1.0839181945e-01	-6.2737182626e-03	-2.7571812615e-01	4.4600342248e-02	-3.7638076309e-03	4.2718438433e-02	-4.6482246064e-02
31                	2.9842689296e-02	-2.6145215785e-01	2.9129484715e-01	2.0491114685e-01	9.6164597755e-02	1.0874654909e-01	-6.2909756700e-03	-2.7637350250e-01	4.6156126929e-02	-3.7540816415e-03	4.4279086108e-02	-4.8033167750e-02
32                	3.0029660278e-02	-2.6294907336e-01	2.9297873364e-01	2.0624146752e-01	9.7352775842e-02	1.0888869168e-01	-5.7679579175e-03	-2.7796390350e-01	4.6435657327e-02	-3.7532216565e-03	4.4559046499e-02	-4.8312268155e-02
33                	3.0106882979e-02	-2.6300359696e-01	2.9311047994e-01	2.0660463841e-01	9.7564548047e-02	1.0904009037e-01	-5.7377711593e-03	-2.7805703845e-01	4.6452044618e-02	-3.7651740369e-03	4.4569457599e-02	-4.8334631636e-02
34                	2.9468863429e-02	-2.6447641859e-01	2.9394528201e-01	2.0758550292e-01	9.8563016683e-02	1.0902248623e-01	-5.2297347752e-03	-2.7921085030e-01	4.5544060784e-02	-3.7834619802e-03	4.3652329794e-02	-4.7435791774e-02
35                	2.9648583405e-02	-2.6347300050e-01	2.9312158390e-01	2.0722764654e-01	9.8460793538e-02	1.0876685300e-01	-5.1530297307e-03	-2.7829729220e-01	4.5810500184e-02	-3.7934709770e-03	4.3913764696e-02	-4.7707235673e-02
36                	2.9567082490e-02	-2.6403075276e-01	2.9359783525e-01	2.0777632083e-01	9.9242960899e-02	1.0853335993e-01	-4.6451995135e-03	-2.7881429400e-01	4.5722677995e-02	-3.7854508114e-03	4.3829952589e-02	-4.7615403400e-02
37                	2.9887260274e-02	-2.6294018833e-01	2.9282744861e-01	2.0736563513e-01	9.9078402699e-02	1.0828723243e-01	-4.6044148641e-03	-2.7788381847e-01	4.6136695014e-02	-3.7748710803e-03	4.4249259474e-02	-4.8024130554e-02
38                	2.9628139289e-02	-2.6374517249e-01	2.9337331178e-01	2.0795781972e-01	9.9745008046e-02	1.0821281167e-01	-4.2339018123e-03	-2.7855924214e-01	4.5786703355e-02	-3.7745149918e-03	4.3899445859e-02	-4.7673960850e-02
39                	2.9846921152e-02	-2.6214220024e-01	2.9198912139e-01	2.0712856451e-01	9.9351395356e-02	1.0777716916e-01	-4.2128869007e-03	-2.7706566081e-01	4.6063846396e-02	-3.7872353373e-03	4.4170228727e-02	-4.7957464064e-02
40                	2.9587570664e-02	-2.6245988698e-01	2.9204745765e-01	2.0737034162e-01	9.9930372153e-02	1.0743996946e-01	-3.7547986551e-03	-2.7725367231e-01	4.5716214206e-02	-3.7961644181e-03	4.3818131997e-02	-4.7614296415e-02
41                	2.9786130111e-02	-2.6061766872e-01	2.9040379883e-01	2.0629918872e-01	9.9432875263e-02	1.0686631346e-01	-3.7167190976e-03	-2.7551073378e-01	4.5970723528e-02	-3.7970653258e-03	4.4072190865e-02	-4.7869256191e-02
42                	2.9499480394e-02	-2.6079279854e-01	2.9029227893e-01	2.0631353310e-01	9.9825898256e-02	1.0648763485e-01	-3.3308682959e-03	-2.7554253873e-01	4.5599782096e-02	-3.7906416449e-03	4.3704461274e-02	-4.7495102919e-02
43                	2.9732944217e-02	-2.5873024988e-01	2.8846319410e-01	2.0506529348e-01	9.9237486348e-02	1.0582780713e-01	-3.2951603903e-03	-2.7359672199e-01	4.5912506867e-02	-3.7892341677e-03	4.4017889783e-02	-4.7807123951e-02
44                	2.9470551047e-02	-2.5851039472e-01	2.8798094577e-01	2.0484996116e-01	9.9578272306e-02	1.0527168886e-01	-2.8467082758e-03	-2.7324567025e-01	4.5549400081e-02	-3.7900644007e-03	4.3654367881e-02	-4.7444432281e-02
45                	2.9629788885e-02	-2.5592590978e-01	2.8555569866e-01	2.0317383421e-01	9.8783100673e-02	1.0439073354e-01	-2.8038164336e-03	-2.7074080422e-01	4.5737712254e-02	-3.7958268584e-03	4.3839798825e-02	-4.7635625683e-02
46                	2.9282052379e-02	-2.5545285631e-01	2.8473490869e-01	2.0267998519e-01	9.8975599408e-02	1.0370438578e-01	-2.3643931855e-03	-2.7009388250e-01	4.5274515925e-02	-3.7970757720e-03	4.3375978039e-02	-4.7173053812e-02
47                	2.9528011612e-02	-2.5278121463e-01	2.8230922624e-01	2.0085742456e-01	9.8134409774e-02	1.0272301479e-01	-2.2943025054e-03	-2.6754522043e-01	4.5628118840e-02	-3.7965603711e-03	4.3729838655e-02	-4.7526399026e-02
48                	2.9243323525e-02	-2.5181847575e-01	2.8106179927e-01	1.9998935690e-01	9.8143207760e-02	1.0184614914e-01	-1.8514706889e-03	-2.6644013751e-01	4.5259031717e-02	-3.7924109309e-03	4.3362826252e-02	-4.7155237183e-02
49                	2.9354826338e-02	-2.4869369143e-01	2.7804851777e-01	1.9779818868e-01	9.7120664290e-02	1.0067752439e-01	-1.7784300503e-03	-2.6337110460e-01	4.5396519583e-02	-3.7911430912e-03	4.3500948038e-02	-4.7292091129e-02
50                	2.8982019308e-02	-2.4771568335e-01	2.7669770266e-01	1.9678566886e-01	9.7048705292e-02	9.9736963564e-02	-1.3441291360e-03	-2.6220669301e-01	4.4878180985e-02	-3.7940808491e-03	4.2981140561e-02	-4.6775221410e-02
51                	2.9214835513e-02	-2.4438636460e-01	2.7360120011e-01	1.9440027738e-01	9.5877138273e-02	9.8523139106e-02	-1.3230004163e-03	-2.5899378235e-01	4.5223905375e-02	-3.7952129374e-03	4.3326298906e-02	-4.7121511843e-02
52                	2.8914010417e-02	-2.4306378826e-01	2.7197779868e-01	1.9321647584e-01	9.5702444062e-02	9.7514031782e-02	-9.0579385984e-04	-2.5752079347e-01	4.4825148858e-02	-3.7907729951e-03	4.2929762361e-02	-4.6720535356e-02
53                	2.9062981314e-02	-2.3966936339e-01	2.6873234470e-01	1.9072877515e-01	9.4485718401e-02	9.6243056751e-02	-8.7866917479e-04	-2.5420085405e-01	4.5017219777e-02	-3.7865398527e-03	4.3123949851e-02	-4.6910489704e-02
54                	2.8703504439e-02	-2.3841240546e-01	2.6711590990e-01	1.8945757755e-01	9.4167706664e-02	9.5289870883e-02	-5.6108210944e-04	-2.5276415768e-01	4.4527182153e-02	-3.7879156225e-03	4.2633224342e-02	-4.6421139964e-02
55                	2.8908246595e-02	-2.3501634910e-01	2.6392459570e-01	1.8699942593e-01	9.2868987929e-02	9.4130438000e-02	-6.3072503568e-04	-2.4947047240e-01	4.4831303601e-02	-3.7890793344e-03	4.2936763933e-02	-4.6725843268e-02
56                	2.8656112675e-02	-2.3382141301e-01	2.6247752569e-01	1.8586004326e-01	9.2600871114e-02	9.3259172147e-02	-3.2915051629e-04	-2.4814946935e-01	4.4498775241e-02	-3.7865837796e-03	4.2605483351e-02	-4.6392067131e-02
57                	2.8819480199e-02	-2.3053141715e-01	2.5935089735e-01	1.8342478689e-01	9.1297380582e-02	9.2127406311e-02	-4.1501286437e-04	-2.4494115725e-01	4.4709110596e-02	-3.7809896430e-03	4.2818615775e-02	-4.6599605418e-02
58                	2.8472071851e-02	-2.2953406786e-01	2.5800613971e-01	1.8235765512e-01	9.1015871576e-02	9.1341783543e-02	-1.6295598339e-04	-2.4377010378e-01	4.4236080196e-02	-3.7828307150e-03	4.2344664839e-02	-4.6127495554e-02
59                	2.8705569711e-02	-2.2639068579e-01	2.5509625550e-01	1.8004153616e-01	8.9711474407e-02	9.0330061753e-02	-3.0929367302e-04	-2.4074347064e-01	4.4566773502e-02	-3.7805986316e-03	4.2676474186e-02	-4.6457072818e-02
60                	2.8473294695e-02	-2.2545383278e-01	2.5392712747e-01	1.7906046818e-01	8.9432791956e-02	8.9627676221e-02	-9.7442132513e-05	-2.3969048012e-01	4.4278634590e-02	-3.7781581521e-03	4.2389555514e-02	-4.6167713666e-02
61                	2.8637912561e-02	-2.2248248294e-01	2.5112039550e-01	1.7687456550e-01	8.8199957949e-02	8.8674607547e-02	-2.3732479922e-04	-2.3680143922e-01	4.4493250049e-02	-3.7734136800e-03	4.2606543209e-02	-4.6379956889e-02
62                	2.8316428691e-02	-2.2185815628e-01	2.5017458497e-01	1.7607684565e-01	8.7995058173e-02	8.8081787476e-02	-4.3364651343e-05	-2.3601637062e-01	4.4044120078e-02	-3.7749999113e-03	4.2156620123e-02	-4.5931620034e-02
63                	2.8553046116e-02	-2.1909384771e-01	2.4764689382e-01	1.7403700846e-01	8.6774480905e-02	8.7262527559e-02	-2.4402332718e-04	-2.3337037076e-01	4.4373784128e-02	-3.7753829420e-03	4.2486092657e-02	-4.6261475599e-02
64                	2.8330339790e-02	-2.1847883155e-01	2.4680917134e-01	1.7335272443e-01	8.6598007611e-02	8.6754716816e-02	-7.8354602703e-05	-2.3264400145e-01	4.4099840477e-02	-3.7716349386e-03	4.2214023008e-02	-4.5985657947e-02
65                	2.8517090356e-02	-2.1584261747e-01	2.4435970782e-01	1.7142148135e-01	8.5465926175e-02	8.5955555171e-02	-2.4481449806e-04	-2.3010116264e-01	4.4333972103e-02	-3.7696383520e-03	4.2449152927e-02	-4.6218791279e-02
66                	2.8211863627e-02	-2.1547612094e-01	2.4368798457e-01	1.7085020007e-01	8.5359456493e-02	8.5490743576e-02	-6.5643541695e-05	-2.2958205276e-01	4.3903774620e-02	-3.7674067955e-03	4.2020071222e-02	-4.5787478018e-02
67                	2.8443562300e-02	-2.1283377180e-01	2.4127733410e-01	1.6898027528e-01	8.4200039989e-02	8.4780235289e-02	-2.9009764997e-04	-2.2705555295e-01	4.4239378284e-02	-3.7698311819e-03	4.2354462693e-02	-4.6124293874e-02
68                	2.8213193808e-02	-2.1260188021e-01	2.4081507401e-01	1.6857597354e-01	8.4159396747e-02	8.4416576796e-02	-1.2859002448e-04	-2.2670847711e-01	4.3922317348e-02	-3.7655712809e-03	4.2039531707e-02	-4.5805102988e-02
69                	2.8440178539e-02	-2.1017966456e-01	2.3861984310e-01	1.6685599827e-01	8.3076767651e-02	8.3779230617e-02	-3.5123148290e-04	-2.2439975383e-01	4.4233349048e-02	-3.7637097346e-03	4.2351494180e-02	-4.6115203915e-02
70                	2.8133589584e-02	-2.1021233877e-01	2.3834592835e-01	1.6661252398e-01	8.3125102165e-02	8.3487421811e-02	-1.8115982316e-04	-2.2427913356e-01	4.3805503431e-02	-3.7610630066e-03	4.1924971928e-02	-4.5686034934e-02
71                	2.8389719476e-02	-2.0789829759e-01	2.3628801707e-01	1.6499515720e-01	8.2076869438e-02	8.2918287758e-02	-4.2070916018e-04	-2.2209315733e-01	4.4169315141e-02	-3.7644772110e-03	4.2287076536e-02	-4.6051553747e-02
72                	2.8164038342e-02	-2.0793380623e-01	2.3609784458e-01	1.6478537915e-01	8.2103168847e-02	8.2682210307e-02	-2.8952072990e-04	-2.2201582541e-01	4.3853999839e-02	-3.7611926550e-03	4.1973403511e-02	-4.5734596166e-02
73                	2.8381066024e-02	-2.0575116215e-01	2.3413222817e-01	1.6328920910e-01	8.1129911654e-02	8.2159297447e-02	-5.1469289628e-04	-2.1994169516e-01	4.4162477084e-02	-3.7583017810e-03	4.2283326194e-02	-4.6041627975e-02
74                	2.8105230277e-02	-2.0611299676e-01	2.3421822703e-01	1.6328679074e-01	8.1290729431e-02	8.1996061309e-02	-3.5266593937e-04	-2.2016561190e-01	4.3767699009e-02	-3.7570508103e-03	4.1889173604e-02	-4.5646224415e-02
75                	2.8360694573e-02	-2.0397622251e-01	2.3233691709e-01	1.6181541528e-01	8.0282527635e-02	8.1532887647e-02	-6.2518000572e-04	-2.1815656980e-01	4.4122895226e-02	-3.7592257486e-03	4.2243282351e-02	-4.6002508100e-02
76                	2.8110459615e-02	-2.0435459585e-01	2.3246505547e-01	1.6191008607e-01	8.0489726451e-02	8.1420359624e-02	-4.6531658653e-04	-2.1840982566e-01	4.3770788331e-02	-3.7554145778e-03	4.1893081042e-02	-4.5648495619e-02
77                	2.8366055586e-02	-2.0239631385e-01	2.3076236943e-01	1.6060742815e-01	7.9609344489e-02	8.0998083656e-02	-6.9436958365e-04	-2.1657934164e-01	4.4122393770e-02	-3.7537991118e-03	4.2245494214e-02	-4.5999293326e-02
78                	2.8094710765e-02	-2.0279440232e-01	2.3088911309e-01	1.6068240468e-01	7.9777395321e-02	8.0905009356e-02	-5.6380701777e-04	-2.1684175770e-01	4.3751882213e-02	-3.7521256433e-03	4.1875819391e-02	-4.5627945034e-02
79                	2.8327191922e-02	-2.0089728687e-01	2.2922447880e-01	1.5943546178e-01	7.8906402716e-02	8.0529059067e-02	-8.1132817554e-04	-2.1506088283e-01	4.4068391844e-02	-3.7536295855e-03	4.2191577051e-02	-4.5945206637e-02
80                	2.8103619555e-02	-2.0152866553e-01	2.2963228509e-01	1.5971078545e-01	7.9198803654e-02	8.0511981796e-02	-6.5658907104e-04	-2.1558047531e-01	4.3744625497e-02	-3.7500915506e-03	4.1869579722e-02	-4.5619671272e-02
81                	2.8345414828e-02	-1.9962443916e-01	2.2796985399e-01	1.5846307426e-01	7.8319908458e-02	8.0143165804e-02	-9.1162867311e-04	-2.1379714658e-01	4.4067926878e-02	-3.7491998296e-03	4.2193326964e-02	-4.5942526793e-02
82                	2.8062404881e-02	-2.0034582330e-01	2.2840822818e-01	1.5879104410e-01	7.8664360602e-02	8.0126683494e-02	-7.3116144596e-04	-2.1437702574e-01	4.3683673520e-02	-3.7494790711e-03	4.1808933984e-02	-4.5558413055e-02
83                	2.8344680415e-02	-1.9850337796e-01	2.2684805837e-01	1.5759927345e-01	7.7813058385e-02	7.9786215069e-02	-9.8657834195e-04	-2.1267571817e-01	4.4075213733e-02	-3.7516971962e-03	4.2199365135e-02	-4.5951062332e-02
84                	2.8092201557e-02	-1.9922326601e-01	2.2731546757e-01	1.5794414990e-01	7.8171548469e-02	7.9772601434e-02	-8.0052648262e-04	-2.1326936679e-01	4.3723190541e-02	-3.7487030336e-03	4.1848839024e-02	-4.5597542058e-02
85                	2.8328291201e-02	-1.9731223378e-01	2.2564052498e-01	1.5675748246e-01	7.7345617140e-02	7.9411865321e-02	-1.0331240905e-03	-2.1147637938e-01	4.4038590763e-02	-3.7485514069e-03	4.2164315059e-02	-4.5912866466e-02
86                	2.8057120101e-02	-1.9816012256e-01	2.2621724267e-01	1.5714449790e-01	7.7715033257e-02	7.9429464642e-02	-8.5721569226e-04	-2.1218868262e-01	4.3658268171e-02	-3.7471468009e-03	4.1784694770e-02	-4.5531841571e-02
87                	2.8311940494e-02	-1.9640971965e-01	2.2472166014e-01	1.5601811866e-01	7.6898892529e-02	7.9119226128e-02	-1.1101667993e-03	-2.1056568990e-01	4.4004006951e-02	-3.7503108365e-03	4.2128851532e-02	-4.5879162369e-02
88                	2.8080209642e-02	-1.9721117857e-01	2.2529138822e-01	1.5647119698e-01	7.7323634851e-02	7.9147562129e-02	-9.1196363898e-04	-2.1125128339e-01	4.3688130660e-02	-3.7469865727e-03	4.1814637374e-02	-4.5561623947e-02
89                	2.8338532029e-02	-1.9544626922e-01	2.2378480125e-01	1.5535424438e-01	7.6535636394e-02	7.8818607982e-02	-1.1414857938e-03	-2.0961553523e-01	4.4037874741e-02	-3.7473795936e-03	4.2164184944e-02	-4.5911564538e-02
90                	2.8049484478e-02	-1.9633070240e-01	2.2438018688e-01	1.5576842163e-01	7.6928196546e-02	7.8840225080e-02	-9.5601426717e-04	-2.1035544464e-01	4.3643456468e-02	-3.7453382695e-03	4.1770787333e-02	-4.5516125602e-02
91                	2.8307747029e-02	-1.9454972653e-01	2.2285747356e-01	1.5469191739e-01	7.6156303891e-02	7.8535613494e-02	-1.1896548017e-03	-2.0870360005e-01	4.4004465292e-02	-3.7480379654e-03	4.2130446310e-02	-4.5878484275e-02
92                	2.8072715895e-02	-1.9545140400e-01	2.2352411989e-01	1.5515685630e-01	7.6580696976e-02	7.8576159322e-02	-9.9773117293e-04	-2.0948776194e-01	4.3647478077e-02	-3.7444311526e-03	4.1775262501e-02	-4.5519693653e-02
93                	2.8311051695e-02	-1.9377445703e-01	2.2208550872e-01	1.5410187510e-01	7.5820868755e-02	7.8281006342e-02	-1.2300687934e-03	-2.0792998287e-01	4.3986797734e-02	-3.7456430398e-03	4.2113976214e-02	-4.5859619253e-02
94                	2.8028755110e-02	-1.9481061509e-01	2.2283937020e-01	1.5466505685e-01	7.6323331271e-02	7.8341725581e-02	-1.0091971550e-03	-2.0882499264e-01	4.3607909806e-02	-3.7445682528e-03	4.1735625680e-02	-4.5480193933e-02
95                	2.8312090503e-02	-1.9294221254e-01	2.2125430304e-01	1.5350817319e-01	7.5485691892e-02	7.8022481300e-02	-1.2683947044e-03	-2.0709825779e-01	4.3993981532e-02	-3.7459274370e-03	4.2121017813e-02	-4.5866945250e-02
96                	2.8063511581e-02	-1.9393103015e-01	2.2199454173e-01	1.5402641301e-01	7.5954584420e-02	7.8071828587e-02	-1.0586220835e-03	-2.0796278594e-01	4.3637881970e-02	-3.7447152409e-03	4.1765524349e-02	-4.5510239590e-02
97                	2.8303711705e-02	-1.9228477031e-01	2.2058848202e-01	1.5303777198e-01	7.5253159692e-02	7.7784612290e-02	-1.2657262994e-03	-2.0643662617e-01	4.3975437879e-02	-3.7440538592e-03	4.2103410949e-02	-4.5847464808e-02
98                	2.8036225763e-02	-1.9334127975e-01	2.2137750551e-01	1.5358758560e-01	7.5732708484e-02	7.7854877117e-02	-1.0610843169e-03	-2.0735939263e-01	4.3603443298e-02	-3.7434654521e-03	4.1731710572e-02	-4.5475176024e-02
99                	2.8293206073e-02	-1.9161729158e-01	2.1991049765e-01	1.5249967036e-01	7.4915402848e-02	7.7584267515e-02	-1.3344323337e-03	-2.0576389462e-01	4.3953544810e-02	-3.7458983285e-03	4.2080595646e-02	-4.5826493974e-02
100               	2.8038097381e-02	-1.9282840039e-01	2.2086649777e-01	1.5320026652e-01	7.5507168269e-02	7.7693098255e-02	-1.0929649929e-03	-2.0684744908e-01	4.3595374826e-02	-3.7437925859e-03	4.1723478533e-02	-4.5467271119e-02
101               	2.8299172195e-02	-1.9114677074e-01	2.1944594293e-01	1.5217554413e-01	7.4767513863e-02	7.7408030269e-02	-1.3202582028e-03	-2.0529635683e-01	4.3954505604e-02	-3.7435454121e-03	4.2082732898e-02	-4.5826278310e-02
102               	2.8040264686e-02	-1.9220573663e-01	2.2024600132e-01	1.5271776736e-01	7.5223265980e-02	7.7494501377e-02	-1.1356176987e-03	-2.0622586897e-01	4.3610491741e-02	-3.7418115013e-03	4.1739585990e-02	-4.5481397491e-02
103               	2.8286033277e-02	-1.9063182283e-01	2.1891785610e-01	1.5178315685e-01	7.4520470503e-02	7.7262686351e-02	-1.3711079238e-03	-2.0477483946e-01	4.3948681221e-02	-3.7438377190e-03	4.2076762362e-02	-4.5820600081e-02
104               	2.8041893746e-02	-1.9186617714e-01	2.1990807089e-01	1.5246308472e-01	7.5080462042e-02	7.7382622679e-02	-1.1510803186e-03	-2.0588712402e-01	4.3589945906e-02	-3.7424192251e-03	4.1718736293e-02	-4.5461155518e-02
105               	2.8301705527e-02	-1.9027435876e-01	2.1857606429e-01	1.5148347936e-01	7.4358858969e-02	7.7124620395e-02	-1.3828807130e-03	-2.0442521152e-01	4.3957997615e-02	-3.7427214866e-03	4.2086636872e-02	-4.5829358359e-02
106               	2.8029140313e-02	-1.9138579341e-01	2.1941493372e-01	1.5212256669e-01	7.4889238534e-02	7.7233328157e-02	-1.1720448112e-03	-2.0540036356e-01	4.3594004502e-02	-3.7442269279e-03	4.1721891039e-02	-4.5466117966e-02
107               	2.8285421708e-02	-1.8984048916e-01	2.1812591087e-01	1.5118212427e-01	7.4186432759e-02	7.6995691511e-02	-1.4046293763e-03	-2.0398320001e-01	4.3925957698e-02	-3.7420910566e-03	4.2054912170e-02	-4.5797003227e-02
108               	2.8052629022e-02	-1.9108815291e-01	2.1914078193e-01	1.5185881294e-01	7.4740160930e-02	7.7118652005e-02	-1.1892455372e-03	-2.0511446742e-01	4.3611258452e-02	-3.7410976257e-03	4.1740709639e-02	-4.5481807265e-02
109               	2.8300967657e-02	-1.8950805692e-01	2.1780902457e-01	1.5095388418e-01	7.4070037699e-02	7.6883846478e-02	-1.4069043896e-03	-2.0365854074e-01	4.3972673306e-02	-3.7406639859e-03	4.2102341314e-02	-4.5843005299e-02
110               	2.8017387457e-02	-1.9075112165e-01	2.1876850911e-01	1.5161784401e-01	7.4602167519e-02	7.7015676493e-02	-1.2067544869e-03	-2.0475981538e-01	4.3552384964e-02	-3.7432563075e-03	4.1680756810e-02	-4.5424013117e-02
111               	2.8273055506e-02	-1.8929321294e-01	2.1756626845e-01	1.5071496639e-01	7.3903116955e-02	7.6811849435e-02	-1.4543662400e-03	-2.0342974070e-01	4.3899866080e-02	-3.7423112370e-03	4.2028710461e-02	-4.5771021698e-02
112               	2.8052280899e-02	-1.9055308001e-01	2.1860536091e-01	1.5147948760e-01	7.4502530049e-02	7.6976957549e-02	-1.2372137500e-03	-2.0457922046e-01	4.3614292848e-02	-3.7408715248e-03	4.1743857086e-02	-4.5484728611e-02
113               	2.8297676358e-02	-1.8913226430e-01	2.1742994066e-01	1.5060810360e-01	7.3844865974e-02	7.6763237627e-02	-1.4591858265e-03	-2.0328110248e-01	4.3946573483e-02	-3.7387254690e-03	4.2077210748e-02	-4.5815936217e-02
114               	2.8027313256e-02	-1.9048770564e-01	2.1851501889e-01	1.5132813013e-01	7.4406728803e-02	7.6921401331e-02	-1.2573362639e-03	-2.0450136226e-01	4.3584732658e-02	-3.7411812369e-03	4.1714142039e-02	-4.5455323276e-02
115               	2.8272546634e-02	-1.8901097798e-01	2.1728352461e-01	1.5047784477e-01	7.3736999534e-02	7.6740845233e-02	-1.5019228496e-03	-2.0314725129e-01	4.3918898360e-02	-3.7409982363e-03	4.2048399242e-02	-4.5789397478e-02
116               	2.8049343440e-02	-1.9037413753e-01	2.1842348097e-01	1.5124755544e-01	7.4324547039e-02	7.6923008397e-02	-1.2992306789e-03	-2.0439880925e-01	4.3590545677e-02	-3.7405435240e-03	4.1720273915e-02	-4.5460817439e-02
117               	2.8293592038e-02	-1.8906573333e-01	2.1735932537e-01	1.5043572014e-01	7.3694712176e-02	7.6741007969e-02	-1.5231478965e-03	-2.0321252935e-01	4.3937204032e-02	-3.7386757301e-03	4.2067866167e-02	-4.5806541897e-02
118               	2.8029881464e-02	-1.9041994679e-01	2.1844982825e-01	1.5122477183e-01	7.4302603131e-02	7.6922168703e-02	-1.3097827861e-03	-2.0443488752e-01	4.3596338002e-02	-3.7402446308e-03	4.1726215686e-02	-4.5466460317e-02
119               	2.8290916082e-02	-1.8900459401e-01	2.1729551009e-01	1.5036489068e-01	7.3632652971e-02	7.6732237710e-02	-1.5497923698e-03	-2.0315005205e-01	4.3942725539e-02	-3.7399416383e-03	4.2072754719e-02	-4.5812696358e-02
120               	2.8060079268e-02	-1.9041489162e-01	2.1847497088e-01	1.5115080181e-01	7.4233628097e-02	7.6917173714e-02	-1.3417728084e-03	-2.0444493125e-01	4.3625342085e-02	-3.7391382068e-03	4.1755772982e-02	-4.5494911189e-02
121               	2.8298277863e-02	-1.8906476381e-01	2.1736304168e-01	1.5037724156e-01	7.3643227084e-02	7.6734014472e-02	-1.5453936939e-03	-2.0321390275e-01	4.3962960170e-02	-3.7379244452e-03	4.2093997947e-02	-4.5831922393e-02
122               	2.8021364561e-02	-1.9038989201e-01	2.1841125657e-01	1.5111377082e-01	7.4217622806e-02	7.6896148012e-02	-1.3392626032e-03	-2.0440057429e-01	4.3562295230e-02	-3.7392455407e-03	4.1692672460e-02	-4.5431918000e-02
123               	2.8287179412e-02	-1.8903013465e-01	2.1731731406e-01	1.5027116651e-01	7.3552534780e-02	7.6718631730e-02	-1.5830484751e-03	-2.0317372436e-01	4.3933367730e-02	-3.7403894565e-03	4.2063173002e-02	-4.5803562459e-02
124               	2.8058529307e-02	-1.9046217179e-01	2.1852070110e-01	1.5113729178e-01	7.4219871987e-02	7.6917419794e-02	-1.3487739035e-03	-2.0449143644e-01	4.3635869479e-02	-3.7398630744e-03	4.1765937941e-02	-4.5505801016e-02
125               	2.8312362866e-02	-1.8900965970e-01	2.1732202257e-01	1.5027826607e-01	7.3567184917e-02	7.6711081150e-02	-1.5719481163e-03	-2.0316584113e-01	4.3981263806e-02	-3.7379692981e-03	4.2112279157e-02	-4.5850248455e-02
126               	2.8027108509e-02	-1.9044816223e-01	2.1847527074e-01	1.5106573014e-01	7.4179334354e-02	7.6886395786e-02	-1.3535307160e-03	-2.0446171649e-01	4.3582935186e-02	-3.7400121560e-03	4.1712929108e-02	-4.5452941264e-02
127               	2.8285476013e-02	-1.8896653404e-01	2.1725201005e-01	1.5022516740e-01	7.3527996576e-02	7.6697170824e-02	-1.5845871238e-03	-2.0310927204e-01	4.3945457083e-02	-3.7409741639e-03	4.2074970001e-02	-4.5815944165e-02
128               	2.8050449179e-02	-1.9030210565e-01	2.1835255483e-01	1.5101226752e-01	7.4156013846e-02	7.6856253672e-02	-1.3501199129e-03	-2.0432733024e-01	4.3599492988e-02	-3.7402032012e-03	4.1729391387e-02	-4.5469594589e-02
129               	2.8309771816e-02	-1.8882577792e-01	2.1713554973e-01	1.5014440630e-01	7.3502090648e-02	7.6642315656e-02	-1.5701125041e-03	-2.0298066383e-01	4.3963007612e-02	-3.7390343864e-03	4.2093490418e-02	-4.5832524805e-02
130               	2.8027212335e-02	-1.9013525247e-01	2.1816246481e-01	1.5094517997e-01	7.4138208705e-02	7.6806971262e-02	-1.3343812785e-03	-2.0414885864e-01	4.3588156771e-02	-3.7402960219e-03	4.1718008760e-02	-4.5458304782e-02
131               	2.8264530228e-02	-1.8871194046e-01	2.1697647069e-01	1.5008866840e-01	7.3484227833e-02	7.6604440564e-02	-1.5601063651e-03	-2.0284420558e-01	4.3884933118e-02	-3.7425931143e-03	4.2013636561e-02	-4.5756229675e-02
132               	2.8053095058e-02	-1.8997344562e-01	2.1802654068e-01	1.5084654180e-01	7.4079438200e-02	7.6767103603e-02	-1.3438327017e-03	-2.0399999315e-01	4.3604223059e-02	-3.7415837382e-03	4.1733431190e-02	-4.5475014928e-02
133               	2.8300841181e-02	-1.8848474108e-01	2.1678558226e-01	1.5002717399e-01	7.3475261411e-02	7.6551912576e-02	-1.5383255827e-03	-2.0263516167e-01	4.3952973439e-02	-3.7415977131e-03	4.2082174583e-02	-4.5823772296e-02
134               	2.8014908085e-02	-1.8973909602e-01	2.1775400411e-01	1.5074631186e-01	7.4051966574e-02	7.6694345287e-02	-1.3211893568e-03	-2.0374655007e-01	4.3542931638e-02	-3.7399063942e-03	4.1672978441e-02	-4.5412884835e-02
135               	2.8273110493e-02	-1.8832686082e-01	2.1659997132e-01	1.4988961756e-01	7.3377951253e-02	7.6511666309e-02	-1.5668575283e-03	-2.0246341607e-01	4.3895474620e-02	-3.7437320498e-03	4.2023608595e-02	-4.5767340645e-02
136               	2.8042469262e-02	-1.8971270730e-01	2.1775517656e-01	1.5075723564e-01	7.4051663601e-02	7.6705572036e-02	-1.3269542174e-03	-2.0373394193e-01	4.3588736446e-02	-3.7411020023e-03	4.1718185445e-02	-4.5459287447e-02
137               	2.8290025888e-02	-1.8836308564e-01	2.1665311153e-01	1.4993195975e-01	7.3425965354e-02	7.6505994395e-02	-1.5400145206e-03	-2.0250809858e-01	4.3918902027e-02	-3.7433716068e-03	4.2047216224e-02	-4.5790587830e-02
138               	2.8021429561e-02	-1.8971336626e-01	2.1773479582e-01	1.5068774020e-01	7.4002864169e-02	7.6684876030e-02	-1.3410059306e-03	-2.0372408104e-01	4.3559018617e-02	-3.7410843766e-03	4.1688476429e-02	-4.5429560805e-02
139               	2.8274887013e-02	-1.8831691241e-01	2.1659179942e-01	1.4988933317e-01	7.3362257211e-02	7.6527075955e-02	-1.5824093717e-03	-2.0245435592e-01	4.3911819859e-02	-3.7444139799e-03	4.2039612869e-02	-4.5784026849e-02
140               	2.8043054871e-02	-1.8976206299e-01	2.1780511786e-01	1.5072984675e-01	7.4005696528e-02	7.6724150218e-02	-1.3592268451e-03	-2.0378359043e-01	4.3577936457e-02	-3.7414913431e-03	4.1707190785e-02	-4.5448682128e-02
141               	2.8300241865e-02	-1.8847864906e-01	2.1677889093e-01	1.4994712095e-01	7.3404248838e-02	7.6542872116e-02	-1.5693116388e-03	-2.0262876999e-01	4.3946308633e-02	-3.7431608898e-03	4.2074728188e-02	-4.5817889078e-02
142               	2.8035169995e-02	-1.8977968689e-01	2.1781485689e-01	1.5072878263e-01	7.4008962470e-02	7.6719820164e-02	-1.3554288469e-03	-2.0379727189e-01	4.3592334488e-02	-3.7407456406e-03	4.1721961667e-02	-4.5462707308e-02
143               	2.8286227190e-02	-1.8837311342e-01	2.1665934061e-01	1.4989206500e-01	7.3351857777e-02	7.6540207226e-02	-1.5941747244e-03	-2.0251622701e-01	4.3921404841e-02	-3.7431890600e-03	4.2049810311e-02	-4.5792999371e-02
144               	2.8034753362e-02	-1.8988041690e-01	2.1791517026e-01	1.5075674356e-01	7.4026466134e-02	7.6730277427e-02	-1.3519056469e-03	-2.0389779358e-01	4.3566098404e-02	-3.7403938113e-03	4.1695901498e-02	-4.5436295309e-02
145               	2.8294732640e-02	-1.8838566821e-01	2.1668040085e-01	1.4993444873e-01	7.3407834064e-02	7.6526614670e-02	-1.5593903032e-03	-2.0253303453e-01	4.3941623931e-02	-3.7415288229e-03	4.2070859519e-02	-4.5812388342e-02
146               	2.8023212273e-02	-1.8963616317e-01	2.1765937545e-01	1.5065978244e-01	7.3979123668e-02	7.6680658772e-02	-1.3507675517e-03	-2.0364776931e-01	4.3551849896e-02	-3.7394096275e-03	4.1682145082e-02	-4.5421554709e-02
147               	2.8281625610e-02	-1.8830957155e-01	2.1659119716e-01	1.4985594279e-01	7.3343252883e-02	7.6512689903e-02	-1.5847185102e-03	-2.0245038435e-01	4.3908040016e-02	-3.7417928219e-03	4.2037143605e-02	-4.5778936427e-02
148               	2.8045471305e-02	-1.8966842445e-01	2.1771389576e-01	1.5070546820e-01	7.4014639235e-02	7.6690828960e-02	-1.3380948625e-03	-2.0369116011e-01	4.3591800415e-02	-3.7394715120e-03	4.1722064659e-02	-4.5461536171e-02
149               	2.8295442153e-02	-1.8821695855e-01	2.1651240070e-01	1.4984574880e-01	7.3370326938e-02	7.6475421863e-02	-1.5525474624e-03	-2.0236467963e-01	4.3931440149e-02	-3.7396995983e-03	4.2061590350e-02	-4.5801289948e-02
150               	2.8016982921e-02	-1.8961517303e-01	2.1763215595e-01	1.5061704405e-01	7.3971827348e-02	7.6645216700e-02	-1.3366946759e-03	-2.0362366449e-01	4.3552977307e-02	-3.7384732234e-03	4.1683740695e-02	-4.5422213919e-02
151               	2.8275174631e-02	-1.8822217174e-01	2.1649734637e-01	1.4982150391e-01	7.3336198095e-02	7.6485305812e-02	-1.5745538585e-03	-2.0235975905e-01	4.3911436160e-02	-3.7401286649e-03	4.2041371827e-02	-4.5781500492e-02
152               	2.8052126913e-02	-1.8967068980e-01	2.1772281671e-01	1.5065622106e-01	7.3972491644e-02	7.6683729413e-02	-1.3556188844e-03	-2.0369675326e-01	4.3594260644e-02	-3.7380187607e-03	4.1725251264e-02	-4.5463270025e-02
153               	2.8299641394e-02	-1.8837574768e-01	2.1667538907e-01	1.4985576039e-01	7.3350468648e-02	7.6505291739e-02	-1.5774115452e-03	-2.0252556838e-01	4.3946590731e-02	-3.7398947458e-03	4.2076643358e-02	-4.5816538104e-02
154               	2.8027566052e-02	-1.8976073292e-01	2.1778829897e-01	1.5066888714e-01	7.3973180906e-02	7.6695706231e-02	-1.3612626626e-03	-2.0377451595e-01	4.3590414044e-02	-3.7388918455e-03	4.1720968121e-02	-4.5459859967e-02
155               	2.8278940783e-02	-1.8852400813e-01	2.1680294891e-01	1.4988814796e-01	7.3347871199e-02	7.6540276759e-02	-1.5962027797e-03	-2.0266347852e-01	4.3911574486e-02	-3.7414741690e-03	4.2040837402e-02	-4.5782311571e-02
156               	2.8059820939e-02	-1.8997972939e-01	2.1803955033e-01	1.5072860356e-01	7.3978096345e-02	7.6750507211e-02	-1.3862054325e-03	-2.0400963986e-01	4.3620585617e-02	-3.7391856924e-03	4.1750992771e-02	-4.5490178463e-02
157               	2.8308656429e-02	-1.8864992421e-01	2.1695858064e-01	1.4997863182e-01	7.3386498901e-02	7.6592132923e-02	-1.6028170108e-03	-2.0280425242e-01	4.3978946955e-02	-3.7401963539e-03	4.2108848778e-02	-4.5849045132e-02
158               	2.8034769060e-02	-1.9009764004e-01	2.1813240910e-01	1.5078096228e-01	7.3992146950e-02	7.6788815331e-02	-1.3983341905e-03	-2.0411502457e-01	4.3591992230e-02	-3.7386372154e-03	4.1722673622e-02	-4.5461310837e-02
159               	2.8291625702e-02	-1.8878606392e-01	2.1707768962e-01	1.4998310485e-01	7.3351344724e-02	7.6631760122e-02	-1.6402076993e-03	-2.0293187677e-01	4.3945536882e-02	-3.7434242953e-03	4.2073824734e-02	-4.5817249030e-02
160               	2.8061266830e-02	-1.9023004459e-01	2.1829131142e-01	1.5089032227e-01	7.4050018959e-02	7.6840303312e-02	-1.3951421766e-03	-2.0426067801e-01	4.3626758466e-02	-3.7395402308e-03	4.1756988351e-02	-4.5496528581e-02
161               	2.8305543563e-02	-1.8879093046e-01	2.1709647403e-01	1.5004770949e-01	7.3404354978e-02	7.6643354511e-02	-1.6194997661e-03	-2.0294370225e-01	4.3958132874e-02	-3.7412372209e-03	4.2087514263e-02	-4.5828751484e-02
162               	2.8032220712e-02	-1.9024027963e-01	2.1827250035e-01	1.5086342186e-01	7.4035971275e-02	7.6827450589e-02	-1.3957396570e-03	-2.0425638999e-01	4.3591012702e-02	-3.7399760428e-03	4.1721024680e-02	-4.5461000723e-02
163               	2.8303448939e-02	-1.8878171280e-01	2.1708516174e-01	1.5006664873e-01	7.3411159167e-02	7.6655489563e-02	-1.6221651982e-03	-2.0293343727e-01	4.3976091853e-02	-3.7432048182e-03	4.2104489443e-02	-4.5847694262e-02
164               	2.8056478141e-02	-1.9014251989e-01	2.1819899803e-01	1.5087652868e-01	7.4040178017e-02	7.6836350662e-02	-1.3980863225e-03	-2.0417075896e-01	4.3593243974e-02	-3.7400931424e-03	4.1723197402e-02	-4.5463290545e-02
165               	2.8302132848e-02	-1.8879907983e-01	2.1710121267e-01	1.5009176960e-01	7.3441763812e-02	7.6650005787e-02	-1.6041209877e-03	-2.0295014625e-01	4.3948041048e-02	-3.7409859935e-03	4.2077548051e-02	-4.5818534045e-02
166               	2.8031416688e-02	-1.9011010355e-01	2.1814152024e-01	1.5089988562e-01	7.4069864938e-02	7.6830020680e-02	-1.3800778707e-03	-2.0412581190e-01	4.3593345491e-02	-3.7418464666e-03	4.1722422258e-02	-4.5464268724e-02
167               	2.8296918623e-02	-1.8869196951e-01	2.1698888814e-01	1.5006443411e-01	7.3404004066e-02	7.6660430043e-02	-1.6282129885e-03	-2.0284042882e-01	4.3944927700e-02	-3.7412205223e-03	4.2074317439e-02	-4.5815537961e-02
168               	2.8056498994e-02	-1.9020409360e-01	2.1826059260e-01	1.5094576466e-01	7.4073248561e-02	7.6872516098e-02	-1.3996337688e-03	-2.0423234310e-01	4.3607224614e-02	-3.7423958518e-03	4.1736026688e-02	-4.5478422540e-02
169               	2.8307238986e-02	-1.8874633027e-01	2.1705356926e-01	1.5014352776e-01	7.3461955221e-02	7.6681572535e-02	-1.6098086572e-03	-2.0289994976e-01	4.3968462984e-02	-3.7401995734e-03	4.2098363197e-02	-4.5838562770e-02
170               	2.8034423498e-02	-1.9012463806e-01	2.1815906156e-01	1.5092573944e-01	7.4068102778e-02	7.6857636666e-02	-1.3947669439e-03	-2.0414184981e-01	4.3586214941e-02	-3.7404067055e-03	4.1716011588e-02	-4.5456418294e-02
171               	2.8307144791e-02	-1.8880049277e-01	2.1710763756e-01	1.5012100575e-01	7.3429424565e-02	7.6691581182e-02	-1.6310783083e-03	-2.0295406517e-01	4.3959682288e-02	-3.7396456129e-03	4.2089859481e-02	-4.5829505094e-02
172               	2.8065152309e-02	-1.9021140766e-01	2.1827655997e-01	1.5101342979e-01	7.4117076663e-02	7.6896353129e-02	-1.3896382330e-03	-2.0424398382e-01	4.3629801034e-02	-3.7412806418e-03	4.1759160713e-02	-4.5500441355e-02
173               	2.8303144622e-02	-1.8881137507e-01	2.1711451969e-01	1.5017752379e-01	7.3483751352e-02	7.6693772439e-02	-1.6050105438e-03	-2.0296294738e-01	4.3949732149e-02	-3.7399818011e-03	4.2079741249e-02	-4.5819723050e-02
174               	2.8028561713e-02	-1.9023691643e-01	2.1826547815e-01	1.5095974970e-01	7.4094163748e-02	7.6865585949e-02	-1.3857111008e-03	-2.0425119729e-01	4.3587019470e-02	-3.7403496473e-03	4.1716844646e-02	-4.5457194293e-02
175               	2.8292266609e-02	-1.8879571146e-01	2.1708797807e-01	1.5015266868e-01	7.3471386564e-02	7.6681282115e-02	-1.6049477756e-03	-2.0294184476e-01	4.3946954470e-02	-3.7407585006e-03	4.2076575220e-02	-4.5817333721e-02
176               	2.8065079130e-02	-1.9011073708e-01	2.1817581621e-01	1.5094999468e-01	7.4097840290e-02	7.6852154389e-02	-1.3771570497e-03	-2.0414327665e-01	4.3622112263e-02	-3.7411316841e-03	4.1751546421e-02	-4.5492678105e-02
177               	2.8297213433e-02	-1.8874693256e-01	2.1704414599e-01	1.5011194765e-01	7.3476761644e-02	7.6635186009e-02	-1.5792121828e-03	-2.0289553928e-01	4.3942086314e-02	-3.7397955558e-03	4.2072188537e-02	-4.5811984092e-02
178               	2.8025700739e-02	-1.8998324511e-01	2.1800894585e-01	1.5087272733e-01	7.4077204972e-02	7.6795522353e-02	-1.3591586904e-03	-2.0399609548e-01	4.3582469865e-02	-3.7412124721e-03	4.1711863629e-02	-4.5453076101e-02
179               	2.8289733064e-02	-1.8861636511e-01	2.1690609818e-01	1.5005854613e-01	7.3445533508e-02	7.6613012627e-02	-1.5837395598e-03	-2.0276123164e-01	4.3925693393e-02	-3.7407523325e-03	4.2055317227e-02	-4.5796069559e-02
180               	2.8063604431e-02	-1.9001115093e-01	2.1807475536e-01	1.5088396249e-01	7.4088856132e-02	7.6795106356e-02	-1.3531251118e-03	-2.0404295314e-01	4.3620534740e-02	-3.7399144625e-03	4.1750577508e-02	-4.5490491971e-02
181               	2.8295679392e-02	-1.8855348522e-01	2.1684916461e-01	1.5005991357e-01	7.3475182039e-02	7.6584731533e-02	-1.5547747466e-03	-2.0270132491e-01	4.3947010886e-02	-3.7391438382e-03	4.2077438967e-02	-4.5816582805e-02
182               	2.8008698562e-02	-1.8978950300e-01	2.1779820156e-01	1.5076578302e-01	7.4022522458e-02	7.6743260558e-02	-1.3603690499e-03	-2.0379385228e-01	4.3533724279e-02	-3.7411897325e-03	4.1663129413e-02	-4.5404319145e-02
183               	2.8279177246e-02	-1.8849381365e-01	2.1677299089e-01	1.4997479295e-01	7.3397176071e-02	7.6577616877e-02	-1.5902204027e-03	-2.0263340227e-01	4.3906618320e-02	-3.7422062482e-03	4.2035515196e-02	-4.5777721444e-02
184               	2.8073191144e-02	-1.8985882057e-01	2.1793201171e-01	1.5084720474e-01	7.4071810625e-02	7.6775394116e-02	-1.3517917453e-03	-2.0389541614e-01	4.3640576773e-02	-3.7409451766e-03	4.1770104184e-02	-4.5511049361e-02
185               	2.8304107108e-02	-1.8849194019e-01	2.1679604730e-01	1.5001471514e-01	7.3437301210e-02	7.6577413928e-02	-1.5700563589e-03	-2.0264399374e-01	4.3949081030e-02	-3.7385599223e-03	4.2079801069e-02	-4.5818360991e-02
186               	2.8018728860e-02	-1.8992488914e-01	2.1794361800e-01	1.5080574311e-01	7.4033725237e-02	7.6772017869e-02	-1.3691463157e-03	-2.0393425357e-01	4.3564265367e-02	-3.7404327002e-03	4.1694049017e-02	-4.5434481717e-02
187               	2.8275643773e-02	-1.8863367089e-01	2.1690931466e-01	1.5005908281e-01	7.3432643523e-02	7.6626439284e-02	-1.5968978807e-03	-2.0277149278e-01	4.3913818105e-02	-3.7425603320e-03	4.2042537939e-02	-4.5785098271e-02
188               	2.8070552798e-02	-1.8992649324e-01	2.1799704604e-01	1.5083981918e-01	7.4017409974e-02	7.6822409207e-02	-1.4024996164e-03	-2.0396176964e-01	4.3626397673e-02	-3.7408268215e-03	4.1755984262e-02	-4.5496811084e-02
189               	2.8305229725e-02	-1.8881945766e-01	2.1712468738e-01	1.5013069878e-01	7.3465829759e-02	7.6664869020e-02	-1.5995196307e-03	-2.0297207252e-01	4.3959453952e-02	-3.7405287579e-03	4.2089189573e-02	-4.5829718331e-02
190               	2.8035605130e-02	-1.9011316059e-01	2.1814876572e-01	1.5090867659e-01	7.4049306835e-02	7.6859369759e-02	-1.4050314618e-03	-2.0413096316e-01	4.3608420576e-02	-3.7400915270e-03	4.1738374813e-02	-4.5478466340e-02
191               	2.8285345107e-02	-1.8890567893e-01	2.1719102404e-01	1.5016011096e-01	7.3447311859e-02	7.6712799097e-02	-1.6327436189e-03	-2.0304835148e-01	4.3924633022e-02	-3.7431481015e-03	4.2053058972e-02	-4.5796207073e-02
192               	2.8070675865e-02	-1.9034557555e-01	2.1841625141e-01	1.5101046550e-01	7.4097649808e-02	7.6912815695e-02	-1.4075829434e-03	-2.0438091348e-01	4.3639020936e-02	-3.7392405583e-03	4.1769400657e-02	-4.5508641215e-02
193               	2.8303142896e-02	-1.8900415901e-01	2.1730730190e-01	1.5023529033e-01	7.3518766649e-02	7.6716523678e-02	-1.5988785147e-03	-2.0315573046e-01	4.3960946239e-02	-3.7389350041e-03	4.2091478737e-02	-4.5830413741e-02
194               	2.8027267316e-02	-1.9021814023e-01	2.1824540755e-01	1.5093494967e-01	7.4067594463e-02	7.6867355205e-02	-1.3998803712e-03	-2.0423177389e-01	4.3577293234e-02	-3.7392752196e-03	4.1707655624e-02	-4.5446930844e-02
195               	2.8292090234e-02	-1.8893829292e-01	2.1723038316e-01	1.5015808003e-01	7.3459568196e-02	7.6698511834e-02	-1.6194718187e-03	-2.0308433804e-01	4.3942761617e-02	-3.7431908075e-03	4.2071166213e-02	-4.5814357021e-02
196               	2.8071661553e-02	-1.9027409259e-01	2.1834575414e-01	1.5101435234e-01	7.4141038585e-02	7.6873313758e-02	-1.3661375862e-03	-2.0430992336e-01	4.3650202621e-02	-3.7402520072e-03	4.1780076617e-02	-4.5520328624e-02
197               	2.8292524440e-02	-1.8881899127e-01	2.1711151571e-01	1.5013110036e-01	7.3490132699e-02	7.6640967663e-02	-1.5754174823e-03	-2.0296525349e-01	4.3927632568e-02	-3.7405734121e-03	4.2057345862e-02	-4.5797919274e-02
198               	2.8011355051e-02	-1.9008536727e-01	2.1809672232e-01	1.5085352026e-01	7.4058867002e-02	7.6794653253e-02	-1.3678931258e-03	-2.0409104479e-01	4.3553427335e-02	-3.7397482417e-03	4.1683553214e-02	-4.5423301456e-02
199               	2.8292152592e-02	-1.8872361183e-01	2.1701576442e-01	1.5008366370e-01	7.3453355080e-02	7.6630308623e-02	-1.5884767716e-03	-2.0286968813e-01	4.3946062545e-02	-3.7424982567e-03	4.2074813417e-02	-4.5817311673e-02
200               	2.8074645496e-02	-1.9001363129e-01	2.1808827679e-01	1.5086595967e-01	7.4065544762e-02	7.6800414905e-02	-1.3674350714e-03	-2.0405095404e-01	4.3637680388e-02	-3.7394283920e-03	4.1767966192e-02	-4.5507394584e-02
201               	2.8292003100e-02	-1.8872091880e-01	2.1701292190e-01	1.5006643304e-01	7.3462986618e-02	7.6603446424e-02	-1.5702299029e-03	-2.0286692035e-01	4.3933732682e-02	-3.7408521831e-03	4.2063306590e-02	-4.5804158773e-02
202               	2.8025915976e-02	-1.8998712150e-01	2.1801303748e-01	1.5083580119e-01	7.4051276234e-02	7.6784524954e-02	-1.3666243598e-03	-2.0400007949e-01	4.3586256190e-02	-3.7402215176e-03	4.1716145431e-02	-4.5456366949e-02
203               	2.8290689441e-02	-1.8867813950e-01	2.1696882894e-01	1.5003412686e-01	7.3413027566e-02	7.6621099289e-02	-1.6040358614e-03	-2.0282348422e-01	4.3925352249e-02	-3.7409759151e-03	4.2054864292e-02	-4.5795840207e-02
204               	2.8068275387e-02	-1.9014470666e-01	2.1821298205e-01	1.5090361354e-01	7.4070525935e-02	7.6833087606e-02	-1.3812808355e-03	-2.0417884436e-01	4.3633760683e-02	-3.7404023228e-03	4.1763559522e-02	-4.5503961845e-02
205               	2.8303158325e-02	-1.8878151040e-01	2.1708466872e-01	1.5012269004e-01	7.3465263367e-02	7.6657426675e-02	-1.5960816541e-03	-2.0293308956e-01	4.3962182086e-02	-3.7399429512e-03	4.2092210611e-02	-4.5832153562e-02
206               	2.8024846143e-02	-1.9011820476e-01	2.1814305090e-01	1.5087359410e-01	7.4026025183e-02	7.6847568920e-02	-1.4107718686e-03	-2.0413062783e-01	4.3578312373e-02	-3.7422451552e-03	4.1707189795e-02	-4.5449434950e-02
207               	2.8294012302e-02	-1.8892091284e-01	2.1721492514e-01	1.5013339431e-01	7.3424848400e-02	7.6708545914e-02	-1.6418487567e-03	-2.0306791899e-01	4.3946666335e-02	-3.7408877552e-03	4.2076222458e-02	-4.5817110213e-02
208               	2.8084215541e-02	-1.9033437888e-01	2.1841859442e-01	1.5103006716e-01	7.4106326487e-02	7.6923740671e-02	-1.4087070917e-03	-2.0437648665e-01	4.3666099727e-02	-3.7405567759e-03	4.1795821339e-02	-4.5536378115e-02
209               	2.8321413940e-02	-1.8899720421e-01	2.1731861815e-01	1.5022020189e-01	7.3479201216e-02	7.6741000669e-02	-1.6308997269e-03	-2.0315791118e-01	4.3981627233e-02	-3.7379411594e-03	4.2112656654e-02	-4.5850597813e-02
210               	2.8031685984e-02	-1.9040545593e-01	2.1843714192e-01	1.5100685188e-01	7.4075925152e-02	7.6930926732e-02	-1.4275007901e-03	-2.0442129892e-01	4.3598497949e-02	-3.7410147515e-03	4.1727990573e-02	-4.5469005325e-02
211               	2.8291785466e-02	-1.8908208324e-01	2.1737386871e-01	1.5025565956e-01	7.3481015153e-02	7.6774644406e-02	-1.6468146264e-03	-2.0322797597e-01	4.3950550293e-02	-3.7428143252e-03	4.2079143130e-02	-4.5821957455e-02
212               	2.8081425570e-02	-1.9045962896e-01	2.1854105453e-01	1.5108803377e-01	7.4122348775e-02	7.6965684990e-02	-1.4216681079e-03	-2.0450034174e-01	4.3652634852e-02	-3.7417032087e-03	4.1781783248e-02	-4.5523486457e-02
213               	2.8319755521e-02	-1.8912889706e-01	2.1744865258e-01	1.5027556698e-01	7.3513226522e-02	7.6762340454e-02	-1.6245569664e-03	-2.0328877482e-01	4.3988653540e-02	-3.7381333037e-03	4.2119586888e-02	-4.5857720192e-02
214               	2.8032483790e-02	-1.9036435296e-01	2.1839683675e-01	1.5103530685e-01	7.4104499471e-02	7.6930807379e-02	-1.4131539543e-03	-2.0438059485e-01	4.3604933371e-02	-3.7409070858e-03	4.1734479828e-02	-4.5475386914e-02
215               	2.8289793537e-02	-1.8909720765e-01	2.1738700118e-01	1.5025830202e-01	7.3494465380e-02	7.6763836639e-02	-1.6346856295e-03	-2.0324210441e-01	4.3929288019e-02	-3.7407550144e-03	4.2058910511e-02	-4.5799665526e-02
216               	2.8082293179e-02	-1.9049668444e-01	2.1857897762e-01	1.5109692205e-01	7.4149563866e-02	7.6947358184e-02	-1.3988971591e-03	-2.0453783103e-01	4.3670727354e-02	-3.7415628803e-03	4.1799945914e-02	-4.5541508794e-02
217               	2.8317444769e-02	-1.8904044125e-01	2.1735788602e-01	1.5026905245e-01	7.3534509097e-02	7.6734543355e-02	-1.6000171291e-03	-2.0319916363e-01	4.3991145039e-02	-3.7399382710e-03	4.2121175903e-02	-4.5861114175e-02
218               	2.8026840805e-02	-1.9026351913e-01	2.1829035993e-01	1.5096676361e-01	7.4080470768e-02	7.6886292843e-02	-1.4029110375e-03	-2.0427693953e-01	4.3579271361e-02	-3.7400277477e-03	4.1709257488e-02	-4.5449285235e-02
219               	2.8277571078e-02	-1.8911477942e-01	2.1739235050e-01	1.5023744170e-01	7.3508998848e-02	7.6728442854e-02	-1.6097220030e-03	-2.0325356496e-01	4.3908938981e-02	-3.7429763494e-03	4.2037450806e-02	-4.5780427156e-02
220               	2.8085793568e-02	-1.9025606334e-01	2.1834185691e-01	1.5101553988e-01	7.4121265509e-02	7.6894274366e-02	-1.3865044282e-03	-2.0429896013e-01	4.3681632125e-02	-3.7415730122e-03	4.1810845619e-02	-4.5552418631e-02
221               	2.8316896085e-02	-1.8885351586e-01	2.1717041194e-01	1.5015984452e-01	7.3485926318e-02	7.6673918205e-02	-1.5939959437e-03	-2.0301196390e-01	4.3974961124e-02	-3.7399346196e-03	4.2104993814e-02	-4.5844928433e-02
222               	2.8029454027e-02	-1.9021487550e-01	2.1824432953e-01	1.5092032744e-01	7.4075435231e-02	7.6844892207e-02	-1.3847284881e-03	-2.0422960251e-01	4.3588199396e-02	-3.7378991481e-03	4.1719249822e-02	-4.5457148970e-02
223               	2.8272531651e-02	-1.8895543390e-01	2.1722796556e-01	1.5018258421e-01	7.3502263431e-02	7.6680320780e-02	-1.5890286745e-03	-2.0309169973e-01	4.3914043433e-02	-3.7451632145e-03	4.2041461826e-02	-4.5786625040e-02
224               	2.8081875229e-02	-1.9010717090e-01	2.1818904613e-01	1.5090904290e-01	7.4057008491e-02	7.6852034407e-02	-1.3975129580e-03	-2.0414810851e-01	4.3652547908e-02	-3.7415811629e-03	4.1781757327e-02	-4.5523338490e-02
225               	2.8311683789e-02	-1.8892713760e-01	2.1723882139e-01	1.5015801830e-01	7.3492597505e-02	7.6665420791e-02	-1.5864116431e-03	-2.0308297949e-01	4.3967773755e-02	-3.7414673827e-03	4.2097040063e-02	-4.5838507446e-02
226               	2.8032002118e-02	-1.9009962195e-01	2.1813162407e-01	1.5088666378e-01	7.4065920851e-02	7.6820742925e-02	-1.3774110372e-03	-2.0411562301e-01	4.3601861772e-02	-3.7407938320e-03	4.1731464856e-02	-4.5472258688e-02
227               	2.8271867748e-02	-1.8884801123e-01	2.1711987898e-01	1.5010788844e-01	7.3459444106e-02	7.6648444337e-02	-1.5945001155e-03	-2.0298394510e-01	4.3897032191e-02	-3.7450540920e-03	4.2024505145e-02	-4.5769559237e-02
228               	2.8077001927e-02	-1.9009800570e-01	2.1817500763e-01	1.5087922112e-01	7.4047660783e-02	7.6831560338e-02	-1.3919497776e-03	-2.0413650667e-01	4.3652385828e-02	-3.7415893132e-03	4.1781591172e-02	-4.5523180485e-02
229               	2.8300809263e-02	-1.8885173135e-01	2.1715254062e-01	1.5015069033e-01	7.3503214895e-02	7.6647475434e-02	-1.5721302693e-03	-2.0300213598e-01	4.3957039202e-02	-3.7412375961e-03	4.2086420404e-02	-4.5827658000e-02
230               	2.8030497673e-02	-1.9001788537e-01	2.1804838304e-01	1.5082304145e-01	7.4016646162e-02	7.6806395286e-02	-1.3948745621e-03	-2.0403313420e-01	4.3584610399e-02	-3.7406878748e-03	4.1714266462e-02	-4.5454954336e-02
231               	2.8280441260e-02	-1.8886135070e-01	2.1714179196e-01	1.5009072847e-01	7.3422753323e-02	7.6667975151e-02	-1.6226109139e-03	-2.0300157133e-01	4.3910944358e-02	-3.7435380087e-03	4.2039175353e-02	-4.5782713362e-02
232               	2.8088531548e-02	-1.9019115563e-01	2.1827968718e-01	1.5095978183e-01	7.4085939652e-02	7.6873842175e-02	-1.3939512611e-03	-2.0423542141e-01	4.3684177088e-02	-3.7416743834e-03	4.1813339897e-02	-4.5555014280e-02
233               	2.8310645158e-02	-1.8893729113e-01	2.1724793629e-01	1.5018115277e-01	7.3491474662e-02	7.6689678104e-02	-1.5991017208e-03	-2.0309261371e-01	4.3968961906e-02	-3.7421062893e-03	4.2097908761e-02	-4.5840015051e-02
234               	2.8040442462e-02	-1.9018633634e-01	2.1822677881e-01	1.5089122693e-01	7.4025623312e-02	7.6865603623e-02	-1.4199901554e-03	-2.0420655758e-01	4.3612678618e-02	-3.7408142601e-03	4.1742271488e-02	-4.5483085748e-02
235               	2.8279619337e-02	-1.8901240796e-01	2.1729202730e-01	1.5020463430e-01	7.3479136479e-02	7.6725497819e-02	-1.6231806700e-03	-2.0315221763e-01	4.3919475254e-02	-3.7435853196e-03	4.2047682594e-02	-4.5791267914e-02
236               	2.8083439849e-02	-1.9025513361e-01	2.1833857346e-01	1.5097684139e-01	7.4076970965e-02	7.6899870427e-02	-1.4114497309e-03	-2.0429685354e-01	4.3654425169e-02	-3.7413447545e-03	4.1783752792e-02	-4.5525097546e-02
237               	2.8314096859e-02	-1.8903835121e-01	2.1735244807e-01	1.5021977654e-01	7.3503590414e-02	7.6716186130e-02	-1.6062978582e-03	-2.0319539964e-01	4.3977192802e-02	-3.7416859287e-03	4.2106349838e-02	-4.5848035766e-02
238               	2.8031753885e-02	-1.9021723324e-01	2.1824898713e-01	1.5095665936e-01	7.4077728013e-02	7.6878931350e-02	-1.4006016686e-03	-2.0423311018e-01	4.3603138862e-02	-3.7405215735e-03	4.1732878075e-02	-4.5473399649e-02
239               	2.8274862346e-02	-1.8904422402e-01	2.1731908636e-01	1.5021768098e-01	7.3500252765e-02	7.6717428218e-02	-1.6085877266e-03	-2.0318165519e-01	4.3900030227e-02	-3.7439290795e-03	4.2028065687e-02	-4.5771994767e-02
240               	2.8081804081e-02	-1.9023756693e-01	2.1831937101e-01	1.5096227132e-01	7.4074671155e-02	7.6887600167e-02	-1.4064645061e-03	-2.0427846897e-01	4.3660170049e-02	-3.7410402905e-03	4.1789649904e-02	-4.5530690195e-02
241               	2.8298175736e-02	-1.8899435150e-01	2.1729252724e-01	1.5023169805e-01	7.3528345276e-02	7.6703352774e-02	-1.5875037493e-03	-2.0314343937e-01	4.3948892326e-02	-3.7414587518e-03	4.2078162950e-02	-4.5819621702e-02
242               	2.8046919093e-02	-1.9014054542e-01	2.1818746452e-01	1.5090402452e-01	7.4045956888e-02	7.6858067633e-02	-1.4060553723e-03	-2.0416400497e-01	4.3613347316e-02	-3.7395814178e-03	4.1743556607e-02	-4.5483138025e-02
243               	2.8289390221e-02	-1.8905373642e-01	2.1734312664e-01	1.5020263671e-01	7.3494897327e-02	7.6707739383e-02	-1.6064210283e-03	-2.0319843153e-01	4.3930074782e-02	-3.7434535403e-03	4.2058348012e-02	-4.5801801552e-02
244               	2.8075481376e-02	-1.9022588419e-01	2.1830136557e-01	1.5098878396e-01	7.4100872320e-02	7.6887911639e-02	-1.3935196596e-03	-2.0426362488e-01	4.3653807075e-02	-3.7397844083e-03	4.1783914871e-02	-4.5523699279e-02
245               	2.8297081325e-02	-1.8897341667e-01	2.1727049800e-01	1.5020483756e-01	7.3509140761e-02	7.6695696797e-02	-1.5932780181e-03	-2.0312195734e-01	4.3942733921e-02	-3.7404603635e-03	4.2072503739e-02	-4.5812964103e-02
246               	2.8043679001e-02	-1.9024249987e-01	2.1828617887e-01	1.5092262544e-01	7.4049885373e-02	7.6872740067e-02	-1.4114273469e-03	-2.0426433937e-01	4.3625231446e-02	-3.7421235967e-03	4.1754169648e-02	-4.5496293245e-02
247               	2.8282968095e-02	-1.8905951627e-01	2.1734248436e-01	1.5022875000e-01	7.3513719471e-02	7.6715030531e-02	-1.6006555302e-03	-2.0320100032e-01	4.3930328030e-02	-3.7438020818e-03	4.2058426989e-02	-4.5802229071e-02
248               	2.8076301059e-02	-1.9019462770e-01	2.1827092876e-01	1.5094491431e-01	7.4072659117e-02	7.6872255189e-02	-1.3997980364e-03	-2.0423277823e-01	4.3632343332e-02	-3.7398935097e-03	4.1762396577e-02	-4.5502290087e-02
249               	2.8309829229e-02	-1.8897316682e-01	2.1728299605e-01	1.5018070887e-01	7.3493348884e-02	7.6687359988e-02	-1.5970055517e-03	-2.0312808143e-01	4.3962218840e-02	-3.7376766964e-03	4.2093380492e-02	-4.5831057188e-02
250               	2.8041795262e-02	-1.9018301736e-01	2.1822481262e-01	1.5093379396e-01	7.4071977600e-02	7.6861816356e-02	-1.3949193784e-03	-2.0420391499e-01	4.3623208631e-02	-3.7421490680e-03	4.1752134097e-02	-4.5494283165e-02
