# Moment          
# CofR            : (0.0000000000e+00 0.0000000000e+00 0.0000000000e+00)
#
# Time            	total_x total_y total_z	pressure_x pressure_y pressure_z	viscous_x viscous_y viscous_z
1                  -2.9609301000e-02 2.9069791967e-01 5.7501568081e-02 -2.9717687633e-02 2.6872284548e-01 5.7697098039e-02 1.0838663352e-04 2.1975074189e-02 -1.9552995746e-04
2                  -1.0294669194e-01 7.1098071369e-02 1.0081536446e-02 -1.0210091191e-01 5.4077929707e-02 1.0706118328e-02 -8.4578003394e-04 1.7020141662e-02 -6.2458188127e-04
3                  -9.4284893134e-02 -5.6733015290e-02 -1.7271088730e-02 -9.3778149482e-02 -7.1001931253e-02 -1.6901655458e-02 -5.0674365214e-04 1.4268915963e-02 -3.6943327196e-04
4                  -2.7012058904e-02 -1.9244991031e-02 1.2866148504e-03 -2.7129890533e-02 -3.2644327410e-02 1.3781798796e-03 1.1783162903e-04 1.3399336379e-02 -9.1565029131e-05
5                  -4.4297344688e-02 4.1345992895e-02 1.4799716432e-02 -4.4309726104e-02 2.8922799649e-02 1.4916229873e-02 1.2381415191e-05 1.2423193246e-02 -1.1651344120e-04
6                  -8.9640671969e-02 4.6378799970e-02 8.9185274141e-03 -8.9396911152e-02 3.5078481807e-02 9.1306306623e-03 -2.4376081785e-04 1.1300318163e-02 -2.1210324817e-04
7                  -8.2788630201e-02 2.2262772337e-02 1.6962712905e-03 -8.2500018971e-02 1.2073230088e-02 1.9171411933e-03 -2.8861123029e-04 1.0189542248e-02 -2.2086990285e-04
8                  -6.6432347572e-02 1.2548938311e-02 2.8668037207e-03 -6.6181514273e-02 3.2136713989e-03 3.0566419747e-03 -2.5083329903e-04 9.3352669123e-03 -1.8983825396e-04
9                  -7.6272774854e-02 1.8489054560e-02 5.4739065378e-03 -7.6067678930e-02 9.8379704601e-03 5.6325445935e-03 -2.0509592325e-04 8.6510840997e-03 -1.5863805570e-04
10                 -8.7621138724e-02 2.0715837591e-02 3.7366498725e-03 -8.7398452916e-02 1.2644433066e-02 3.9003203303e-03 -2.2268580853e-04 8.0714045247e-03 -1.6367045782e-04
11                 -8.0405785497e-02 1.7959700549e-02 1.5489587695e-03 -8.0199827083e-02 1.0284515799e-02 1.7062009630e-03 -2.0595841438e-04 7.6751847499e-03 -1.5724219351e-04
12                 -7.7167102562e-02 1.7654723220e-02 2.3430214001e-03 -7.6922634824e-02 1.0277539646e-02 2.5020353323e-03 -2.4446773789e-04 7.3771835740e-03 -1.5901393220e-04
13                 -8.3743648467e-02 1.9368877392e-02 3.9822092710e-03 -8.3511970545e-02 1.2296577564e-02 4.1308042204e-03 -2.3167792123e-04 7.0722998284e-03 -1.4859494936e-04
14                 -8.9309735236e-02 1.7906060484e-02 3.2202106033e-03 -8.9044271001e-02 1.1144340657e-02 3.3727745512e-03 -2.6546423469e-04 6.7617198273e-03 -1.5256394799e-04
15                 -8.5674483309e-02 1.6302384900e-02 1.7551611217e-03 -8.5439039217e-02 9.7411134905e-03 1.9016341686e-03 -2.3544409156e-04 6.5612714093e-03 -1.4647304685e-04
16                 -8.4210572746e-02 1.7159851290e-02 1.7508337405e-03 -8.3959557530e-02 1.0691500738e-02 1.9014229959e-03 -2.5101521559e-04 6.4683505521e-03 -1.5058925545e-04
17                 -8.8139454972e-02 1.8633399538e-02 3.0546866014e-03 -8.7905161583e-02 1.2287837448e-02 3.1976318995e-03 -2.3429338828e-04 6.3455620903e-03 -1.4294529818e-04
18                 -9.3007978725e-02 1.7446154352e-02 3.3610462239e-03 -9.2735486460e-02 1.1315180404e-02 3.5062654899e-03 -2.7249226538e-04 6.1309739474e-03 -1.4521926606e-04
19                 -9.2992659426e-02 1.5878241229e-02 2.7005030634e-03 -9.2733607356e-02 9.9469150597e-03 2.8400334189e-03 -2.5905207011e-04 5.9313261695e-03 -1.3953035550e-04
20                 -9.1872609515e-02 1.6221317450e-02 1.9741473086e-03 -9.1595671868e-02 1.0362713559e-02 2.1196800364e-03 -2.7693764647e-04 5.8586038911e-03 -1.4553272773e-04
21                 -9.1810737758e-02 1.8166828658e-02 2.2712497758e-03 -9.1558044630e-02 1.2312688748e-02 2.4139411580e-03 -2.5269312850e-04 5.8541399101e-03 -1.4269138222e-04
22                 -9.5046364080e-02 1.8326932058e-02 2.8392669414e-03 -9.4768574863e-02 1.2538611099e-02 2.9849247169e-03 -2.7778921700e-04 5.7883209591e-03 -1.4565777541e-04
23                 -9.7684625445e-02 1.6957037504e-02 3.1323479595e-03 -9.7420771379e-02 1.1355981651e-02 3.2717574609e-03 -2.6385406653e-04 5.6010558524e-03 -1.3940950144e-04
24                 -9.9091837841e-02 1.5767829324e-02 2.7992683139e-03 -9.8798750609e-02 1.0338825331e-02 2.9420733004e-03 -2.9308723254e-04 5.4290039930e-03 -1.4280498656e-04
25                 -9.9323303101e-02 1.6553156467e-02 2.6016191686e-03 -9.9048393177e-02 1.1175281584e-02 2.7417750965e-03 -2.7490992337e-04 5.3778748836e-03 -1.4015592788e-04
26                 -9.9976643484e-02 1.7613130749e-02 2.3963984733e-03 -9.9685973723e-02 1.2220604760e-02 2.5417013165e-03 -2.9066976156e-04 5.3925259895e-03 -1.4530284322e-04
27                 -1.0055477382e-01 1.8004786278e-02 2.5037599920e-03 -1.0028573180e-01 1.2637137922e-02 2.6449031984e-03 -2.6904202322e-04 5.3676483565e-03 -1.4114320641e-04
28                 -1.0147582306e-01 1.7190722316e-02 2.4110671430e-03 -1.0118109154e-01 1.1918693784e-02 2.5566280795e-03 -2.9473152696e-04 5.2720285313e-03 -1.4556093650e-04
29                 -1.0223486986e-01 1.6764469407e-02 2.4615079183e-03 -1.0195527238e-01 1.1598189586e-02 2.6027490935e-03 -2.7959747873e-04 5.1662798212e-03 -1.4124117527e-04
30                 -1.0339114823e-01 1.6758765281e-02 2.3718441329e-03 -1.0309243808e-01 1.1652081009e-02 2.5172951900e-03 -2.9871014989e-04 5.1066842720e-03 -1.4545105710e-04
31                 -1.0367756550e-01 1.7302674068e-02 2.3375381829e-03 -1.0339677969e-01 1.2219231216e-02 2.4787665289e-03 -2.8078581468e-04 5.0834428526e-03 -1.4122834596e-04
32                 -1.0426349714e-01 1.7411293597e-02 2.1725684421e-03 -1.0396262367e-01 1.2339496671e-02 2.3190385060e-03 -3.0087347371e-04 5.0717969261e-03 -1.4647006394e-04
33                 -1.0429783028e-01 1.7430934819e-02 2.1284872671e-03 -1.0401423443e-01 1.2391459713e-02 2.2704106166e-03 -2.8359585132e-04 5.0394751058e-03 -1.4192334957e-04
34                 -1.0469469681e-01 1.7121446127e-02 1.9704024768e-03 -1.0439068229e-01 1.2126466549e-02 2.1157698764e-03 -3.0401452145e-04 4.9949795778e-03 -1.4536739959e-04
35                 -1.0437546462e-01 1.7174146762e-02 1.9095586710e-03 -1.0408483173e-01 1.2226425754e-02 2.0496448472e-03 -2.9063289293e-04 4.9477210081e-03 -1.4008617623e-04
36                 -1.0455470308e-01 1.7140046385e-02 1.7543370016e-03 -1.0424443881e-01 1.2219295578e-02 1.8988925128e-03 -3.1026427075e-04 4.9207508073e-03 -1.4455551111e-04
37                 -1.0421645110e-01 1.7304556242e-02 1.7166329146e-03 -1.0392267939e-01 1.2403381373e-02 1.8563321186e-03 -2.9377170715e-04 4.9011748686e-03 -1.3969920402e-04
38                 -1.0443543369e-01 1.7199105924e-02 1.6024221484e-03 -1.0412474540e-01 1.2313841742e-02 1.7462792720e-03 -3.1068828718e-04 4.8852641820e-03 -1.4385712363e-04
39                 -1.0389295311e-01 1.7286549100e-02 1.5588010731e-03 -1.0359640910e-01 1.2426068287e-02 1.6975627842e-03 -2.9654401411e-04 4.8604808129e-03 -1.3876171107e-04
40                 -1.0395402903e-01 1.7149871867e-02 1.4194959584e-03 -1.0363933632e-01 1.2310351418e-02 1.5622525192e-03 -3.1469271437e-04 4.8395204490e-03 -1.4275656090e-04
41                 -1.0334003539e-01 1.7244582852e-02 1.3732581945e-03 -1.0303894567e-01 1.2421456279e-02 1.5110249649e-03 -3.0108971749e-04 4.8231265722e-03 -1.3776677043e-04
42                 -1.0330887909e-01 1.7125273688e-02 1.2623468934e-03 -1.0299177775e-01 1.2313845896e-02 1.4037471133e-03 -3.1710133458e-04 4.8114277923e-03 -1.4140021985e-04
43                 -1.0259075735e-01 1.7215809596e-02 1.2233154845e-03 -1.0228759293e-01 1.2419200039e-02 1.3598395608e-03 -3.0316441454e-04 4.7966095564e-03 -1.3652407633e-04
44                 -1.0247205352e-01 1.7081353157e-02 1.0838174613e-03 -1.0215183190e-01 1.2298484175e-02 1.2241706183e-03 -3.2022162278e-04 4.7828689821e-03 -1.4035315698e-04
45                 -1.0159017923e-01 1.7168715362e-02 1.0341004039e-03 -1.0128289822e-01 1.2392779771e-02 1.1696339630e-03 -3.0728101091e-04 4.7759355913e-03 -1.3553355906e-04
46                 -1.0130709437e-01 1.7016475507e-02 9.0449767636e-04 -1.0098483956e-01 1.2246581710e-02 1.0434648903e-03 -3.2225480885e-04 4.7698937968e-03 -1.3896721395e-04
47                 -1.0034748747e-01 1.7109686107e-02 8.4883074246e-04 -1.0004027438e-01 1.2348292623e-02 9.8239606810e-04 -3.0721309391e-04 4.7613934841e-03 -1.3356532563e-04
48                 -9.9942630286e-02 1.6966554807e-02 7.1307148478e-04 -9.9617744448e-02 1.2213965249e-02 8.5034078582e-04 -3.2488583785e-04 4.7525895583e-03 -1.3726930104e-04
49                 -9.8856300390e-02 1.7025474095e-02 6.5723113831e-04 -9.8543672334e-02 1.2273947592e-02 7.8985635166e-04 -3.1262805616e-04 4.7515265034e-03 -1.3262521334e-04
50                 -9.8363223096e-02 1.6868278794e-02 5.3122134165e-04 -9.8036024532e-02 1.2121426473e-02 6.6675666016e-04 -3.2719856365e-04 4.7468523211e-03 -1.3553531851e-04
51                 -9.7186435399e-02 1.6964351538e-02 4.8753819586e-04 -9.6874329050e-02 1.2221814900e-02 6.1758822347e-04 -3.1210634934e-04 4.7425366381e-03 -1.3005002761e-04
52                 -9.6631939321e-02 1.6810340889e-02 3.6609034378e-04 -9.6301580501e-02 1.2073280359e-02 4.9994373508e-04 -3.3035882022e-04 4.7370605300e-03 -1.3385339130e-04
53                 -9.5410486264e-02 1.6883512168e-02 3.3350589100e-04 -9.5095551610e-02 1.2146167838e-02 4.6223378717e-04 -3.1493465417e-04 4.7373443298e-03 -1.2872789617e-04
54                 -9.4857061498e-02 1.6728029856e-02 2.3681403468e-04 -9.4526471635e-02 1.1993985355e-02 3.6894607822e-04 -3.3058986297e-04 4.7340445009e-03 -1.3213204354e-04
55                 -9.3645545039e-02 1.6825471845e-02 2.3732053692e-04 -9.3329999521e-02 1.2093080860e-02 3.6438406611e-04 -3.1554551785e-04 4.7323909844e-03 -1.2706352920e-04
56                 -9.3165721574e-02 1.6683947845e-02 1.5275500960e-04 -9.2833759004e-02 1.1956814333e-02 2.8341010848e-04 -3.3196256933e-04 4.7271335116e-03 -1.3065509888e-04
57                 -9.2010462947e-02 1.6770309431e-02 1.6039835959e-04 -9.1694486676e-02 1.2041623641e-02 2.8598355919e-04 -3.1597627114e-04 4.7286857897e-03 -1.2558519960e-04
58                 -9.1520153509e-02 1.6629516551e-02 9.8408082453e-05 -9.1190047716e-02 1.1901392680e-02 2.2728642289e-04 -3.3010579345e-04 4.7281238708e-03 -1.2887834044e-04
59                 -9.0405148074e-02 1.6714487380e-02 1.2249641024e-04 -9.0089803365e-02 1.1988137793e-02 2.4648916893e-04 -3.1534470949e-04 4.7263495876e-03 -1.2399275868e-04
60                 -9.0036221042e-02 1.6589778915e-02 6.5066713850e-05 -8.9706006598e-02 1.1868157059e-02 1.9266495753e-04 -3.3021444428e-04 4.7216218565e-03 -1.2759824368e-04
61                 -8.8980422578e-02 1.6683984356e-02 9.3843136931e-05 -8.8665967088e-02 1.1959482250e-02 2.1659605666e-04 -3.1445549063e-04 4.7245021062e-03 -1.2275291973e-04
62                 -8.8624067614e-02 1.6562972246e-02 4.9289597839e-05 -8.8295232261e-02 1.1839349506e-02 1.7565111466e-04 -3.2883535270e-04 4.7236227397e-03 -1.2636151682e-04
63                 -8.7653643619e-02 1.6651578662e-02 9.1834664300e-05 -8.7340741428e-02 1.1930733957e-02 2.1326387793e-04 -3.1290219125e-04 4.7208447049e-03 -1.2142921363e-04
64                 -8.7394612869e-02 1.6508962847e-02 4.5828901931e-05 -8.7065720130e-02 1.1791217320e-02 1.7144819529e-04 -3.2889273920e-04 4.7177455273e-03 -1.2561929336e-04
65                 -8.6426882755e-02 1.6622645671e-02 9.3366661710e-05 -8.6114480757e-02 1.1904012534e-02 2.1392594530e-04 -3.1240199766e-04 4.7186331370e-03 -1.2055928359e-04
66                 -8.6196689521e-02 1.6512084709e-02 5.9271744617e-05 -8.5869889612e-02 1.1792836016e-02 1.8361117591e-04 -3.2679990951e-04 4.7192486925e-03 -1.2433943129e-04
67                 -8.5324408715e-02 1.6604198842e-02 1.1168173751e-04 -8.5013006302e-02 1.1888824742e-02 2.3139536735e-04 -3.1140241313e-04 4.7153741005e-03 -1.1971362985e-04
68                 -8.5202756677e-02 1.6463676839e-02 6.8835503929e-05 -8.4874328149e-02 1.1751458032e-02 1.9285193253e-04 -3.2842852742e-04 4.7122188071e-03 -1.2401642860e-04
69                 -8.4337052925e-02 1.6579017076e-02 1.2957768659e-04 -8.4025746527e-02 1.1866592042e-02 2.4873709200e-04 -3.1130639776e-04 4.7124250345e-03 -1.1915940541e-04
70                 -8.4238543858e-02 1.6466183537e-02 9.8266350018e-05 -8.3912641187e-02 1.1752943219e-02 2.2128512825e-04 -3.2590267192e-04 4.7132403177e-03 -1.2301877823e-04
71                 -8.3461261674e-02 1.6577800259e-02 1.5704665494e-04 -8.3152173032e-02 1.1867618302e-02 2.7514859808e-04 -3.0908864215e-04 4.7101819575e-03 -1.1810194315e-04
72                 -8.3429291725e-02 1.6437607886e-02 1.2024544641e-04 -8.3102914498e-02 1.1730636903e-02 2.4281666574e-04 -3.2637722701e-04 4.7069709828e-03 -1.2257121933e-04
73                 -8.2683205213e-02 1.6545641045e-02 1.8027593033e-04 -8.2373568061e-02 1.1838543445e-02 2.9829523411e-04 -3.0963715224e-04 4.7070975998e-03 -1.1801930377e-04
74                 -8.2668732268e-02 1.6437293631e-02 1.4974269053e-04 -8.2343722026e-02 1.1729687103e-02 2.7180302134e-04 -3.2501024229e-04 4.7076065272e-03 -1.2206033081e-04
75                 -8.1980626288e-02 1.6565378354e-02 2.1978494055e-04 -8.1673690769e-02 1.1860966956e-02 3.3654981465e-04 -3.0693551836e-04 4.7044113981e-03 -1.1676487411e-04
76                 -8.2057990285e-02 1.6427410917e-02 1.8578845181e-04 -8.1732880569e-02 1.1726656235e-02 3.0761620249e-04 -3.2510971674e-04 4.7007546825e-03 -1.2182775068e-04
77                 -8.1383368617e-02 1.6530017090e-02 2.4976432735e-04 -8.1074961874e-02 1.1829518334e-02 3.6676382737e-04 -3.0840674316e-04 4.7004987555e-03 -1.1699950002e-04
78                 -8.1475246645e-02 1.6409591862e-02 2.2078585138e-04 -8.1151380226e-02 1.1708643438e-02 3.4205822174e-04 -3.2386641971e-04 4.7009484239e-03 -1.2127237036e-04
79                 -8.0838363187e-02 1.6550094670e-02 2.8901619132e-04 -8.0531710445e-02 1.1850984029e-02 4.0529604143e-04 -3.0665274181e-04 4.6991106414e-03 -1.1627985011e-04
80                 -8.0981172394e-02 1.6424422980e-02 2.5330909897e-04 -8.0657346492e-02 1.1728150013e-02 3.7410412048e-04 -3.2382590139e-04 4.6962729667e-03 -1.2079502151e-04
81                 -8.0365705495e-02 1.6527378491e-02 3.2008686419e-04 -8.0058151145e-02 1.1831965428e-02 4.3628597638e-04 -3.0755435061e-04 4.6954130631e-03 -1.1619911220e-04
82                 -8.0563909339e-02 1.6392583202e-02 2.8250465863e-04 -8.0239903724e-02 1.1697368104e-02 4.0332497220e-04 -3.2400561539e-04 4.6952150984e-03 -1.2082031357e-04
83                 -7.9933071005e-02 1.6544811381e-02 3.5537729723e-04 -7.9627603911e-02 1.1850775575e-02 4.7082160704e-04 -3.0546709398e-04 4.6940358064e-03 -1.1544430980e-04
84                 -8.0102877382e-02 1.6413042704e-02 3.1531570536e-04 -7.9780391477e-02 1.1721593038e-02 4.3550407468e-04 -3.2248590547e-04 4.6914496661e-03 -1.2018836932e-04
85                 -7.9546072051e-02 1.6519443632e-02 3.7475143661e-04 -7.9238091338e-02 1.1829156835e-02 4.9068726430e-04 -3.0798071305e-04 4.6902867971e-03 -1.1593582768e-04
86                 -7.9769665937e-02 1.6397532232e-02 3.3023555452e-04 -7.9446109040e-02 1.1707270262e-02 4.5053074040e-04 -3.2355689721e-04 4.6902619704e-03 -1.2029518588e-04
87                 -7.9142808580e-02 1.6523976600e-02 4.0267995131e-04 -7.8836923393e-02 1.1834213514e-02 5.1799677583e-04 -3.0588518742e-04 4.6897630861e-03 -1.1531682452e-04
88                 -7.9386909463e-02 1.6390573308e-02 3.5407418273e-04 -7.9064873134e-02 1.1703862356e-02 4.7378935605e-04 -3.2203632903e-04 4.6867109526e-03 -1.1971517332e-04
89                 -7.8798808389e-02 1.6512077487e-02 4.1971356844e-04 -7.8492909669e-02 1.1824048107e-02 5.3505415079e-04 -3.0589872001e-04 4.6880293800e-03 -1.1534058235e-04
90                 -7.9056694864e-02 1.6397102529e-02 3.7319044292e-04 -7.8735980981e-02 1.1708844552e-02 4.9267193239e-04 -3.2071388335e-04 4.6882579768e-03 -1.1948148947e-04
91                 -7.8467283955e-02 1.6520896537e-02 4.4069512579e-04 -7.8162034107e-02 1.1833527753e-02 5.5565046394e-04 -3.0524984813e-04 4.6873687842e-03 -1.1495533814e-04
92                 -7.8759084205e-02 1.6377223863e-02 3.8426030703e-04 -7.8435937376e-02 1.1693042060e-02 5.0384208509e-04 -3.2314682849e-04 4.6841818027e-03 -1.1958177806e-04
93                 -7.8161780690e-02 1.6504382657e-02 4.4997769705e-04 -7.7854870178e-02 1.1818554548e-02 5.6526515689e-04 -3.0691051196e-04 4.6858281088e-03 -1.1528745984e-04
94                 -7.8436646526e-02 1.6374850269e-02 3.9668797134e-04 -7.8115479831e-02 1.1688934120e-02 5.1591783776e-04 -3.2116669530e-04 4.6859161494e-03 -1.1922986642e-04
95                 -7.7841991898e-02 1.6509584071e-02 4.6034980886e-04 -7.7537692614e-02 1.1821948265e-02 5.7492801046e-04 -3.0429928400e-04 4.6876358061e-03 -1.1457820161e-04
96                 -7.8136278498e-02 1.6377660810e-02 4.0692841856e-04 -7.7816007508e-02 1.1695108630e-02 5.2571378862e-04 -3.2027099048e-04 4.6825521793e-03 -1.1878537007e-04
97                 -7.7552903162e-02 1.6488873872e-02 4.7337064594e-04 -7.7245828699e-02 1.1803849722e-02 5.8856430559e-04 -3.0707446298e-04 4.6850241502e-03 -1.1519365965e-04
98                 -7.7890743081e-02 1.6369872178e-02 4.0937221407e-04 -7.7569231106e-02 1.1687318656e-02 5.2853990758e-04 -3.2151197498e-04 4.6825535227e-03 -1.1916769351e-04
99                 -7.7294536959e-02 1.6501943964e-02 4.8424347023e-04 -7.6988951894e-02 1.1818386502e-02 5.9901832050e-04 -3.0558506476e-04 4.6835574617e-03 -1.1477485027e-04
100                -7.7669519146e-02 1.6357776092e-02 4.2150129312e-04 -7.7348847417e-02 1.1678134831e-02 5.4051716699e-04 -3.2067172905e-04 4.6796412607e-03 -1.1901587387e-04
101                -7.7095229845e-02 1.6480644120e-02 4.8881533768e-04 -7.6790619520e-02 1.1796349904e-02 6.0347519379e-04 -3.0461032504e-04 4.6842942166e-03 -1.1465985610e-04
102                -7.7445190364e-02 1.6362851744e-02 4.3324592938e-04 -7.7126811936e-02 1.1679955193e-02 5.5191757484e-04 -3.1837842796e-04 4.6828965513e-03 -1.1867164546e-04
103                -7.6892717179e-02 1.6502125686e-02 5.0498383942e-04 -7.6589092256e-02 1.1817249672e-02 6.1949401491e-04 -3.0362492266e-04 4.6848760148e-03 -1.1451017549e-04
104                -7.7277076701e-02 1.6360965956e-02 4.4049451733e-04 -7.6957397143e-02 1.1680062832e-02 5.5938042421e-04 -3.1967955865e-04 4.6809031235e-03 -1.1888590688e-04
105                -7.6763275681e-02 1.6479135238e-02 5.0753078408e-04 -7.6457715952e-02 1.1795899306e-02 6.2258436822e-04 -3.0555972942e-04 4.6832359314e-03 -1.1505358415e-04
106                -7.7113722803e-02 1.6360873499e-02 4.5482383298e-04 -7.6794729117e-02 1.1676924884e-02 5.7395433983e-04 -3.1899368621e-04 4.6839486157e-03 -1.1913050685e-04
107                -7.6622408971e-02 1.6481139892e-02 5.1610011075e-04 -7.6320160169e-02 1.1796582391e-02 6.3039251739e-04 -3.0224880214e-04 4.6845575013e-03 -1.1429240664e-04
108                -7.6982222579e-02 1.6374735443e-02 4.5790369962e-04 -7.6665999209e-02 1.1693855779e-02 5.7602848586e-04 -3.1622336987e-04 4.6808796642e-03 -1.1812478624e-04
109                -7.6491572245e-02 1.6487131442e-02 5.2201628305e-04 -7.6188959542e-02 1.1804832746e-02 6.3635318453e-04 -3.0261270355e-04 4.6822986960e-03 -1.1433690148e-04
110                -7.6829917567e-02 1.6340454805e-02 4.7083852018e-04 -7.6510015546e-02 1.1659047014e-02 5.9003478356e-04 -3.1990202046e-04 4.6814077907e-03 -1.1919626339e-04
111                -7.6419237813e-02 1.6480709863e-02 5.2747841525e-04 -7.6115384248e-02 1.1799558809e-02 6.4196967394e-04 -3.0385356507e-04 4.6811510532e-03 -1.1449125869e-04
112                -7.6787911911e-02 1.6365246298e-02 4.7585255609e-04 -7.6468354135e-02 1.1686312610e-02 5.9463972688e-04 -3.1955777626e-04 4.6789336887e-03 -1.1878717079e-04
113                -7.6313531267e-02 1.6481613556e-02 5.3359548986e-04 -7.6009792522e-02 1.1801096564e-02 6.4802068626e-04 -3.0373874529e-04 4.6805169913e-03 -1.1442519640e-04
114                -7.6698416902e-02 1.6333197206e-02 4.8222376153e-04 -7.6378853302e-02 1.1652798036e-02 6.0107518738e-04 -3.1956359994e-04 4.6803991707e-03 -1.1885142586e-04
115                -7.6270197068e-02 1.6480697341e-02 5.4864542097e-04 -7.5967928068e-02 1.1799004658e-02 6.6275844893e-04 -3.0226899985e-04 4.6816926831e-03 -1.1411302796e-04
116                -7.6686275580e-02 1.6378840354e-02 4.9134172856e-04 -7.6367715549e-02 1.1699932485e-02 6.0963931121e-04 -3.1856003129e-04 4.6789078688e-03 -1.1829758265e-04
117                -7.6238983267e-02 1.6482929398e-02 5.5753839209e-04 -7.5934356574e-02 1.1804280908e-02 6.7219366497e-04 -3.0462669292e-04 4.6786484901e-03 -1.1465527288e-04
118                -7.6688456268e-02 1.6335180961e-02 5.0329341458e-04 -7.6367954387e-02 1.1656031758e-02 6.2244932196e-04 -3.2050188135e-04 4.6791492035e-03 -1.1915590738e-04
119                -7.6283753889e-02 1.6480422209e-02 5.6390015941e-04 -7.5981748010e-02 1.1800557993e-02 6.7793360387e-04 -3.0200587909e-04 4.6798642157e-03 -1.1403344446e-04
120                -7.6679446767e-02 1.6377476217e-02 5.0935611830e-04 -7.6362847063e-02 1.1698746201e-02 6.2745275464e-04 -3.1659970464e-04 4.6787300161e-03 -1.1809663634e-04
121                -7.6227669144e-02 1.6485538486e-02 5.7351556985e-04 -7.5924967854e-02 1.1806032054e-02 6.8774266044e-04 -3.0270129017e-04 4.6795064326e-03 -1.1422709060e-04
122                -7.6680188297e-02 1.6349356836e-02 5.1133572105e-04 -7.6360245759e-02 1.1671417052e-02 6.3027623216e-04 -3.1994253850e-04 4.6779397845e-03 -1.1894051111e-04
123                -7.6267473345e-02 1.6494278645e-02 5.7701816074e-04 -7.5964570159e-02 1.1817024216e-02 6.9125927555e-04 -3.0290318594e-04 4.6772544288e-03 -1.1424111481e-04
124                -7.6702054557e-02 1.6374962861e-02 5.2198994813e-04 -7.6382605185e-02 1.1699548056e-02 6.4072208902e-04 -3.1944937224e-04 4.6754148053e-03 -1.1873214089e-04
125                -7.6278122047e-02 1.6483330681e-02 5.8069485848e-04 -7.5975528078e-02 1.1806148738e-02 6.9488158720e-04 -3.0259396872e-04 4.6771819426e-03 -1.1418672872e-04
126                -7.6700940636e-02 1.6350614964e-02 5.2089399657e-04 -7.6383394739e-02 1.1673605235e-02 6.3946906712e-04 -3.1754589767e-04 4.6770097282e-03 -1.1857507056e-04
127                -7.6269791681e-02 1.6491568636e-02 5.8208220505e-04 -7.5968834952e-02 1.1813266587e-02 6.9598193129e-04 -3.0095672876e-04 4.6783020487e-03 -1.1389972624e-04
128                -7.6651372041e-02 1.6377807307e-02 5.2071634817e-04 -7.6333352975e-02 1.1701270697e-02 6.3935031335e-04 -3.1801906546e-04 4.6765366099e-03 -1.1863396518e-04
129                -7.6216996986e-02 1.6481509868e-02 5.7286380310e-04 -7.5913193096e-02 1.1804889312e-02 6.8768527442e-04 -3.0380389017e-04 4.6766205559e-03 -1.1482147132e-04
130                -7.6607977829e-02 1.6343536887e-02 5.1305042961e-04 -7.6288154706e-02 1.1665244799e-02 6.3231852961e-04 -3.1982312328e-04 4.6782920886e-03 -1.1926809999e-04
131                -7.6152371013e-02 1.6476286548e-02 5.6796702850e-04 -7.5851692439e-02 1.1796656057e-02 6.8188944371e-04 -3.0067857400e-04 4.6796304903e-03 -1.1392241522e-04
132                -7.6500721092e-02 1.6363020685e-02 5.1202801610e-04 -7.6184907007e-02 1.1685564811e-02 6.3015166193e-04 -3.1581408495e-04 4.6774558741e-03 -1.1812364583e-04
133                -7.6063081840e-02 1.6474820570e-02 5.6628723699e-04 -7.5761884571e-02 1.1796664256e-02 6.8033399243e-04 -3.0119726935e-04 4.6781563141e-03 -1.1404675544e-04
134                -7.6441712153e-02 1.6342486827e-02 5.0731861600e-04 -7.6122957720e-02 1.1665633302e-02 6.2605217077e-04 -3.1875443313e-04 4.6768535251e-03 -1.1873355477e-04
135                -7.6009301243e-02 1.6473232486e-02 5.6517772157e-04 -7.5705842177e-02 1.1796363822e-02 6.7945192752e-04 -3.0345906633e-04 4.6768686638e-03 -1.1427420594e-04
136                -7.6410661579e-02 1.6360443070e-02 5.1515253549e-04 -7.6091837700e-02 1.1686353798e-02 6.3372397704e-04 -3.1882387859e-04 4.6740892718e-03 -1.1857144155e-04
137                -7.6006771662e-02 1.6468652824e-02 5.7068144556e-04 -7.5702847237e-02 1.1793389779e-02 6.8501249770e-04 -3.0392442408e-04 4.6752630444e-03 -1.1433105214e-04
138                -7.6423027597e-02 1.6341069411e-02 5.2115725752e-04 -7.6104911858e-02 1.1667299450e-02 6.3961016373e-04 -3.1811573905e-04 4.6737699608e-03 -1.1845290621e-04
139                -7.6027274916e-02 1.6472763526e-02 5.8235650198e-04 -7.5726052752e-02 1.1796952541e-02 6.9599326709e-04 -3.0122216343e-04 4.6758109849e-03 -1.1363676511e-04
140                -7.6451831929e-02 1.6369984648e-02 5.2173014264e-04 -7.6134633660e-02 1.1696938823e-02 6.4001310291e-04 -3.1719826921e-04 4.6730458250e-03 -1.1828296027e-04
141                -7.6050913830e-02 1.6479291881e-02 5.7746189423e-04 -7.5746984815e-02 1.1806475151e-02 6.9197103507e-04 -3.0392901503e-04 4.6728167298e-03 -1.1450914084e-04
142                -7.6467427073e-02 1.6333010282e-02 5.2191142887e-04 -7.6147284509e-02 1.1661358226e-02 6.4099559135e-04 -3.2014256359e-04 4.6716520563e-03 -1.1908416248e-04
143                -7.6072147100e-02 1.6462361982e-02 5.7499617304e-04 -7.5769796354e-02 1.1788031510e-02 6.8904239743e-04 -3.0235074640e-04 4.6743304718e-03 -1.1404622439e-04
144                -7.6456266417e-02 1.6367477532e-02 5.2181187599e-04 -7.6140987502e-02 1.1694954923e-02 6.3971376805e-04 -3.1527891542e-04 4.6725226089e-03 -1.1790189206e-04
145                -7.6032498326e-02 1.6482930076e-02 5.7617256706e-04 -7.5731591356e-02 1.1808688503e-02 6.8995525701e-04 -3.0090696922e-04 4.6742415736e-03 -1.1378268995e-04
146                -7.6429104556e-02 1.6340981647e-02 5.1248043553e-04 -7.6111049109e-02 1.1668064853e-02 6.3116644438e-04 -3.1805544686e-04 4.6729167939e-03 -1.1868600885e-04
147                -7.6008588191e-02 1.6469767087e-02 5.7025936766e-04 -7.5704546689e-02 1.1796522765e-02 6.8482309416e-04 -3.0404150222e-04 4.6732443218e-03 -1.1456372650e-04
148                -7.6421057682e-02 1.6356922745e-02 5.1607965424e-04 -7.6102453212e-02 1.1686362054e-02 6.3462607040e-04 -3.1860447073e-04 4.6705606902e-03 -1.1854641616e-04
149                -7.6006310922e-02 1.6464967482e-02 5.6837334389e-04 -7.5702771371e-02 1.1793003251e-02 6.8275228843e-04 -3.0353955074e-04 4.6719642308e-03 -1.1437894455e-04
150                -7.6398992315e-02 1.6338345425e-02 5.1816456820e-04 -7.6081069411e-02 1.1665661223e-02 6.3664395566e-04 -3.1792290406e-04 4.6726842017e-03 -1.1847938745e-04
151                -7.6003628035e-02 1.6471901368e-02 5.7683478756e-04 -7.5702767869e-02 1.1796834358e-02 6.9044744922e-04 -3.0086016576e-04 4.6750670100e-03 -1.1361266166e-04
152                -7.6424105751e-02 1.6368567311e-02 5.1860355157e-04 -7.6106887753e-02 1.1696934143e-02 6.3672052720e-04 -3.1721799815e-04 4.6716331679e-03 -1.1811697564e-04
153                -7.6018697054e-02 1.6484145866e-02 5.7785318222e-04 -7.5714181514e-02 1.1813566813e-02 6.9245448846e-04 -3.0451553934e-04 4.6705790535e-03 -1.1460130624e-04
154                -7.6471432546e-02 1.6333140209e-02 5.2273431187e-04 -7.6150036913e-02 1.1661886951e-02 6.4191540637e-04 -3.2139563254e-04 4.6712532583e-03 -1.1918109450e-04
155                -7.6101931572e-02 1.6473930793e-02 5.7987783118e-04 -7.5800079679e-02 1.1800609752e-02 6.9363820674e-04 -3.0185189365e-04 4.6733210411e-03 -1.1376037556e-04
156                -7.6523984825e-02 1.6373695003e-02 5.2849257626e-04 -7.6207969533e-02 1.1702497413e-02 6.4633734319e-04 -3.1601529156e-04 4.6711975906e-03 -1.1784476694e-04
157                -7.6123410136e-02 1.6491364412e-02 5.8775910768e-04 -7.5821492003e-02 1.1818935769e-02 7.0170588664e-04 -3.0191813360e-04 4.6724286426e-03 -1.1394677896e-04
158                -7.6579417520e-02 1.6349398088e-02 5.2406935316e-04 -7.6260283262e-02 1.1677999931e-02 6.4272411982e-04 -3.1913425804e-04 4.6713981572e-03 -1.1865476666e-04
159                -7.6187572277e-02 1.6477433142e-02 5.8501769028e-04 -7.5884655010e-02 1.1806375937e-02 6.9915811229e-04 -3.0291726658e-04 4.6710572044e-03 -1.1414042201e-04
160                -7.6601466547e-02 1.6372040413e-02 5.3520316927e-04 -7.6282197677e-02 1.1701306962e-02 6.5382123276e-04 -3.1926886973e-04 4.6707334515e-03 -1.1861806350e-04
161                -7.6216779352e-02 1.6480835442e-02 5.8606490340e-04 -7.5913570431e-02 1.1809443699e-02 7.0025456909e-04 -3.0320892036e-04 4.6713917427e-03 -1.1418966568e-04
162                -7.6618528759e-02 1.6348257729e-02 5.2952358803e-04 -7.6300764361e-02 1.1676795675e-02 6.4790114883e-04 -3.1776439817e-04 4.6714620533e-03 -1.1837756080e-04
163                -7.6188951419e-02 1.6481715741e-02 5.9107162684e-04 -7.5887288170e-02 1.1808542171e-02 7.0486905712e-04 -3.0166324819e-04 4.6731735703e-03 -1.1379743029e-04
164                -7.6611590788e-02 1.6378231441e-02 5.2851886217e-04 -7.6293816930e-02 1.1706827539e-02 6.4678720045e-04 -3.1777385760e-04 4.6714039018e-03 -1.1826833828e-04
165                -7.6197687801e-02 1.6487709385e-02 5.8351860929e-04 -7.5893089373e-02 1.1817740350e-02 6.9805442958e-04 -3.0459842810e-04 4.6699690350e-03 -1.1453582029e-04
166                -7.6598722809e-02 1.6349429078e-02 5.3300165864e-04 -7.6278750063e-02 1.1679044989e-02 6.5185002980e-04 -3.1997274611e-04 4.6703840885e-03 -1.1884837116e-04
167                -7.6199479476e-02 1.6469739986e-02 5.9081542910e-04 -7.5896941200e-02 1.1798399208e-02 7.0484085020e-04 -3.0253827606e-04 4.6713407775e-03 -1.1402542111e-04
168                -7.6629206551e-02 1.6372990728e-02 5.3675980539e-04 -7.6312775195e-02 1.1703316080e-02 6.5471367214e-04 -3.1643135624e-04 4.6696746478e-03 -1.1795386675e-04
169                -7.6202867894e-02 1.6494385783e-02 5.9688339044e-04 -7.5900887757e-02 1.1823519792e-02 7.1088645185e-04 -3.0198013755e-04 4.6708659917e-03 -1.1400306142e-04
170                -7.6636031877e-02 1.6351857277e-02 5.3048329387e-04 -7.6316854890e-02 1.1681221221e-02 6.4922883002e-04 -3.1917698676e-04 4.6706360561e-03 -1.1874553615e-04
171                -7.6220894919e-02 1.6479126905e-02 5.9266754866e-04 -7.5917056781e-02 1.1808862755e-02 7.0707878218e-04 -3.0383813725e-04 4.6702641502e-03 -1.1441123352e-04
172                -7.6629780419e-02 1.6366604660e-02 5.3999638691e-04 -7.6310616272e-02 1.1697238630e-02 6.5852811051e-04 -3.1916414739e-04 4.6693660298e-03 -1.1853172360e-04
173                -7.6229772617e-02 1.6479053923e-02 5.8663142491e-04 -7.5926788805e-02 1.1809515317e-02 7.0086015119e-04 -3.0298381218e-04 4.6695386070e-03 -1.1422872628e-04
174                -7.6607581967e-02 1.6345902099e-02 5.3214933312e-04 -7.6288866217e-02 1.1675319160e-02 6.5083342341e-04 -3.1871574984e-04 4.6705829390e-03 -1.1868409029e-04
175                -7.6190324848e-02 1.6482539215e-02 5.8769708126e-04 -7.5889662555e-02 1.1809726865e-02 7.0129687579e-04 -3.0066229247e-04 4.6728123499e-03 -1.1359979453e-04
176                -7.6576436746e-02 1.6367941932e-02 5.2695544138e-04 -7.6258819889e-02 1.1697553000e-02 6.4526461088e-04 -3.1761685619e-04 4.6703889317e-03 -1.1830916950e-04
177                -7.6132852984e-02 1.6480557802e-02 5.8240440373e-04 -7.5828177131e-02 1.1810847196e-02 6.9720361483e-04 -3.0467585322e-04 4.6697106058e-03 -1.1479921110e-04
178                -7.6569640739e-02 1.6342510991e-02 5.2470576556e-04 -7.6248456018e-02 1.1672785516e-02 6.4388742037e-04 -3.2118472102e-04 4.6697254749e-03 -1.1918165481e-04
179                -7.6164367349e-02 1.6472366953e-02 5.8245203576e-04 -7.5862621018e-02 1.1799994081e-02 6.9622479993e-04 -3.0174633054e-04 4.6723728711e-03 -1.1377276416e-04
180                -7.6572331692e-02 1.6364357232e-02 5.3039886294e-04 -7.6255706063e-02 1.1694689702e-02 6.4842043283e-04 -3.1662562895e-04 4.6696675305e-03 -1.1802156989e-04
181                -7.6137055120e-02 1.6492707995e-02 5.9497917292e-04 -7.5834755070e-02 1.1821398874e-02 7.0902487266e-04 -3.0230005072e-04 4.6713091210e-03 -1.1404569974e-04
182                -7.6616509334e-02 1.6350578399e-02 5.2721705799e-04 -7.6297130968e-02 1.1681444574e-02 6.4589361566e-04 -3.1937836576e-04 4.6691338251e-03 -1.1867655766e-04
183                -7.6185989609e-02 1.6476241468e-02 5.9220055514e-04 -7.5881153885e-02 1.1807062727e-02 7.0669566207e-04 -3.0483572421e-04 4.6691787410e-03 -1.1449510693e-04
184                -7.6646215793e-02 1.6362693189e-02 5.4354519242e-04 -7.6326647213e-02 1.1694901331e-02 6.6216750450e-04 -3.1956857968e-04 4.6677918583e-03 -1.1862231208e-04
185                -7.6267156158e-02 1.6486565678e-02 6.0199414523e-04 -7.5963411287e-02 1.1817402644e-02 7.1628956146e-04 -3.0374487060e-04 4.6691630336e-03 -1.1429541623e-04
186                -7.6738596047e-02 1.6365728145e-02 5.5140734811e-04 -7.6421093211e-02 1.1697411348e-02 6.6970664951e-04 -3.1750283581e-04 4.6683167963e-03 -1.1829930140e-04
187                -7.6342205024e-02 1.6494676581e-02 6.1670446524e-04 -7.6040430540e-02 1.1824714726e-02 7.3058240300e-04 -3.0177448379e-04 4.6699618550e-03 -1.1387793777e-04
188                -7.6820640120e-02 1.6371087433e-02 5.5454153591e-04 -7.6503343025e-02 1.1704323440e-02 6.7277666434e-04 -3.1729709489e-04 4.6667639929e-03 -1.1823512843e-04
189                -7.6403814426e-02 1.6499981261e-02 6.1707837967e-04 -7.6099079590e-02 1.1832409493e-02 7.3174543154e-04 -3.0473483552e-04 4.6675717677e-03 -1.1466705187e-04
190                -7.6884647924e-02 1.6364198409e-02 5.5885331034e-04 -7.6565261419e-02 1.1697391728e-02 6.7774858041e-04 -3.1938650452e-04 4.6668066806e-03 -1.1889527007e-04
191                -7.6461754207e-02 1.6483845552e-02 6.1603811666e-04 -7.6158856457e-02 1.1813996572e-02 7.3031466792e-04 -3.0289774935e-04 4.6698489802e-03 -1.1427655126e-04
192                -7.6903601101e-02 1.6381215955e-02 5.5716489205e-04 -7.6587940411e-02 1.1714381470e-02 6.7515284951e-04 -3.1566068992e-04 4.6668344855e-03 -1.1798795746e-04
193                -7.6452643747e-02 1.6507478734e-02 6.1400894630e-04 -7.6150111033e-02 1.1838212564e-02 7.2828376860e-04 -3.0253271407e-04 4.6692661708e-03 -1.1427482230e-04
194                -7.6919576844e-02 1.6358796738e-02 5.3741373623e-04 -7.6600952002e-02 1.1691527685e-02 6.5616169948e-04 -3.1862484135e-04 4.6672690528e-03 -1.1874796326e-04
195                -7.6454054427e-02 1.6479528240e-02 5.9481921121e-04 -7.6148918822e-02 1.1811047569e-02 7.0957836379e-04 -3.0513560526e-04 4.6684806710e-03 -1.1475915258e-04
196                -7.6870672775e-02 1.6366424176e-02 5.3850958843e-04 -7.6552392327e-02 1.1699187455e-02 6.5699819989e-04 -3.1828044742e-04 4.6672367215e-03 -1.1848861146e-04
197                -7.6438559483e-02 1.6492107536e-02 5.8949986069e-04 -7.6135052513e-02 1.1822689498e-02 7.0391379131e-04 -3.0350696936e-04 4.6694180381e-03 -1.1441393062e-04
198                -7.6849478845e-02 1.6358436362e-02 5.2998041779e-04 -7.6531708886e-02 1.1690549795e-02 6.4843986200e-04 -3.1776995886e-04 4.6678865676e-03 -1.1845944421e-04
199                -7.6396320066e-02 1.6486527687e-02 5.8952388033e-04 -7.6093274531e-02 1.1815768306e-02 7.0352180401e-04 -3.0304553469e-04 4.6707593804e-03 -1.1399792368e-04
200                -7.6828504001e-02 1.6366487401e-02 5.2619535572e-04 -7.6510908527e-02 1.1698391020e-02 6.4444241866e-04 -3.1759547367e-04 4.6680963808e-03 -1.1824706294e-04
201                -7.6372106388e-02 1.6503189021e-02 5.8840792879e-04 -7.6067665264e-02 1.1833827818e-02 7.0301227626e-04 -3.0444112375e-04 4.6693612034e-03 -1.1460434747e-04
202                -7.6823786181e-02 1.6358110546e-02 5.3416051445e-04 -7.6503515059e-02 1.1690407600e-02 6.5304133670e-04 -3.2027112207e-04 4.6677029453e-03 -1.1888082225e-04
203                -7.6418715694e-02 1.6479148656e-02 5.9054734100e-04 -7.6115100557e-02 1.1809741659e-02 7.0477446837e-04 -3.0361513772e-04 4.6694069966e-03 -1.1422712737e-04
204                -7.6841474537e-02 1.6372279081e-02 5.4278305956e-04 -7.6524825124e-02 1.1704530943e-02 6.6082318210e-04 -3.1664941249e-04 4.6677481377e-03 -1.1804012254e-04
205                -7.6394459040e-02 1.6509152877e-02 6.0648567291e-04 -7.6091785230e-02 1.1838248304e-02 7.2060525952e-04 -3.0267380991e-04 4.6709045731e-03 -1.1411958661e-04
206                -7.6869234530e-02 1.6362169424e-02 5.3634854981e-04 -7.6550410429e-02 1.1693549707e-02 6.5500357596e-04 -3.1882410100e-04 4.6686197171e-03 -1.1865502615e-04
207                -7.6421940072e-02 1.6483354344e-02 5.9524417443e-04 -7.6117268904e-02 1.1814411389e-02 7.0984623604e-04 -3.0467116832e-04 4.6689429549e-03 -1.1460206161e-04
208                -7.6832136822e-02 1.6372256968e-02 5.4705361390e-04 -7.6513239312e-02 1.1704526584e-02 6.6573217984e-04 -3.1889750958e-04 4.6677303841e-03 -1.1867856594e-04
209                -7.6420413477e-02 1.6487692292e-02 5.9833595996e-04 -7.6117058199e-02 1.1817851155e-02 7.1267001658e-04 -3.0335527808e-04 4.6698411371e-03 -1.1433405662e-04
210                -7.6842642639e-02 1.6361129398e-02 5.3946949041e-04 -7.6524650498e-02 1.1691474547e-02 6.5812317898e-04 -3.1799214144e-04 4.6696548504e-03 -1.1865368857e-04
211                -7.6405569190e-02 1.6490042298e-02 5.9691871253e-04 -7.6103170805e-02 1.1818674562e-02 7.1104809860e-04 -3.0239838476e-04 4.6713677359e-03 -1.1412938607e-04
212                -7.6822598768e-02 1.6377212128e-02 5.3097422400e-04 -7.6504927544e-02 1.1707855874e-02 6.4938345179e-04 -3.1767122367e-04 4.6693562540e-03 -1.1840922779e-04
213                -7.6381619450e-02 1.6498502340e-02 5.8462574325e-04 -7.6077131705e-02 1.1829022117e-02 6.9931556306e-04 -3.0448774530e-04 4.6694802230e-03 -1.1468981981e-04
214                -7.6814728533e-02 1.6358081152e-02 5.2834046971e-04 -7.6494430016e-02 1.1688393693e-02 6.4747564863e-04 -3.2029851678e-04 4.6696874586e-03 -1.1913517891e-04
215                -7.6396464402e-02 1.6485432982e-02 5.8308806146e-04 -7.6093853330e-02 1.1815243939e-02 6.9713330744e-04 -3.0261107247e-04 4.6701890428e-03 -1.1404524599e-04
216                -7.6786269939e-02 1.6371884349e-02 5.3028523292e-04 -7.6469786648e-02 1.1701830403e-02 6.4844109698e-04 -3.1648329158e-04 4.6700539458e-03 -1.1815586406e-04
217                -7.6357165129e-02 1.6494361616e-02 5.8598119888e-04 -7.6054863675e-02 1.1823539728e-02 7.0021739408e-04 -3.0230145361e-04 4.6708218874e-03 -1.1423619520e-04
218                -7.6788897350e-02 1.6365584218e-02 5.2184552966e-04 -7.6470337208e-02 1.1695179447e-02 6.4048568215e-04 -3.1856014252e-04 4.6704047709e-03 -1.1864015249e-04
219                -7.6329905209e-02 1.6491841958e-02 5.8198128033e-04 -7.6026553134e-02 1.1821961357e-02 6.9629113401e-04 -3.0335207456e-04 4.6698806013e-03 -1.1430985368e-04
220                -7.6736569444e-02 1.6358084294e-02 5.3275682638e-04 -7.6416359522e-02 1.1689423818e-02 6.5169407242e-04 -3.2020992194e-04 4.6686604759e-03 -1.1893724604e-04
221                -7.6340436582e-02 1.6491036494e-02 5.8556624719e-04 -7.6037076019e-02 1.1821303602e-02 6.9989873983e-04 -3.0336056349e-04 4.6697328921e-03 -1.1433249264e-04
222                -7.6739712807e-02 1.6363354056e-02 5.3543889924e-04 -7.6421388567e-02 1.1693211187e-02 6.5404551881e-04 -3.1832423965e-04 4.6701428693e-03 -1.1860661957e-04
223                -7.6326708777e-02 1.6494207059e-02 5.9341925910e-04 -7.6025490003e-02 1.1822824188e-02 7.0718851433e-04 -3.0121877321e-04 4.6713828708e-03 -1.1376925523e-04
224                -7.6736980193e-02 1.6371801218e-02 5.3448423124e-04 -7.6419687104e-02 1.1702452116e-02 6.5288235027e-04 -3.1729308939e-04 4.6693491025e-03 -1.1839811903e-04
225                -7.6291367978e-02 1.6495063524e-02 5.9221329975e-04 -7.5987508086e-02 1.1825265146e-02 7.0692413558e-04 -3.0385989217e-04 4.6697983784e-03 -1.1471083583e-04
226                -7.6718198717e-02 1.6357544539e-02 5.4040134219e-04 -7.6398210983e-02 1.1687431212e-02 6.5951460419e-04 -3.1998773392e-04 4.6701133276e-03 -1.1911326200e-04
227                -7.6322394321e-02 1.6482388339e-02 5.9114009086e-04 -7.6020367534e-02 1.1812138432e-02 7.0520582662e-04 -3.0202678678e-04 4.6702499065e-03 -1.1406573576e-04
228                -7.6710356015e-02 1.6370015736e-02 5.3926306977e-04 -7.6393691086e-02 1.1700448288e-02 6.5762509665e-04 -3.1666492959e-04 4.6695674478e-03 -1.1836202688e-04
229                -7.6287439828e-02 1.6495522249e-02 5.9741732113e-04 -7.5985909408e-02 1.1824393642e-02 7.1144756883e-04 -3.0153041984e-04 4.6711286067e-03 -1.1403024769e-04
230                -7.6720725254e-02 1.6361991016e-02 5.3294836062e-04 -7.6402525870e-02 1.1691793168e-02 6.5168964500e-04 -3.1819938409e-04 4.6701978489e-03 -1.1874128437e-04
231                -7.6279126822e-02 1.6486000202e-02 5.8987874324e-04 -7.5975864406e-02 1.1815910637e-02 7.0432135715e-04 -3.0326241637e-04 4.6700895652e-03 -1.1444261392e-04
232                -7.6697044666e-02 1.6362456154e-02 5.3664758684e-04 -7.6377541344e-02 1.1693701975e-02 6.5566871918e-04 -3.1950332140e-04 4.6687541799e-03 -1.1902113234e-04
233                -7.6307309634e-02 1.6480429037e-02 5.8723748421e-04 -7.6003973455e-02 1.1811112908e-02 7.0163852949e-04 -3.0333617893e-04 4.6693161287e-03 -1.1440104528e-04
234                -7.6695255209e-02 1.6361927928e-02 5.3698536764e-04 -7.6378365675e-02 1.1691567563e-02 6.5538112559e-04 -3.1688953397e-04 4.6703603652e-03 -1.1839575795e-04
235                -7.6269937479e-02 1.6488784993e-02 5.9196800971e-04 -7.5968976895e-02 1.1817162673e-02 7.0582223550e-04 -3.0096058390e-04 4.6716223194e-03 -1.1385422579e-04
236                -7.6691529895e-02 1.6368983696e-02 5.2723231862e-04 -7.6373396588e-02 1.1699542905e-02 6.4580762919e-04 -3.1813330681e-04 4.6694407904e-03 -1.1857531056e-04
237                -7.6253305034e-02 1.6488358843e-02 5.8372027186e-04 -7.5948755141e-02 1.1818535007e-02 6.9848763985e-04 -3.0454989280e-04 4.6698238354e-03 -1.1476736800e-04
238                -7.6676290169e-02 1.6351062348e-02 5.3005274338e-04 -7.6355915589e-02 1.1681435788e-02 6.4910109030e-04 -3.2037457983e-04 4.6696265602e-03 -1.1904834692e-04
239                -7.6271750140e-02 1.6472930283e-02 5.8224553397e-04 -7.5968465892e-02 1.1801921087e-02 6.9640238068e-04 -3.0328424853e-04 4.6710091958e-03 -1.1415684671e-04
240                -7.6669782212e-02 1.6365115619e-02 5.3161494974e-04 -7.6352645177e-02 1.1694203827e-02 6.4984824484e-04 -3.1713703499e-04 4.6709117914e-03 -1.1823329510e-04
241                -7.6236879705e-02 1.6493124375e-02 5.8676576119e-04 -7.5934798746e-02 1.1820274715e-02 7.0068450846e-04 -3.0208095977e-04 4.6728496596e-03 -1.1391874727e-04
242                -7.6659243642e-02 1.6355409333e-02 5.2115706188e-04 -7.6340099042e-02 1.1684475815e-02 6.3988776320e-04 -3.1914460039e-04 4.6709335184e-03 -1.1873070132e-04
243                -7.6221132193e-02 1.6474765680e-02 5.7976993482e-04 -7.5916778031e-02 1.1803046688e-02 6.9423747572e-04 -3.0435416185e-04 4.6717189924e-03 -1.1446754089e-04
244                -7.6629279347e-02 1.6351283358e-02 5.2828064520e-04 -7.6309822965e-02 1.1680869367e-02 6.4706069178e-04 -3.1945638188e-04 4.6704139905e-03 -1.1878004658e-04
245                -7.6216092126e-02 1.6483713733e-02 5.8039997764e-04 -7.5911566991e-02 1.1809845038e-02 6.9494911246e-04 -3.0452513449e-04 4.6738686944e-03 -1.1454913482e-04
246                -7.6643535069e-02 1.6356816671e-02 5.2654847702e-04 -7.6325855830e-02 1.1684407668e-02 6.4506634912e-04 -3.1767923912e-04 4.6724090032e-03 -1.1851787210e-04
247                -7.6202813980e-02 1.6490131764e-02 5.8645720071e-04 -7.5902210405e-02 1.1815668290e-02 7.0007836821e-04 -3.0060357470e-04 4.6744634741e-03 -1.1362116750e-04
248                -7.6620745095e-02 1.6355101135e-02 5.2377090112e-04 -7.6302551096e-02 1.1684456599e-02 6.4239957561e-04 -3.1819399924e-04 4.6706445359e-03 -1.1862867449e-04
249                -7.6205385902e-02 1.6482815933e-02 5.7972766929e-04 -7.5900870738e-02 1.1810827511e-02 6.9438624385e-04 -3.0451516400e-04 4.6719884217e-03 -1.1465857457e-04
250                -7.6624291207e-02 1.6356596485e-02 5.3112479699e-04 -7.6304622027e-02 1.1685365354e-02 6.5007105684e-04 -3.1966918014e-04 4.6712311314e-03 -1.1894625985e-04
251                -7.6239662659e-02 1.6475168985e-02 5.8120074162e-04 -7.5936433883e-02 1.1802607886e-02 6.9534179913e-04 -3.0322877644e-04 4.6725610992e-03 -1.1414105751e-04
252                -7.6631485755e-02 1.6367932859e-02 5.2966620983e-04 -7.6314607452e-02 1.1696608539e-02 6.4794318930e-04 -3.1687830305e-04 4.6713243196e-03 -1.1827697947e-04
253                -7.6220727739e-02 1.6489953057e-02 5.8551167600e-04 -7.5918051146e-02 1.1816483438e-02 6.9957243015e-04 -3.0267659273e-04 4.6734696186e-03 -1.1406075415e-04
254                -7.6632035934e-02 1.6361013237e-02 5.2355396147e-04 -7.6313465112e-02 1.1689790527e-02 6.4224668949e-04 -3.1857082216e-04 4.6712227099e-03 -1.1869272802e-04
255                -7.6219621878e-02 1.6472381774e-02 5.7597677536e-04 -7.5915019841e-02 1.1800875386e-02 6.9052176299e-04 -3.0460203694e-04 4.6715063882e-03 -1.1454498762e-04
256                -7.6598627178e-02 1.6353737421e-02 5.2467506483e-04 -7.6279867505e-02 1.1682849605e-02 6.4346165534e-04 -3.1875967363e-04 4.6708878154e-03 -1.1878659051e-04
257                -7.6203493735e-02 1.6479457450e-02 5.7053979456e-04 -7.5900454751e-02 1.1807314030e-02 6.8481045542e-04 -3.0303898391e-04 4.6721434203e-03 -1.1427066086e-04
258                -7.6557725774e-02 1.6360356126e-02 5.1991045677e-04 -7.6240623654e-02 1.1687033976e-02 6.3851539202e-04 -3.1710211995e-04 4.6733221501e-03 -1.1860493525e-04
259                -7.6137521073e-02 1.6479835938e-02 5.7497248043e-04 -7.5835520954e-02 1.1806177311e-02 6.8901314217e-04 -3.0200011897e-04 4.6736586276e-03 -1.1404066174e-04
260                -7.6530813129e-02 1.6358047821e-02 5.1157042481e-04 -7.6212067872e-02 1.1687094350e-02 6.3024268547e-04 -3.1874525768e-04 4.6709534713e-03 -1.1867226066e-04
261                -7.6105597102e-02 1.6477737860e-02 5.6415635352e-04 -7.5800907112e-02 1.1806824199e-02 6.7888736489e-04 -3.0468999011e-04 4.6709136606e-03 -1.1473101136e-04
262                -7.6488899262e-02 1.6345068310e-02 5.1882294467e-04 -7.6168269787e-02 1.1673474983e-02 6.3800930342e-04 -3.2062947477e-04 4.6715933268e-03 -1.1918635875e-04
263                -7.6133233420e-02 1.6467988280e-02 5.6825745760e-04 -7.5830475173e-02 1.1796766386e-02 6.8229231028e-04 -3.0275824654e-04 4.6712218933e-03 -1.1403485268e-04
264                -7.6493389790e-02 1.6361774646e-02 5.2365952205e-04 -7.6176845723e-02 1.1690203862e-02 6.4183773415e-04 -3.1654406758e-04 4.6715707838e-03 -1.1817821210e-04
265                -7.6094481980e-02 1.6483089687e-02 5.7800110321e-04 -7.5793111833e-02 1.1811039724e-02 6.9188127473e-04 -3.0137014646e-04 4.6720499631e-03 -1.1388017152e-04
266                -7.6522359919e-02 1.6349753825e-02 5.1653919827e-04 -7.6203117329e-02 1.1678733439e-02 6.3538780717e-04 -3.1924258953e-04 4.6710203863e-03 -1.1884860891e-04
267                -7.6106971865e-02 1.6473950916e-02 5.7520808286e-04 -7.5803617110e-02 1.1803888781e-02 6.8956016673e-04 -3.0335475501e-04 4.6700621350e-03 -1.1435208387e-04
268                -7.6489100402e-02 1.6348295541e-02 5.2890768646e-04 -7.6169304083e-02 1.1677596979e-02 6.4794457485e-04 -3.1979631943e-04 4.6706985629e-03 -1.1903688839e-04
269                -7.6149398330e-02 1.6478068340e-02 5.7663238324e-04 -7.5847937382e-02 1.1807349352e-02 6.9054030168e-04 -3.0146094738e-04 4.6707189878e-03 -1.1390791844e-04
270                -7.6510499763e-02 1.6361191347e-02 5.2890223948e-04 -7.6193361362e-02 1.1690282760e-02 6.4739669696e-04 -3.1713840144e-04 4.6709085871e-03 -1.1849445747e-04
271                -7.6116904960e-02 1.6477084296e-02 5.8517254730e-04 -7.5815514088e-02 1.1806512545e-02 6.9890081256e-04 -3.0139087274e-04 4.6705717511e-03 -1.1372826526e-04
272                -7.6536717226e-02 1.6362426953e-02 5.2841144195e-04 -7.6218689699e-02 1.1692728304e-02 6.4695936938e-04 -3.1802752702e-04 4.6696986490e-03 -1.1854792743e-04
273                -7.6163949883e-02 1.6476940165e-02 5.8409147015e-04 -7.5859318726e-02 1.1808727310e-02 6.9874667057e-04 -3.0463115690e-04 4.6682128541e-03 -1.1465520042e-04
274                -7.6573007684e-02 1.6358346350e-02 5.3944267207e-04 -7.6252857012e-02 1.1688406545e-02 6.5851823539e-04 -3.2015067266e-04 4.6699398053e-03 -1.1907556332e-04
275                -7.6232128868e-02 1.6474338209e-02 5.8916052686e-04 -7.5930134738e-02 1.1805055787e-02 7.0301768355e-04 -3.0199413016e-04 4.6692824220e-03 -1.1385715669e-04
276                -7.6639685282e-02 1.6369419766e-02 5.3941438763e-04 -7.6323193249e-02 1.1701033436e-02 6.5750955839e-04 -3.1649203343e-04 4.6683863299e-03 -1.1809517076e-04
277                -7.6227841736e-02 1.6488550351e-02 6.0148548794e-04 -7.5925463977e-02 1.1819346152e-02 7.1549720506e-04 -3.0237775824e-04 4.6692041994e-03 -1.1401171712e-04
278                -7.6680249920e-02 1.6362011501e-02 5.3729719760e-04 -7.6360545478e-02 1.1692891161e-02 6.5620451868e-04 -3.1970444188e-04 4.6691203404e-03 -1.1890732108e-04
279                -7.6301345288e-02 1.6482356608e-02 5.9134205541e-04 -7.5997583348e-02 1.1814291197e-02 7.0564965166e-04 -3.0376193953e-04 4.6680654111e-03 -1.1430759625e-04
280                -7.6695347013e-02 1.6362828850e-02 5.4188979215e-04 -7.6376091578e-02 1.1693957107e-02 6.6064533909e-04 -3.1925543494e-04 4.6688717427e-03 -1.1875554694e-04
281                -7.6310662416e-02 1.6481476509e-02 5.9212681159e-04 -7.6007873272e-02 1.1811909865e-02 7.0632069648e-04 -3.0278914437e-04 4.6695666440e-03 -1.1419388490e-04
282                -7.6708774093e-02 1.6359444034e-02 5.3647241053e-04 -7.6390278573e-02 1.1688477200e-02 6.5512643352e-04 -3.1849552002e-04 4.6709668338e-03 -1.1865402298e-04
283                -7.6286422598e-02 1.6492596114e-02 5.9640126299e-04 -7.5985126762e-02 1.1820757874e-02 7.1026654729e-04 -3.0129583604e-04 4.6718382401e-03 -1.1386528431e-04
284                -7.6714921612e-02 1.6367208116e-02 5.2927818092e-04 -7.6395766120e-02 1.1697233701e-02 6.4790933950e-04 -3.1915549199e-04 4.6699744156e-03 -1.1863115859e-04
285                -7.6288014264e-02 1.6496092046e-02 5.8670037955e-04 -7.5984463755e-02 1.1825539558e-02 7.0109025831e-04 -3.0355050893e-04 4.6705524880e-03 -1.1438987877e-04
286                -7.6695581519e-02 1.6347180870e-02 5.2918652542e-04 -7.6375420085e-02 1.1676593971e-02 6.4823573129e-04 -3.2016143342e-04 4.6705868991e-03 -1.1904920587e-04
287                -7.6265292498e-02 1.6472789665e-02 5.8502060191e-04 -7.5963014312e-02 1.1801149692e-02 6.9903372934e-04 -3.0227818636e-04 4.6716399728e-03 -1.1401312743e-04
288                -7.6661131948e-02 1.6373443822e-02 5.2969373620e-04 -7.6344709091e-02 1.1701816546e-02 6.4788132517e-04 -3.1642285610e-04 4.6716272753e-03 -1.1818758897e-04
289                -7.6219647824e-02 1.6491978274e-02 5.8735254561e-04 -7.5917338341e-02 1.1819927283e-02 7.0154547670e-04 -3.0230948290e-04 4.6720509907e-03 -1.1419293109e-04
290                -7.6655897262e-02 1.6360438370e-02 5.1834467869e-04 -7.6336031876e-02 1.1689140808e-02 6.3743540189e-04 -3.1986538611e-04 4.6712975613e-03 -1.1909072320e-04
291                -7.6213852864e-02 1.6478701720e-02 5.8071674564e-04 -7.5909956078e-02 1.1807461795e-02 6.9524125075e-04 -3.0389678651e-04 4.6712399252e-03 -1.1452450512e-04
292                -7.6618209371e-02 1.6354025670e-02 5.2695393075e-04 -7.6299037443e-02 1.1683226206e-02 6.4582477402e-04 -3.1917192764e-04 4.6707994633e-03 -1.1887084326e-04
293                -7.6200892082e-02 1.6484418446e-02 5.8046852157e-04 -7.5898053927e-02 1.1811820999e-02 6.9470975004e-04 -3.0283815478e-04 4.6725974473e-03 -1.1424122848e-04
294                -7.6598700056e-02 1.6361458745e-02 5.2448979230e-04 -7.6280718289e-02 1.1689636001e-02 6.4317849540e-04 -3.1798176763e-04 4.6718227440e-03 -1.1868870310e-04
295                -7.6175352213e-02 1.6488142883e-02 5.8440139252e-04 -7.5873372159e-02 1.1814834308e-02 6.9835602213e-04 -3.0198005418e-04 4.6733085756e-03 -1.1395462961e-04
296                -7.6592229183e-02 1.6359494522e-02 5.2139982476e-04 -7.6274082513e-02 1.1688685756e-02 6.4004595058e-04 -3.1814667056e-04 4.6708087660e-03 -1.1864612582e-04
297                -7.6167388945e-02 1.6483523655e-02 5.7787968061e-04 -7.5863470619e-02 1.1811559524e-02 6.9244763664e-04 -3.0391832570e-04 4.6719641310e-03 -1.1456795603e-04
298                -7.6575853469e-02 1.6353672339e-02 5.2403403610e-04 -7.6256782694e-02 1.1682217683e-02 6.4296548633e-04 -3.1907077560e-04 4.6714546552e-03 -1.1893145023e-04
299                -7.6174078380e-02 1.6481313357e-02 5.7968343181e-04 -7.5871769067e-02 1.1808405284e-02 6.9372376014e-04 -3.0230931332e-04 4.6729080729e-03 -1.1404032832e-04
300                -7.6579207937e-02 1.6362377689e-02 5.2713867800e-04 -7.6263217305e-02 1.1691540724e-02 6.4532026849e-04 -3.1599063146e-04 4.6708369649e-03 -1.1818159050e-04
301                -7.6150420986e-02 1.6488835013e-02 5.8832527351e-04 -7.5848093159e-02 1.1815983616e-02 7.0246313191e-04 -3.0232782707e-04 4.6728513968e-03 -1.1413785840e-04
302                -7.6596232533e-02 1.6357491186e-02 5.2147980459e-04 -7.6277504650e-02 1.1686858609e-02 6.4018342266e-04 -3.1872788359e-04 4.6706325764e-03 -1.1870361807e-04
303                -7.6173366480e-02 1.6479929559e-02 5.7649899137e-04 -7.5869110906e-02 1.1809009732e-02 6.9100643019e-04 -3.0425557347e-04 4.6709198271e-03 -1.1450743882e-04
304                -7.6568265692e-02 1.6353546958e-02 5.2916328164e-04 -7.6249380591e-02 1.1683384310e-02 6.4788999899e-04 -3.1888510107e-04 4.6701626477e-03 -1.1872671735e-04
305                -7.6184454442e-02 1.6482214567e-02 5.8097508648e-04 -7.5881749653e-02 1.1810623923e-02 6.9516864192e-04 -3.0270478881e-04 4.6715906439e-03 -1.1419355544e-04
306                -7.6588776551e-02 1.6363436291e-02 5.2953392046e-04 -7.6270925349e-02 1.1692761601e-02 6.4814886662e-04 -3.1785120173e-04 4.6706746897e-03 -1.1861494616e-04
307                -7.6177925775e-02 1.6490659295e-02 5.9078343831e-04 -7.5875831895e-02 1.1818977174e-02 7.0478992367e-04 -3.0209388018e-04 4.6716821204e-03 -1.1400648536e-04
308                -7.6626376573e-02 1.6365442103e-02 5.2662075679e-04 -7.6307883751e-02 1.1696659275e-02 6.4524758571e-04 -3.1849282178e-04 4.6687828279e-03 -1.1862682892e-04
309                -7.6210627315e-02 1.6482912105e-02 5.8308950169e-04 -7.5906714318e-02 1.1814112605e-02 6.9772242548e-04 -3.0391299659e-04 4.6687994993e-03 -1.1463292380e-04
310                -7.6612071004e-02 1.6347661641e-02 5.3431749348e-04 -7.6292389373e-02 1.1678172557e-02 6.5349453378e-04 -3.1968163087e-04 4.6694890837e-03 -1.1917704030e-04
311                -7.6242680118e-02 1.6477935201e-02 5.8532334292e-04 -7.5941325225e-02 1.1807585283e-02 6.9919122035e-04 -3.0135489330e-04 4.6703499187e-03 -1.1386787743e-04
312                -7.6624637548e-02 1.6372095174e-02 5.3290934367e-04 -7.6308567033e-02 1.1702193164e-02 6.5105745672e-04 -3.1607051434e-04 4.6699020101e-03 -1.1814811305e-04
313                -7.6207942676e-02 1.6485868190e-02 5.8827425761e-04 -7.5906534731e-02 1.1815701669e-02 7.0226747635e-04 -3.0140794484e-04 4.6701665209e-03 -1.1399321874e-04
314                -7.6616378931e-02 1.6361175623e-02 5.2891616153e-04 -7.6296982692e-02 1.1690729090e-02 6.4782640768e-04 -3.1939623907e-04 4.6704465328e-03 -1.1891024615e-04
315                -7.6223498333e-02 1.6475384225e-02 5.8416745083e-04 -7.5919344775e-02 1.1806551617e-02 6.9860328141e-04 -3.0415355840e-04 4.6688326076e-03 -1.1443583058e-04
316                -7.6628674644e-02 1.6362983506e-02 5.3370002174e-04 -7.6309327056e-02 1.1693867782e-02 6.5249578287e-04 -3.1934758723e-04 4.6691157237e-03 -1.1879576113e-04
317                -7.6246318032e-02 1.6477751124e-02 5.8315889654e-04 -7.5943096984e-02 1.1808063462e-02 6.9741307406e-04 -3.0322104804e-04 4.6696876626e-03 -1.1425417752e-04
318                -7.6627308701e-02 1.6364541553e-02 5.3316578691e-04 -7.6309200972e-02 1.1693142351e-02 6.5172808779e-04 -3.1810772930e-04 4.6713992017e-03 -1.1856230088e-04
319                -7.6222499864e-02 1.6482764633e-02 5.9099899847e-04 -7.5920996212e-02 1.1811354431e-02 7.0476272068e-04 -3.0150365123e-04 4.6714102020e-03 -1.1376372221e-04
320                -7.6639263151e-02 1.6369066553e-02 5.2669553103e-04 -7.6320878953e-02 1.1698869875e-02 6.4528958645e-04 -3.1838419828e-04 4.6701966776e-03 -1.1859405542e-04
321                -7.6218853544e-02 1.6489104365e-02 5.8326121811e-04 -7.5915041910e-02 1.1818612724e-02 6.9771381072e-04 -3.0381163356e-04 4.6704916410e-03 -1.1445259261e-04
322                -7.6636687398e-02 1.6345242677e-02 5.2923740664e-04 -7.6316444359e-02 1.1673556910e-02 6.4839792288e-04 -3.2024303926e-04 4.6716857671e-03 -1.1916051624e-04
323                -7.6237189791e-02 1.6478034845e-02 5.8841580967e-04 -7.5936132654e-02 1.1805658405e-02 7.0217539247e-04 -3.0105713650e-04 4.6723764406e-03 -1.1375958279e-04
324                -7.6622204286e-02 1.6368581274e-02 5.3119410425e-04 -7.6305059326e-02 1.1696992446e-02 6.4955611818e-04 -3.1714495978e-04 4.6715888277e-03 -1.1836201393e-04
325                -7.6198720340e-02 1.6495485938e-02 5.8878611518e-04 -7.5897023074e-02 1.1823528132e-02 7.0262130031e-04 -3.0169726530e-04 4.6719578054e-03 -1.1383518514e-04
326                -7.6624271414e-02 1.6353133291e-02 5.2083501249e-04 -7.6304332212e-02 1.1682553577e-02 6.3974176398e-04 -3.1993920114e-04 4.6705797133e-03 -1.1890675148e-04
327                -7.6187488698e-02 1.6481462114e-02 5.8484599456e-04 -7.5883759745e-02 1.1811058762e-02 6.9915783000e-04 -3.0372895226e-04 4.6704033528e-03 -1.1431183544e-04
328                -7.6610212456e-02 1.6354639953e-02 5.3483763744e-04 -7.6290272047e-02 1.1683929388e-02 6.5370434530e-04 -3.1994040958e-04 4.6707105648e-03 -1.1886670786e-04
329                -7.6247248256e-02 1.6483634115e-02 5.8402189976e-04 -7.5944796568e-02 1.1812647699e-02 6.9802146815e-04 -3.0245168753e-04 4.6709864162e-03 -1.1399956839e-04
330                -7.6625085297e-02 1.6363726463e-02 5.3363101531e-04 -7.6307191044e-02 1.1692704019e-02 6.5216599624e-04 -3.1789425327e-04 4.6710224442e-03 -1.1853498092e-04
331                -7.6197781134e-02 1.6486695289e-02 5.9264198405e-04 -7.5896291112e-02 1.1814450592e-02 7.0643828264e-04 -3.0149002223e-04 4.6722446966e-03 -1.1379629859e-04
332                -7.6641880343e-02 1.6361196363e-02 5.2424505720e-04 -7.6323381044e-02 1.1692132095e-02 6.4280520000e-04 -3.1849929889e-04 4.6690642681e-03 -1.1856014279e-04
333                -7.6200116632e-02 1.6482011111e-02 5.8071192180e-04 -7.5895422345e-02 1.1811126776e-02 6.9539470344e-04 -3.0469428736e-04 4.6708843346e-03 -1.1468278164e-04
334                -7.6594397525e-02 1.6351113702e-02 5.2742086902e-04 -7.6274784149e-02 1.1679656961e-02 6.4637548480e-04 -3.1961337641e-04 4.6714567412e-03 -1.1895461579e-04
335                -7.6182274288e-02 1.6480508932e-02 5.7806244280e-04 -7.5880468529e-02 1.1808296867e-02 6.9187369523e-04 -3.0180575890e-04 4.6722120650e-03 -1.1381125243e-04
336                -7.6565091904e-02 1.6364720336e-02 5.2389511711e-04 -7.6248902231e-02 1.1694752583e-02 6.4211861048e-04 -3.1618967328e-04 4.6699677532e-03 -1.1822349336e-04
337                -7.6116570167e-02 1.6479397494e-02 5.8028247700e-04 -7.5814101547e-02 1.1807348802e-02 6.9453609963e-04 -3.0246861998e-04 4.6720486921e-03 -1.1425362263e-04
338                -7.6544844819e-02 1.6355515660e-02 5.1156130428e-04 -7.6225678920e-02 1.1684704323e-02 6.3047543956e-04 -3.1916589963e-04 4.6708113370e-03 -1.1891413528e-04
339                -7.6100831044e-02 1.6472772101e-02 5.6965914258e-04 -7.5797109398e-02 1.1801556571e-02 6.8406409352e-04 -3.0372164604e-04 4.6712155298e-03 -1.1440495095e-04
340                -7.6488406782e-02 1.6349126816e-02 5.2271958627e-04 -7.6169520767e-02 1.1679006886e-02 6.4158671390e-04 -3.1888601574e-04 4.6701199293e-03 -1.1886712764e-04
341                -7.6109352558e-02 1.6474794807e-02 5.7204557813e-04 -7.5806655090e-02 1.1803473511e-02 6.8622488579e-04 -3.0269746888e-04 4.6713212952e-03 -1.1417930766e-04
342                -7.6508196600e-02 1.6363990745e-02 5.2127145796e-04 -7.6190989963e-02 1.1693103834e-02 6.3972869102e-04 -3.1720663711e-04 4.6708869114e-03 -1.1845723306e-04
343                -7.6087249303e-02 1.6484733527e-02 5.8523778462e-04 -7.5785885305e-02 1.1812958503e-02 6.9902055367e-04 -3.0136399823e-04 4.6717750235e-03 -1.1378276906e-04
344                -7.6545525692e-02 1.6357137500e-02 5.2063876928e-04 -7.6227187888e-02 1.1688906581e-02 6.3930822538e-04 -3.1833780396e-04 4.6682309192e-03 -1.1866945610e-04
345                -7.6147667695e-02 1.6484264820e-02 5.8421179970e-04 -7.5843729987e-02 1.1815194855e-02 6.9868428678e-04 -3.0393770861e-04 4.6690699651e-03 -1.1447248708e-04
346                -7.6594971468e-02 1.6352991840e-02 5.3686857028e-04 -7.6276750950e-02 1.1684024928e-02 6.5562186970e-04 -3.1822051761e-04 4.6689669122e-03 -1.1875329942e-04
347                -7.6216537511e-02 1.6481910799e-02 5.9245486702e-04 -7.5914783630e-02 1.1812307327e-02 7.0641939508e-04 -3.0175388152e-04 4.6696034721e-03 -1.1396452806e-04
348                -7.6650608534e-02 1.6372111612e-02 5.4128597866e-04 -7.6334064800e-02 1.1704215785e-02 6.5947206355e-04 -3.1654373431e-04 4.6678958272e-03 -1.1818608489e-04
349                -7.6239893412e-02 1.6495364940e-02 6.0229210265e-04 -7.5937835256e-02 1.1826273280e-02 7.1637278880e-04 -3.0205815612e-04 4.6690916601e-03 -1.1408068615e-04
350                -7.6709645954e-02 1.6359315180e-02 5.3165262201e-04 -7.6389923460e-02 1.1692122543e-02 6.5067357322e-04 -3.1972249343e-04 4.6671926374e-03 -1.1902095120e-04
351                -7.6267923509e-02 1.6488196857e-02 5.9223721078e-04 -7.5964019273e-02 1.1819680553e-02 7.0664682665e-04 -3.0390423568e-04 4.6685163040e-03 -1.1440961587e-04
352                -7.6689975245e-02 1.6361695452e-02 5.3951053311e-04 -7.6371397587e-02 1.1694511365e-02 6.5812861674e-04 -3.1857765787e-04 4.6671840872e-03 -1.1861808363e-04
353                -7.6299416047e-02 1.6483708910e-02 5.8772354176e-04 -7.5997447115e-02 1.1815408359e-02 7.0178136090e-04 -3.0196893190e-04 4.6683005519e-03 -1.1405781914e-04
354                -7.6691891721e-02 1.6361489171e-02 5.3499667438e-04 -7.6373769982e-02 1.1693186358e-02 6.5363309695e-04 -3.1812173918e-04 4.6683028130e-03 -1.1863642257e-04
355                -7.6261565225e-02 1.6488331599e-02 5.9464637815e-04 -7.5959850306e-02 1.1818035730e-02 7.0840139150e-04 -3.0171491912e-04 4.6702958693e-03 -1.1375501336e-04
356                -7.6691003116e-02 1.6365590576e-02 5.2953558856e-04 -7.6372160146e-02 1.1698614890e-02 6.4812365581e-04 -3.1884297022e-04 4.6669756864e-03 -1.1858806725e-04
357                -7.6270463101e-02 1.6490089662e-02 5.8677861628e-04 -7.5965259028e-02 1.1821817494e-02 7.0147486267e-04 -3.0520407234e-04 4.6682721677e-03 -1.1469624639e-04
358                -7.6703283751e-02 1.6357391396e-02 5.3615643758e-04 -7.6382919100e-02 1.1689670260e-02 6.5516256893e-04 -3.2036465101e-04 4.6677211359e-03 -1.1900613135e-04
359                -7.6329290602e-02 1.6483579336e-02 5.9122386040e-04 -7.6026886558e-02 1.1814494891e-02 7.0513048374e-04 -3.0240404470e-04 4.6690844446e-03 -1.1390662334e-04
360                -7.6723895874e-02 1.6377853215e-02 5.4536106665e-04 -7.6407137453e-02 1.1709282079e-02 6.6355223530e-04 -3.1675842176e-04 4.6685711353e-03 -1.1819116866e-04
361                -7.6329974706e-02 1.6498278676e-02 5.9995633875e-04 -7.6027870874e-02 1.1828195528e-02 7.1388953110e-04 -3.0210383166e-04 4.6700831485e-03 -1.1393319235e-04
362                -7.6774947167e-02 1.6363836911e-02 5.3202143811e-04 -7.6455426667e-02 1.1696032785e-02 6.5089655145e-04 -3.1952050045e-04 4.6678041257e-03 -1.1887511334e-04
363                -7.6332675290e-02 1.6488388962e-02 5.9353300109e-04 -7.6028757313e-02 1.1819227600e-02 7.0792403701e-04 -3.0391797674e-04 4.6691613618e-03 -1.1439103592e-04
364                -7.6730515159e-02 1.6363731804e-02 5.4343342185e-04 -7.6411569236e-02 1.1694622814e-02 6.6214161901e-04 -3.1894592302e-04 4.6691089899e-03 -1.1870819716e-04
365                -7.6345435619e-02 1.6488741016e-02 5.8809357337e-04 -7.6043014157e-02 1.1817635933e-02 7.0212731492e-04 -3.0242146203e-04 4.6711050831e-03 -1.1403374155e-04
366                -7.6714925838e-02 1.6371341833e-02 5.3083775523e-04 -7.6397956432e-02 1.1700681169e-02 6.4927000800e-04 -3.1696940654e-04 4.6706606642e-03 -1.1843225277e-04
367                -7.6257712051e-02 1.6488200621e-02 5.9050408522e-04 -7.5956180135e-02 1.1816312435e-02 7.0428678019e-04 -3.0153191586e-04 4.6718881859e-03 -1.1378269498e-04
368                -7.6670445707e-02 1.6365849233e-02 5.2678194048e-04 -7.6352180415e-02 1.1696421010e-02 6.4531136846e-04 -3.1826529179e-04 4.6694282223e-03 -1.1852942798e-04
369                -7.6239854319e-02 1.6486594679e-02 5.8043859678e-04 -7.5935364423e-02 1.1815753908e-02 6.9506190824e-04 -3.0448989542e-04 4.6708407713e-03 -1.1462331146e-04
370                -7.6627152598e-02 1.6360921446e-02 5.2812926939e-04 -7.6307534336e-02 1.1689821374e-02 6.4719247289e-04 -3.1961826188e-04 4.6711000718e-03 -1.1906320351e-04
371                -7.6218874254e-02 1.6482396243e-02 5.7939109967e-04 -7.5916554350e-02 1.1810349216e-02 6.9339206598e-04 -3.0231990381e-04 4.6720470264e-03 -1.1400096631e-04
372                -7.6610147518e-02 1.6365964996e-02 5.2900518476e-04 -7.6294169505e-02 1.1694939359e-02 6.4704874313e-04 -3.1597801278e-04 4.6710256371e-03 -1.1804355837e-04
373                -7.6176180975e-02 1.6492607884e-02 5.8773803485e-04 -7.5874868027e-02 1.1820285684e-02 7.0163455616e-04 -3.0131294803e-04 4.6723221997e-03 -1.1389652131e-04
374                -7.6601814288e-02 1.6356544536e-02 5.2367974396e-04 -7.6282471688e-02 1.1686378267e-02 6.4256174976e-04 -3.1934260019e-04 4.6701662689e-03 -1.1888200580e-04
375                -7.6177705828e-02 1.6480782328e-02 5.8009239807e-04 -7.5874183816e-02 1.1809860601e-02 6.9441382407e-04 -3.0352201272e-04 4.6709217267e-03 -1.1432142601e-04
376                -7.6574904281e-02 1.6355542870e-02 5.3082319968e-04 -7.6255566363e-02 1.1685479263e-02 6.4970432497e-04 -3.1933791783e-04 4.6700636070e-03 -1.1888112528e-04
377                -7.6184549121e-02 1.6485233317e-02 5.8215437269e-04 -7.5882431176e-02 1.1813965644e-02 6.9626266428e-04 -3.0211794523e-04 4.6712676735e-03 -1.1410829159e-04
378                -7.6587189975e-02 1.6361724313e-02 5.2921685085e-04 -7.6269931087e-02 1.1691475951e-02 6.4771322213e-04 -3.1725888782e-04 4.6702483622e-03 -1.1849637128e-04
379                -7.6151733811e-02 1.6485735124e-02 5.9047784353e-04 -7.5850702795e-02 1.1813752822e-02 7.0426900214e-04 -3.0103101594e-04 4.6719823017e-03 -1.1379115861e-04
380                -7.6587965017e-02 1.6366103286e-02 5.2701091265e-04 -7.6269878229e-02 1.1697411262e-02 6.4563129030e-04 -3.1808678774e-04 4.6686920241e-03 -1.1862037765e-04
381                -7.6166732130e-02 1.6487381955e-02 5.8380414062e-04 -7.5862218423e-02 1.1817737327e-02 6.9853977769e-04 -3.0451370733e-04 4.6696446274e-03 -1.1473563707e-04
382                -7.6588944377e-02 1.6347456140e-02 5.2599327668e-04 -7.6269319437e-02 1.1677919190e-02 6.4505494068e-04 -3.1962493987e-04 4.6695369492e-03 -1.1906166400e-04
383                -7.6162846044e-02 1.6475039330e-02 5.8259855001e-04 -7.5860953737e-02 1.1804540889e-02 6.9651722439e-04 -3.0189230701e-04 4.6704984415e-03 -1.1391867438e-04
384                -7.6569507791e-02 1.6370628588e-02 5.3232248992e-04 -7.6253498155e-02 1.1701918199e-02 6.5042834215e-04 -3.1600963639e-04 4.6687103894e-03 -1.1810585223e-04
385                -7.6169804806e-02 1.6493108027e-02 5.9285407062e-04 -7.5868080075e-02 1.1823029205e-02 7.0685625034e-04 -3.0172473070e-04 4.6700788218e-03 -1.1400217972e-04
386                -7.6623338614e-02 1.6356003325e-02 5.2688428859e-04 -7.6303908961e-02 1.1687522716e-02 6.4585815371e-04 -3.1942965256e-04 4.6684806097e-03 -1.1897386512e-04
387                -7.6190643164e-02 1.6483678937e-02 5.8786839220e-04 -7.5886987315e-02 1.1814277969e-02 7.0235054241e-04 -3.0365584860e-04 4.6694009675e-03 -1.1448215021e-04
388                -7.6602513828e-02 1.6357658541e-02 5.3268215250e-04 -7.6283686577e-02 1.1690035835e-02 6.5146376009e-04 -3.1882725128e-04 4.6676227052e-03 -1.1878160758e-04
389                -7.6208007635e-02 1.6480586722e-02 5.8197598410e-04 -7.5905308131e-02 1.1810759824e-02 6.9612208459e-04 -3.0269950465e-04 4.6698268980e-03 -1.1414610049e-04
390                -7.6592264876e-02 1.6362793785e-02 5.2954181857e-04 -7.6274727477e-02 1.1692458293e-02 6.4811789577e-04 -3.1753739842e-04 4.6703354922e-03 -1.1857607720e-04
391                -7.6168918942e-02 1.6480651011e-02 5.8758245072e-04 -7.5866683215e-02 1.1808799190e-02 7.0155566584e-04 -3.0223572728e-04 4.6718518217e-03 -1.1397321512e-04
392                -7.6612127776e-02 1.6363629284e-02 5.2183204639e-04 -7.6294476610e-02 1.1694325635e-02 6.4011972081e-04 -3.1765116641e-04 4.6693036495e-03 -1.1828767442e-04
393                -7.6169986735e-02 1.6482295153e-02 5.8025021609e-04 -7.5865480908e-02 1.1813110238e-02 6.9478100454e-04 -3.0450582676e-04 4.6691849150e-03 -1.1453078845e-04
394                -7.6591416330e-02 1.6345642923e-02 5.2862154076e-04 -7.6272107733e-02 1.1675264619e-02 6.4742358692e-04 -3.1930859693e-04 4.6703783033e-03 -1.1880204616e-04
395                -7.6177433481e-02 1.6478626100e-02 5.8620003275e-04 -7.5875392665e-02 1.1806308036e-02 7.0003317058e-04 -3.0204081686e-04 4.6723180639e-03 -1.1383313782e-04
396                -7.6600824491e-02 1.6368249849e-02 5.2946460188e-04 -7.6283540656e-02 1.1697458000e-02 6.4779401170e-04 -3.1728383505e-04 4.6707918483e-03 -1.1832940982e-04
397                -7.6175685691e-02 1.6498898328e-02 5.8782513205e-04 -7.5873340291e-02 1.1826327303e-02 7.0193856635e-04 -3.0234539946e-04 4.6725710247e-03 -1.1411343430e-04
398                -7.6620398879e-02 1.6350778854e-02 5.1959454082e-04 -7.6300091274e-02 1.1680504022e-02 6.3867652137e-04 -3.2030760477e-04 4.6702748311e-03 -1.1908198055e-04
399                -7.6175517149e-02 1.6474393010e-02 5.8280692123e-04 -7.5872100391e-02 1.1802337746e-02 6.9702795028e-04 -3.0341675809e-04 4.6720552638e-03 -1.1422102906e-04
400                -7.6599061867e-02 1.6354461081e-02 5.2783165971e-04 -7.6280516212e-02 1.1684100583e-02 6.4637621618e-04 -3.1854565448e-04 4.6703604988e-03 -1.1854455647e-04
401                -7.6186008476e-02 1.6488046101e-02 5.8253751967e-04 -7.5883106388e-02 1.1815984425e-02 6.9666842448e-04 -3.0290208842e-04 4.6720616759e-03 -1.1413090481e-04
402                -7.6586044494e-02 1.6361993318e-02 5.2936440576e-04 -7.6267522405e-02 1.1690794233e-02 6.4799307328e-04 -3.1852208892e-04 4.6711990855e-03 -1.1862866752e-04
403                -7.6169438172e-02 1.6477785878e-02 5.8844387391e-04 -7.5866828233e-02 1.1805178986e-02 7.0246393469e-04 -3.0260993938e-04 4.6726068923e-03 -1.1402006079e-04
404                -7.6620180475e-02 1.6361829825e-02 5.2291322541e-04 -7.6301357170e-02 1.1691988489e-02 6.4149270500e-04 -3.1882330496e-04 4.6698413358e-03 -1.1857947959e-04
405                -7.6167028275e-02 1.6491499079e-02 5.8664894273e-04 -7.5862149387e-02 1.1820364163e-02 7.0125483886e-04 -3.0487888714e-04 4.6711349159e-03 -1.1460589612e-04
406                -7.6605141146e-02 1.6356165732e-02 5.2914053460e-04 -7.6285905787e-02 1.1685356448e-02 6.4786065108e-04 -3.1923535857e-04 4.6708092837e-03 -1.1872011648e-04
407                -7.6198759123e-02 1.6477873689e-02 5.8339879094e-04 -7.5896609407e-02 1.1806264017e-02 6.9730281103e-04 -3.0214971678e-04 4.6716096714e-03 -1.1390402009e-04
408                -7.6599345722e-02 1.6365672081e-02 5.2926902095e-04 -7.6281866907e-02 1.1696740171e-02 6.4761109716e-04 -3.1747881453e-04 4.6689319103e-03 -1.1834207621e-04
409                -7.6163716502e-02 1.6485443953e-02 5.8859971544e-04 -7.5859703360e-02 1.1813588718e-02 7.0314982704e-04 -3.0401314126e-04 4.6718552350e-03 -1.1455011159e-04
410                -7.6614722431e-02 1.6356316782e-02 5.1723329879e-04 -7.6295634677e-02 1.1685779168e-02 6.3600462324e-04 -3.1908775368e-04 4.6705376143e-03 -1.1877132445e-04
411                -7.6133330228e-02 1.6475465377e-02 5.8048656036e-04 -7.5829252483e-02 1.1803352237e-02 6.9501111142e-04 -3.0407774492e-04 4.6721131398e-03 -1.1452455106e-04
412                -7.6556041954e-02 1.6354212446e-02 5.2268907912e-04 -7.6238247435e-02 1.1683807537e-02 6.4110503939e-04 -3.1779451819e-04 4.6704049097e-03 -1.1841596027e-04
413                -7.6119561914e-02 1.6478774644e-02 5.7577237444e-04 -7.5816838305e-02 1.1806581512e-02 6.9014517270e-04 -3.0272360906e-04 4.6721931316e-03 -1.1437279827e-04
414                -7.6525632133e-02 1.6353451836e-02 5.1546331237e-04 -7.6207816519e-02 1.1682835550e-02 6.3406297332e-04 -3.1781561485e-04 4.6706162864e-03 -1.1859966095e-04
415                -7.6044850082e-02 1.6478215646e-02 5.8138466876e-04 -7.5742290914e-02 1.1805568822e-02 6.9556580720e-04 -3.0255916833e-04 4.6726468241e-03 -1.1418113844e-04
416                -7.6497901683e-02 1.6352736452e-02 5.1217025131e-04 -7.6178826076e-02 1.1683304963e-02 6.3082090123e-04 -3.1907560682e-04 4.6694314886e-03 -1.1865064992e-04
417                -7.6050496279e-02 1.6479873037e-02 5.7276665159e-04 -7.5746221946e-02 1.1808563751e-02 6.8746593593e-04 -3.0427433327e-04 4.6713092861e-03 -1.1469928434e-04
418                -7.6485696728e-02 1.6341672701e-02 5.1644004694e-04 -7.6166187825e-02 1.1672164473e-02 6.3524486901e-04 -3.1950890298e-04 4.6695082277e-03 -1.1880482207e-04
419                -7.6056216331e-02 1.6474860574e-02 5.7930722471e-04 -7.5753386569e-02 1.1803302255e-02 6.9340961641e-04 -3.0282976162e-04 4.6715583188e-03 -1.1410239170e-04
420                -7.6484913212e-02 1.6361813570e-02 5.2500421253e-04 -7.6167931581e-02 1.1692784747e-02 6.4333626965e-04 -3.1698163134e-04 4.6690288224e-03 -1.1833205712e-04
421                -7.6057563202e-02 1.6476631257e-02 5.8602668363e-04 -7.5754101564e-02 1.1805282810e-02 7.0058345422e-04 -3.0346163784e-04 4.6713484467e-03 -1.1455677059e-04
422                -7.6538455680e-02 1.6355865776e-02 5.1724180065e-04 -7.6219619602e-02 1.1686853405e-02 6.3590056994e-04 -3.1883607750e-04 4.6690123708e-03 -1.1865876929e-04
423                -7.6089152503e-02 1.6480080172e-02 5.8850241644e-04 -7.5785064626e-02 1.1810146480e-02 7.0306787544e-04 -3.0408787700e-04 4.6699336917e-03 -1.1456545900e-04
424                -7.6553920272e-02 1.6355497140e-02 5.3817023485e-04 -7.6235782557e-02 1.1687623423e-02 6.5669846053e-04 -3.1813771501e-04 4.6678737165e-03 -1.1852822568e-04
425                -7.6177868159e-02 1.6479247029e-02 5.9154640162e-04 -7.5874225669e-02 1.1809484200e-02 7.0600422771e-04 -3.0364249029e-04 4.6697628289e-03 -1.1445782609e-04
426                -7.6605255364e-02 1.6363069499e-02 5.3318437511e-04 -7.6287402849e-02 1.1693256304e-02 6.5175945332e-04 -3.1785251489e-04 4.6698131952e-03 -1.1857507821e-04
427                -7.6159300473e-02 1.6492536857e-02 6.0017846608e-04 -7.5857071426e-02 1.1821006052e-02 7.1422672773e-04 -3.0222904733e-04 4.6715308057e-03 -1.1404826166e-04
428                -7.6637577372e-02 1.6359243655e-02 5.3053723331e-04 -7.6319108372e-02 1.1692370477e-02 6.4904397486e-04 -3.1846900031e-04 4.6668731779e-03 -1.1850674155e-04
429                -7.6207806763e-02 1.6483393643e-02 5.9398182865e-04 -7.5903226367e-02 1.1814408634e-02 7.0870500376e-04 -3.0458039568e-04 4.6689850086e-03 -1.1472317512e-04
430                -7.6663292015e-02 1.6357871507e-02 5.4029573252e-04 -7.6343768961e-02 1.1688620825e-02 6.5912782551e-04 -3.1952305376e-04 4.6692506825e-03 -1.1883209298e-04
431                -7.6257913703e-02 1.6487252420e-02 5.9704451858e-04 -7.5956073827e-02 1.1816156310e-02 7.1091530513e-04 -3.0183987664e-04 4.6710961102e-03 -1.1387078655e-04
432                -7.6691638106e-02 1.6371604336e-02 5.3827756092e-04 -7.6373995379e-02 1.1703709640e-02 6.5667545355e-04 -3.1764272700e-04 4.6678946958e-03 -1.1839789263e-04
433                -7.6264121463e-02 1.6497180210e-02 6.0350327701e-04 -7.5960403647e-02 1.1825557152e-02 7.1800491782e-04 -3.0371781599e-04 4.6716230589e-03 -1.1450164081e-04
434                -7.6742722571e-02 1.6362845435e-02 5.3336660707e-04 -7.6423495296e-02 1.1694071864e-02 6.5215632725e-04 -3.1922727521e-04 4.6687735715e-03 -1.1878972018e-04
435                -7.6295211864e-02 1.6483622681e-02 5.9714106222e-04 -7.5990753930e-02 1.1813273231e-02 7.1166704940e-04 -3.0445793449e-04 4.6703494493e-03 -1.1452598718e-04
436                -7.6722725017e-02 1.6368873734e-02 5.4115482644e-04 -7.6404604217e-02 1.1700185419e-02 6.5957051916e-04 -3.1812080034e-04 4.6686883143e-03 -1.1841569272e-04
437                -7.6333059113e-02 1.6486697565e-02 5.8878278787e-04 -7.6030175585e-02 1.1815951246e-02 7.0298333055e-04 -3.0288352785e-04 4.6707463196e-03 -1.1420054268e-04
438                -7.6713912694e-02 1.6368111939e-02 5.3489991533e-04 -7.6396220400e-02 1.1698317523e-02 6.5346635630e-04 -3.1769229411e-04 4.6697944166e-03 -1.1856644096e-04
439                -7.6265695100e-02 1.6483554701e-02 6.0045562591e-04 -7.5962809572e-02 1.1811830364e-02 7.1457044414e-04 -3.0288552782e-04 4.6717243372e-03 -1.1411481823e-04
440                -7.6721234495e-02 1.6364312035e-02 5.2770963869e-04 -7.6403051081e-02 1.1696366501e-02 6.4619687957e-04 -3.1818341445e-04 4.6679455344e-03 -1.1848724088e-04
441                -7.6277848746e-02 1.6497708305e-02 5.8565961125e-04 -7.5973526181e-02 1.1826831242e-02 7.0027553432e-04 -3.0432256489e-04 4.6708770639e-03 -1.1461592307e-04
442                -7.6673059967e-02 1.6362813692e-02 5.3349828394e-04 -7.6354222899e-02 1.1692348407e-02 6.5219365370e-04 -3.1883706782e-04 4.6704652851e-03 -1.1869536976e-04
443                -7.6273124537e-02 1.6481902421e-02 5.8910406194e-04 -7.5970574252e-02 1.1809629895e-02 7.0311979014e-04 -3.0255028481e-04 4.6722725260e-03 -1.1401572821e-04
444                -7.6683022944e-02 1.6368505744e-02 5.2952896072e-04 -7.6365951722e-02 1.1700236234e-02 6.4785275833e-04 -3.1707122145e-04 4.6682695105e-03 -1.1832379760e-04
445                -7.6225133242e-02 1.6490898582e-02 5.8919454064e-04 -7.5922036786e-02 1.1818909840e-02 7.0367471379e-04 -3.0309645567e-04 4.6719887418e-03 -1.1448017315e-04
446                -7.6637207615e-02 1.6364690005e-02 5.2252798496e-04 -7.6318675769e-02 1.1693819121e-02 6.4125476572e-04 -3.1853184562e-04 4.6708708845e-03 -1.1872678076e-04
447                -7.6201239319e-02 1.6475693082e-02 5.8017358398e-04 -7.5897120713e-02 1.1803654261e-02 6.9466090679e-04 -3.0411860581e-04 4.6720388209e-03 -1.1448732281e-04
448                -7.6603207483e-02 1.6362720683e-02 5.2638437031e-04 -7.6285532799e-02 1.1693885310e-02 6.4479449413e-04 -3.1767468415e-04 4.6688353734e-03 -1.1841012382e-04
449                -7.6190575102e-02 1.6479148224e-02 5.8071249197e-04 -7.5886793644e-02 1.1807853151e-02 6.9514762590e-04 -3.0378145827e-04 4.6712950736e-03 -1.1443513393e-04
450                -7.6582218294e-02 1.6367266700e-02 5.2730968643e-04 -7.6264998911e-02 1.1696011517e-02 6.4582211662e-04 -3.1721938339e-04 4.6712551828e-03 -1.1851243019e-04
451                -7.6168743958e-02 1.6483248169e-02 5.8849111292e-04 -7.5866694458e-02 1.1811042131e-02 7.0248075300e-04 -3.0204950020e-04 4.6722060380e-03 -1.1398964007e-04
452                -7.6590738758e-02 1.6366019746e-02 5.2247781329e-04 -7.6273202242e-02 1.1697443237e-02 6.4088380671e-04 -3.1753651659e-04 4.6685765091e-03 -1.1840599342e-04
453                -7.6178291561e-02 1.6479587724e-02 5.8039590455e-04 -7.5873255482e-02 1.1809324880e-02 6.9523400126e-04 -3.0503607897e-04 4.6702628440e-03 -1.1483809671e-04
454                -7.6578391046e-02 1.6362753396e-02 5.3337385309e-04 -7.6260162613e-02 1.1692147809e-02 6.5203531739e-04 -3.1822843271e-04 4.6706055873e-03 -1.1866146430e-04
455                -7.6193318092e-02 1.6479996574e-02 5.8728670265e-04 -7.5890700938e-02 1.1808903022e-02 7.0137733879e-04 -3.0261715349e-04 4.6710935521e-03 -1.1409063614e-04
456                -7.6593753698e-02 1.6373680342e-02 5.3452810261e-04 -7.6277069625e-02 1.1704988263e-02 6.5283329749e-04 -3.1668407361e-04 4.6686920793e-03 -1.1830519488e-04
457                -7.6200814339e-02 1.6488976451e-02 5.9140203081e-04 -7.5898045633e-02 1.1817838932e-02 7.0575002842e-04 -3.0276870558e-04 4.6711375186e-03 -1.1434799761e-04
458                -7.6624238069e-02 1.6363885787e-02 5.3096355753e-04 -7.6306020760e-02 1.1695284594e-02 6.4960570667e-04 -3.1821730941e-04 4.6686011928e-03 -1.1864214914e-04
459                -7.6225451733e-02 1.6480625193e-02 5.9152397911e-04 -7.5921634998e-02 1.1811237884e-02 7.0598454326e-04 -3.0381673537e-04 4.6693873091e-03 -1.1446056415e-04
460                -7.6642811120e-02 1.6366761563e-02 5.4343409224e-04 -7.6324725950e-02 1.1699241032e-02 6.6204875075e-04 -3.1808516977e-04 4.6675205309e-03 -1.1861465851e-04
461                -7.6298661740e-02 1.6484037228e-02 5.9062042328e-04 -7.5996147463e-02 1.1815008218e-02 7.0488949015e-04 -3.0251427720e-04 4.6690290102e-03 -1.1426906688e-04
462                -7.6665008804e-02 1.6376226608e-02 5.4402245228e-04 -7.6348379346e-02 1.1707310948e-02 6.6238947800e-04 -3.1662945869e-04 4.6689156600e-03 -1.1836702572e-04
463                -7.6265098741e-02 1.6484020322e-02 6.0258647878e-04 -7.5962958043e-02 1.1814094190e-02 7.1658508158e-04 -3.0214069748e-04 4.6699261328e-03 -1.1399860280e-04
464                -7.6718143277e-02 1.6369421460e-02 5.3548352203e-04 -7.6400078205e-02 1.1703877770e-02 6.5406851751e-04 -3.1806507282e-04 4.6655436900e-03 -1.1858499548e-04
465                -7.6306026810e-02 1.6491823757e-02 5.9281488903e-04 -7.6001269344e-02 1.1823818420e-02 7.0755535590e-04 -3.0475746635e-04 4.6680053378e-03 -1.1474046687e-04
466                -7.6688265931e-02 1.6363206476e-02 5.4100524327e-04 -7.6369836331e-02 1.1694693091e-02 6.5968091266e-04 -3.1842960013e-04 4.6685133852e-03 -1.1867566939e-04
467                -7.6315489248e-02 1.6478925209e-02 5.9163639254e-04 -7.6012829617e-02 1.1809737048e-02 7.0574873990e-04 -3.0265963057e-04 4.6691881606e-03 -1.1411234736e-04
468                -7.6697877570e-02 1.6378676279e-02 5.4308249650e-04 -7.6381422551e-02 1.1712046420e-02 6.6132862154e-04 -3.1645501817e-04 4.6666298584e-03 -1.1824612505e-04
469                -7.6306281864e-02 1.6486302657e-02 5.9942758496e-04 -7.6002877713e-02 1.1816489349e-02 7.1385814411e-04 -3.0340415070e-04 4.6698133080e-03 -1.1443055915e-04
470                -7.6745419022e-02 1.6371889153e-02 5.3529901033e-04 -7.6427497198e-02 1.1702847039e-02 6.5389501750e-04 -3.1792182425e-04 4.6690421138e-03 -1.1859600717e-04
471                -7.6321646188e-02 1.6488904180e-02 5.9534659025e-04 -7.6017642261e-02 1.1819753788e-02 7.0983251200e-04 -3.0400392661e-04 4.6691503914e-03 -1.1448592175e-04
472                -7.6726213031e-02 1.6363632836e-02 5.4332702724e-04 -7.6408167837e-02 1.1696040396e-02 6.6182947074e-04 -3.1804519359e-04 4.6675924402e-03 -1.1850244350e-04
473                -7.6365320631e-02 1.6482497859e-02 5.8998839410e-04 -7.6062347161e-02 1.1812160618e-02 7.0430130963e-04 -3.0297347025e-04 4.6703372411e-03 -1.1431291552e-04
474                -7.6743603443e-02 1.6378749466e-02 5.4221016593e-04 -7.6426848535e-02 1.1707968247e-02 6.6055561006e-04 -3.1675490763e-04 4.6707812193e-03 -1.1834544413e-04
475                -7.6323007441e-02 1.6494924267e-02 6.0336109540e-04 -7.6021427376e-02 1.1823915948e-02 7.1727275260e-04 -3.0158006515e-04 4.6710083193e-03 -1.1391165720e-04
476                -7.6765631976e-02 1.6366559807e-02 5.3341761590e-04 -7.6446794994e-02 1.1699913589e-02 6.5212036375e-04 -3.1883698179e-04 4.6666462177e-03 -1.1870274785e-04
477                -7.6349977620e-02 1.6487951291e-02 5.8584030771e-04 -7.6045116360e-02 1.1818343199e-02 7.0060692438e-04 -3.0486126067e-04 4.6696080912e-03 -1.1476661667e-04
478                -7.6708603919e-02 1.6365367423e-02 5.3604168413e-04 -7.6389834540e-02 1.1695822014e-02 6.5474140109e-04 -3.1876937925e-04 4.6695454082e-03 -1.1869971696e-04
479                -7.6296374038e-02 1.6474572429e-02 5.8421941262e-04 -7.5993173941e-02 1.1804419047e-02 6.9835095869e-04 -3.0320009674e-04 4.6701533829e-03 -1.1413154606e-04
480                -7.6651324536e-02 1.6370288166e-02 5.2759128369e-04 -7.6334028201e-02 1.1702208685e-02 6.4591602067e-04 -3.1729633502e-04 4.6680794805e-03 -1.1832473698e-04
481                -7.6214657090e-02 1.6479829517e-02 5.7736816541e-04 -7.5910892854e-02 1.1808439829e-02 6.9178565540e-04 -3.0376423577e-04 4.6713896879e-03 -1.1441748998e-04
482                -7.6596916985e-02 1.6358974916e-02 5.1161034184e-04 -7.6278403166e-02 1.1688639211e-02 6.3019587981e-04 -3.1851381890e-04 4.6703357051e-03 -1.1858553797e-04
483                -7.6142308413e-02 1.6472139145e-02 5.7000177487e-04 -7.5837816731e-02 1.1800667105e-02 6.8447817713e-04 -3.0449168260e-04 4.6714720397e-03 -1.1447640226e-04
484                -7.6510323421e-02 1.6354761756e-02 5.1826792372e-04 -7.6192147007e-02 1.1685022876e-02 6.3673849373e-04 -3.1817641436e-04 4.6697388794e-03 -1.1847057000e-04
485                -7.6129401726e-02 1.6469804753e-02 5.6342276847e-04 -7.5826469813e-02 1.1798074866e-02 6.7763749343e-04 -3.0293191319e-04 4.6717298871e-03 -1.1421472496e-04
486                -7.6466378283e-02 1.6367472754e-02 5.1655765728e-04 -7.6149527281e-02 1.1694848318e-02 6.3490180695e-04 -3.1685100238e-04 4.6726244364e-03 -1.1834414967e-04
487                -7.6038778026e-02 1.6474298207e-02 5.7571667925e-04 -7.5736799895e-02 1.1800336408e-02 6.8971410835e-04 -3.0197813079e-04 4.6739617993e-03 -1.1399742910e-04
488                -7.6470687006e-02 1.6355066432e-02 5.0802877616e-04 -7.6152770417e-02 1.1685644088e-02 6.2653483761e-04 -3.1791658986e-04 4.6694223444e-03 -1.1850606144e-04
489                -7.6048354334e-02 1.6475072236e-02 5.6673342819e-04 -7.5743321790e-02 1.1803292536e-02 6.8150018491e-04 -3.0503254386e-04 4.6717796996e-03 -1.1476675672e-04
490                -7.6426257959e-02 1.6352195298e-02 5.2035085415e-04 -7.6107929592e-02 1.1680022773e-02 6.3894399591e-04 -3.1832836715e-04 4.6721725250e-03 -1.1859314176e-04
491                -7.6045701442e-02 1.6463908709e-02 5.6929063678e-04 -7.5743172193e-02 1.1790998839e-02 6.8332517828e-04 -3.0252924921e-04 4.6729098701e-03 -1.1403454151e-04
492                -7.6424588614e-02 1.6359567420e-02 5.1991479548e-04 -7.6108072581e-02 1.1688393526e-02 6.3802901428e-04 -3.1651603367e-04 4.6711738938e-03 -1.1811421881e-04
493                -7.6015315502e-02 1.6481404112e-02 5.7910334734e-04 -7.5711917570e-02 1.1807496721e-02 6.9348193180e-04 -3.0339793210e-04 4.6739073905e-03 -1.1437858446e-04
494                -7.6453947505e-02 1.6357014121e-02 5.1253233874e-04 -7.6135858358e-02 1.1685489106e-02 6.3103116061e-04 -3.1808914738e-04 4.6715250143e-03 -1.1849882186e-04
495                -7.6017988422e-02 1.6467332093e-02 5.7014021856e-04 -7.5713985439e-02 1.1795807657e-02 6.8459654042e-04 -3.0400298249e-04 4.6715244358e-03 -1.1445632187e-04
496                -7.6405268273e-02 1.6346248283e-02 5.2317364213e-04 -7.6086934352e-02 1.1675908180e-02 6.4164621243e-04 -3.1833392163e-04 4.6703401030e-03 -1.1847257030e-04
497                -7.6048232619e-02 1.6463798278e-02 5.6537658364e-04 -7.5745098744e-02 1.1791738551e-02 6.7970990240e-04 -3.0313387532e-04 4.6720597264e-03 -1.1433331875e-04
498                -7.6407516230e-02 1.6367275231e-02 5.1706703679e-04 -7.6091213598e-02 1.1695225451e-02 6.3525691597e-04 -3.1630263170e-04 4.6720497797e-03 -1.1818987918e-04
499                -7.5975348376e-02 1.6469571520e-02 5.7709158340e-04 -7.5673378737e-02 1.1797172762e-02 6.9111183446e-04 -3.0196963909e-04 4.6723987581e-03 -1.1402025106e-04
500                -7.6411404709e-02 1.6349129604e-02 5.1410637975e-04 -7.6092924766e-02 1.1681192948e-02 6.3273122286e-04 -3.1847994314e-04 4.6679366556e-03 -1.1862484311e-04
