# Force           
# CofR            : (0.0000000000e+00 0.0000000000e+00 0.0000000000e+00)
#
# Time            	total_x total_y total_z	pressure_x pressure_y pressure_z	viscous_x viscous_y viscous_z
1                  4.1367966850e-01 6.4969735458e-02 -2.7972267733e-04 3.5529180668e-01 6.5137902012e-02 -2.7573062047e-04 5.8387861815e-02 -1.6816655460e-04 -3.9920568607e-06
2                  9.0327336930e-02 1.2386708994e-01 4.8331536384e-03 4.4191103294e-02 1.2348675580e-01 4.8690311033e-03 4.6136233636e-02 3.8033414223e-04 -3.5877464856e-05
3                  -8.4490675102e-02 9.5618541470e-02 4.3300711843e-03 -1.2250840523e-01 9.5127335885e-02 4.3925709571e-03 3.8017730124e-02 4.9120558470e-04 -6.2499772714e-05
4                  4.3253190030e-03 3.7313256403e-02 4.1625081266e-04 -2.9461884499e-02 3.7214989149e-02 4.7314134564e-04 3.3787203502e-02 9.8267254775e-05 -5.6890532975e-05
5                  7.9529814411e-02 5.8736138577e-02 5.7440729049e-04 4.9244368620e-02 5.8703334077e-02 6.0587910413e-04 3.0285445791e-02 3.2804499691e-05 -3.1471813645e-05
6                  5.9953196823e-02 9.5792308552e-02 2.8194092357e-03 3.3213485480e-02 9.5528258104e-02 2.8522395304e-03 2.6739711343e-02 2.6405044766e-04 -3.2830294748e-05
7                  2.7554998519e-02 8.9221466153e-02 2.8809273628e-03 3.9010050713e-03 8.8877179961e-02 2.9338048569e-03 2.3653993448e-02 3.4428619139e-04 -5.2877494042e-05
8                  2.5693394599e-02 7.9439636524e-02 1.9186490054e-03 4.3253635599e-03 7.9157530996e-02 1.9757638982e-03 2.1368031039e-02 2.8210552758e-04 -5.7114892872e-05
9                  3.0731961024e-02 8.8273452934e-02 2.0145003883e-03 1.1048375622e-02 8.7999683664e-02 2.0644041672e-03 1.9683585402e-02 2.7376927047e-04 -4.9903778903e-05
10                 2.7618332794e-02 9.1181781339e-02 2.4946270157e-03 9.2649603550e-03 9.0840279427e-02 2.5437253914e-03 1.8353372439e-02 3.4150191195e-04 -4.9098375696e-05
11                 2.4962448946e-02 8.3128764775e-02 2.3841670636e-03 7.6875123708e-03 8.2745818879e-02 2.4369361661e-03 1.7274936576e-02 3.8294589628e-04 -5.2769102508e-05
12                 2.7001270312e-02 8.1110786206e-02 2.1306773104e-03 1.0592248785e-02 8.0719239089e-02 2.1851444480e-03 1.6409021527e-02 3.9154711767e-04 -5.4467137602e-05
13                 2.7262497059e-02 8.5238883529e-02 2.1873511001e-03 1.1577712332e-02 8.4840443934e-02 2.2439342391e-03 1.5684784727e-02 3.9843959573e-04 -5.6583138947e-05
14                 2.4130412309e-02 8.4715236139e-02 2.3105791495e-03 9.0709061502e-03 8.4298172602e-02 2.3704515037e-03 1.5059506159e-02 4.1706353746e-04 -5.9872354270e-05
15                 2.2615095908e-02 7.9890610149e-02 2.3015468933e-03 8.0799945253e-03 7.9455901132e-02 2.3633006679e-03 1.4535101383e-02 4.3470901705e-04 -6.1753774576e-05
16                 2.3425905552e-02 7.8582128009e-02 2.2796746061e-03 9.3288364410e-03 7.8130176000e-02 2.3422544861e-03 1.4097069111e-02 4.5195200913e-04 -6.2579880014e-05
17                 2.3659444685e-02 7.8052473189e-02 2.3001055462e-03 9.9624663912e-03 7.7589774862e-02 2.3643292315e-03 1.3696978293e-02 4.6269832626e-04 -6.4223685387e-05
18                 2.2582553837e-02 7.5950175031e-02 2.2881558640e-03 9.2564183894e-03 7.5476026465e-02 2.3544428681e-03 1.3326135448e-02 4.7414856577e-04 -6.6287004152e-05
19                 2.1918067820e-02 7.3597395420e-02 2.2443277359e-03 8.9244854713e-03 7.3114702572e-02 2.3121476293e-03 1.2993582349e-02 4.8269284824e-04 -6.7819893483e-05
20                 2.2117546452e-02 7.3536736030e-02 2.2440246190e-03 9.4184713426e-03 7.3044447950e-02 2.3131434021e-03 1.2699075109e-02 4.9228807963e-04 -6.9118783167e-05
21                 2.1978508832e-02 7.2752244534e-02 2.2782328726e-03 9.5507866458e-03 7.2253860513e-02 2.3489027736e-03 1.2427722187e-02 4.9838402086e-04 -7.0669901012e-05
22                 2.1338095794e-02 7.0302350936e-02 2.2876886499e-03 9.1623091100e-03 6.9796284971e-02 2.3595637766e-03 1.2175786684e-02 5.0606596481e-04 -7.1875126720e-05
23                 2.1028057060e-02 6.8083917498e-02 2.2696070471e-03 9.0800485034e-03 6.7571467195e-02 2.3422781466e-03 1.1948008556e-02 5.1245030299e-04 -7.2671099509e-05
24                 2.1107319882e-02 6.7186583283e-02 2.2565840177e-03 9.3696094428e-03 6.6664564574e-02 2.3302724445e-03 1.1737710439e-02 5.2201870885e-04 -7.3688426786e-05
25                 2.1031924494e-02 6.7107222460e-02 2.2544896402e-03 9.4937987297e-03 6.6579750412e-02 2.3296072292e-03 1.1538125764e-02 5.2747204797e-04 -7.5117589031e-05
26                 2.0676708677e-02 6.6270605299e-02 2.2515249706e-03 9.3232439222e-03 6.5737608189e-02 2.3278821878e-03 1.1353464754e-02 5.3299711014e-04 -7.6357217192e-05
27                 2.0429111273e-02 6.4563950723e-02 2.2484338771e-03 9.2389033991e-03 6.4028534505e-02 2.3255927126e-03 1.1190207874e-02 5.3541621794e-04 -7.7158835525e-05
28                 2.0389995751e-02 6.3106621619e-02 2.2530176471e-03 9.3466109718e-03 6.2566075678e-02 2.3309107217e-03 1.1043384780e-02 5.4054594082e-04 -7.7893074589e-05
29                 2.0372578465e-02 6.2484961248e-02 2.2567330390e-03 9.4670243245e-03 6.1939942616e-02 2.3355506489e-03 1.0905554141e-02 5.4501863182e-04 -7.8817609905e-05
30                 2.0244524292e-02 6.1806687209e-02 2.2498903837e-03 9.4695792826e-03 6.1255689293e-02 2.3297327130e-03 1.0774945010e-02 5.5099791639e-04 -7.9842329311e-05
31                 2.0078889107e-02 6.0885060761e-02 2.2384068965e-03 9.4232479490e-03 6.0331238857e-02 2.3191510322e-03 1.0655641158e-02 5.5382190341e-04 -8.0744135717e-05
32                 1.9996132312e-02 5.9841594215e-02 2.2333013812e-03 9.4478918030e-03 5.9284006691e-02 2.3147860804e-03 1.0548240509e-02 5.5758752374e-04 -8.1484699249e-05
33                 1.9939566587e-02 5.8795622440e-02 2.2367960341e-03 9.4888145709e-03 5.8236277030e-02 2.3189306919e-03 1.0450752016e-02 5.5934541053e-04 -8.2134657780e-05
34                 1.9883740824e-02 5.7904869547e-02 2.2414467945e-03 9.5230813111e-03 5.7342612890e-02 2.3242185211e-03 1.0360659513e-02 5.6225665689e-04 -8.2771726553e-05
35                 1.9827542150e-02 5.7094341480e-02 2.2409730970e-03 9.5481398926e-03 5.6531388090e-02 2.3244280983e-03 1.0279402257e-02 5.6295338960e-04 -8.3455001256e-05
36                 1.9773823010e-02 5.6096914820e-02 2.2365910977e-03 9.5676096950e-03 5.5532520719e-02 2.3207326532e-03 1.0206213315e-02 5.6439410079e-04 -8.4141555477e-05
37                 1.9716429027e-02 5.5048179906e-02 2.2325240961e-03 9.5771482496e-03 5.4483899954e-02 2.3173158665e-03 1.0139280778e-02 5.6427995204e-04 -8.4791770355e-05
38                 1.9666861613e-02 5.4076883959e-02 2.2312120587e-03 9.5898109098e-03 5.3511220127e-02 2.3165916147e-03 1.0077050703e-02 5.6566383246e-04 -8.5379555997e-05
39                 1.9626614015e-02 5.3143351777e-02 2.2319812874e-03 9.6062995315e-03 5.2578235058e-02 2.3179141309e-03 1.0020314484e-02 5.6511671887e-04 -8.5932843569e-05
40                 1.9600332301e-02 5.2209940054e-02 2.2327190504e-03 9.6318157432e-03 5.1644932367e-02 2.3192250451e-03 9.9685165574e-03 5.6500768721e-04 -8.6505994649e-05
41                 1.9570072632e-02 5.1287917296e-02 2.2321674569e-03 9.6493131882e-03 5.0724818611e-02 2.3192881949e-03 9.9207594442e-03 5.6309868424e-04 -8.7120737962e-05
42                 1.9541961986e-02 5.0447868419e-02 2.2305143273e-03 9.6660731090e-03 4.9885499768e-02 2.3182628511e-03 9.8758888766e-03 5.6236865122e-04 -8.7748523848e-05
43                 1.9515280204e-02 4.9670102654e-02 2.2288920806e-03 9.6814501646e-03 4.9109468053e-02 2.3172746850e-03 9.8338300390e-03 5.6063460164e-04 -8.8382604439e-05
44                 1.9495844429e-02 4.8932973658e-02 2.2279452922e-03 9.7016354850e-03 4.8372878261e-02 2.3169733332e-03 9.7942089442e-03 5.6009539677e-04 -8.9028040938e-05
45                 1.9477339571e-02 4.8251762552e-02 2.2274084311e-03 9.7203235408e-03 4.7693414238e-02 2.3171129672e-03 9.7570160303e-03 5.5834831411e-04 -8.9704536114e-05
46                 1.9465309924e-02 4.7653399764e-02 2.2268557440e-03 9.7433198063e-03 4.7095727757e-02 2.3172858023e-03 9.7219901174e-03 5.5767200740e-04 -9.0430058269e-05
47                 1.9455068632e-02 4.7121510159e-02 2.2260152838e-03 9.7658093173e-03 4.6565536189e-02 2.3172150605e-03 9.6892593145e-03 5.5597396959e-04 -9.1199776733e-05
48                 1.9449428559e-02 4.6641919309e-02 2.2249347292e-03 9.7909360012e-03 4.6086471701e-02 2.3169361546e-03 9.6584925583e-03 5.5544760804e-04 -9.2001425374e-05
49                 1.9441272240e-02 4.6197522019e-02 2.2238155544e-03 9.8118099572e-03 4.5643536018e-02 2.3166426019e-03 9.6294622829e-03 5.5398600054e-04 -9.2827047442e-05
50                 1.9435529885e-02 4.5799387363e-02 2.2227746886e-03 9.8336248313e-03 4.5245788780e-02 2.3164463113e-03 9.6019050541e-03 5.5359858347e-04 -9.3671622652e-05
51                 1.9429490576e-02 4.5441363740e-02 2.2218777358e-03 9.8535440017e-03 4.4889110323e-02 2.3164086909e-03 9.5759465745e-03 5.5225341679e-04 -9.4530955026e-05
52                 1.9428089044e-02 4.5122512317e-02 2.2211512862e-03 9.8764867373e-03 4.4570593110e-02 2.3165485860e-03 9.5516023070e-03 5.5191920683e-04 -9.5397299735e-05
53                 1.9425621641e-02 4.4823069591e-02 2.2205254833e-03 9.8967676636e-03 4.4272404756e-02 2.3167855011e-03 9.5288539777e-03 5.5066483540e-04 -9.6260017833e-05
54                 1.9425116685e-02 4.4542764177e-02 2.2198847919e-03 9.9176280335e-03 4.3992364623e-02 2.3169920336e-03 9.5074886516e-03 5.5039955384e-04 -9.7107241758e-05
55                 1.9422176230e-02 4.4271634829e-02 2.2191269371e-03 9.9347904645e-03 4.3722395439e-02 2.3170595959e-03 9.4873857655e-03 5.4923938929e-04 -9.7932658820e-05
56                 1.9421561083e-02 4.4015960725e-02 2.2183103671e-03 9.9530823076e-03 4.3466941153e-02 2.3170408480e-03 9.4684787750e-03 5.4901957187e-04 -9.8730480967e-05
57                 1.9419636568e-02 4.3765644096e-02 2.2175852098e-03 9.9688579276e-03 4.3217758549e-02 2.3170782023e-03 9.4507786405e-03 5.4788554705e-04 -9.9492992535e-05
58                 1.9420255490e-02 4.3523979626e-02 2.2170756004e-03 9.9860177107e-03 4.2976335870e-02 2.3172892088e-03 9.4342377795e-03 5.4764375587e-04 -1.0021360844e-04
59                 1.9418984056e-02 4.3280609379e-02 2.2167374226e-03 1.0000222674e-02 4.2734134638e-02 2.3176265647e-03 9.4187613824e-03 5.4647474062e-04 -1.0088914205e-04
60                 1.9419557693e-02 4.3041012233e-02 2.2164267315e-03 1.0015313151e-02 4.2494838468e-02 2.3179477315e-03 9.4042445426e-03 5.4617376520e-04 -1.0152099999e-04
61                 1.9418055246e-02 4.2796670580e-02 2.2160200004e-03 1.0027454319e-02 4.2251713425e-02 2.3181247444e-03 9.3906009273e-03 5.4495715507e-04 -1.0210474404e-04
62                 1.9418613717e-02 4.2553728447e-02 2.2155237443e-03 1.0040814750e-02 4.2009129454e-02 2.3181663383e-03 9.3777989667e-03 5.4459899359e-04 -1.0264259396e-04
63                 1.9417325702e-02 4.2304200404e-02 2.2150285142e-03 1.0051537634e-02 4.1760874114e-02 2.3181621042e-03 9.3657880686e-03 5.4332629008e-04 -1.0313358998e-04
64                 1.9418099311e-02 4.2054804597e-02 2.2146474856e-03 1.0063562965e-02 4.1511901173e-02 2.3182284291e-03 9.3545363460e-03 5.4290342406e-04 -1.0358094353e-04
65                 1.9416880365e-02 4.1797286076e-02 2.2143829469e-03 1.0072907773e-02 4.1255704528e-02 2.3183686980e-03 9.3439725914e-03 5.4158154793e-04 -1.0398575111e-04
66                 1.9417426588e-02 4.1539497475e-02 2.2141655752e-03 1.0083347485e-02 4.0998376477e-02 2.3185163180e-03 9.3340791025e-03 5.4112099832e-04 -1.0435074284e-04
67                 1.9416176501e-02 4.1269906911e-02 2.2139080595e-03 1.0091362812e-02 4.0730134947e-02 2.3185855892e-03 9.3248136892e-03 5.3977196407e-04 -1.0467752971e-04
68                 1.9416783569e-02 4.0997204781e-02 2.2135871577e-03 1.0100593080e-02 4.0457922372e-02 2.3185599341e-03 9.3161904884e-03 5.3928240899e-04 -1.0497277644e-04
69                 1.9415258858e-02 4.0713334842e-02 2.2132451033e-03 1.0107103698e-02 4.0175430620e-02 2.3184817472e-03 9.3081551600e-03 5.3790422202e-04 -1.0523664391e-04
70                 1.9415546266e-02 4.0422531380e-02 2.2129530495e-03 1.0114804491e-02 3.9885164738e-02 2.3184228472e-03 9.3007417755e-03 5.3736664193e-04 -1.0546979769e-04
71                 1.9413689227e-02 4.0116934029e-02 2.2127165204e-03 1.0119794287e-02 3.9581002197e-02 2.3183876994e-03 9.2938949397e-03 5.3593183180e-04 -1.0567117896e-04
72                 1.9413467319e-02 3.9803090305e-02 2.2125117918e-03 1.0125830781e-02 3.9267754187e-02 2.3183556746e-03 9.2876365384e-03 5.3533611817e-04 -1.0584388281e-04
73                 1.9410904578e-02 3.9474435527e-02 2.2123022948e-03 1.0129002999e-02 3.8940589235e-02 2.3182900971e-03 9.2819015785e-03 5.3384629199e-04 -1.0598780235e-04
74                 1.9409838003e-02 3.9138477006e-02 2.2120867999e-03 1.0133166780e-02 3.8605268436e-02 2.3181918114e-03 9.2766712222e-03 5.3320856987e-04 -1.0610501153e-04
75                 1.9406419145e-02 3.8790647562e-02 2.2118676773e-03 1.0134585877e-02 3.8258943179e-02 2.3180629703e-03 9.2718332673e-03 5.3170438293e-04 -1.0619529296e-04
76                 1.9404623832e-02 3.8440630257e-02 2.2116729131e-03 1.0137273800e-02 3.7909570953e-02 2.3179320539e-03 9.2673500323e-03 5.3105930407e-04 -1.0625914080e-04
77                 1.9400592185e-02 3.8085639230e-02 2.2114970471e-03 1.0137458382e-02 3.7556094470e-02 2.3177931560e-03 9.2631338036e-03 5.2954475968e-04 -1.0629610884e-04
78                 1.9398236265e-02 3.7736065501e-02 2.2113391369e-03 1.0139084508e-02 3.7207184746e-02 2.3176466244e-03 9.2591517573e-03 5.2888075512e-04 -1.0630748752e-04
79                 1.9393815882e-02 3.7389834743e-02 2.2111827654e-03 1.0138515927e-02 3.6862473543e-02 2.3174760844e-03 9.2552999549e-03 5.2736119971e-04 -1.0629331896e-04
80                 1.9391227467e-02 3.7057395992e-02 2.2110271648e-03 1.0139672005e-02 3.6530694162e-02 2.3172836952e-03 9.2515554621e-03 5.2670183054e-04 -1.0625653043e-04
81                 1.9386753632e-02 3.6736003257e-02 2.2108598308e-03 1.0138912818e-02 3.6210789059e-02 2.3170626850e-03 9.2478408133e-03 5.2521419743e-04 -1.0620285420e-04
82                 1.9384233151e-02 3.6434712314e-02 2.2107017415e-03 1.0140075495e-02 3.5910107341e-02 2.3168374530e-03 9.2441576563e-03 5.2460497350e-04 -1.0613571152e-04
83                 1.9380054808e-02 3.6149110547e-02 2.2105480979e-03 1.0139593607e-02 3.5625911825e-02 2.3166083524e-03 9.2404612013e-03 5.2319872135e-04 -1.0606025446e-04
84                 1.9378068814e-02 3.5886326022e-02 2.2104058238e-03 1.0141274768e-02 3.5363647981e-02 2.3163821720e-03 9.2367940464e-03 5.2267804129e-04 -1.0597634826e-04
85                 1.9374516764e-02 3.5639920989e-02 2.2102537871e-03 1.0141381309e-02 3.5118545197e-02 2.3161423549e-03 9.2331354553e-03 5.2137579156e-04 -1.0588856784e-04
86                 1.9373129662e-02 3.5414984058e-02 2.2100994633e-03 1.0143588664e-02 3.4894029898e-02 2.3158973487e-03 9.2295409988e-03 5.2095415970e-04 -1.0579788536e-04
87                 1.9370175372e-02 3.5203129173e-02 2.2099307412e-03 1.0144172800e-02 3.4683371802e-02 2.3156409201e-03 9.2260025716e-03 5.1975737094e-04 -1.0571017888e-04
88                 1.9369322078e-02 3.5008029094e-02 2.2097638858e-03 1.0146735147e-02 3.4488605977e-02 2.3153876378e-03 9.2225869305e-03 5.1942311719e-04 -1.0562375200e-04
89                 1.9366803178e-02 3.4820252637e-02 2.2095907328e-03 1.0147521889e-02 3.4301939589e-02 2.3151338315e-03 9.2192812891e-03 5.1831304840e-04 -1.0554309870e-04
90                 1.9366223759e-02 3.4643372886e-02 2.2094228301e-03 1.0150082062e-02 3.4125324697e-02 2.3148888598e-03 9.2161416975e-03 5.1804818887e-04 -1.0546602968e-04
91                 1.9363850850e-02 3.4469041828e-02 2.2092414653e-03 1.0150712149e-02 3.3952029340e-02 2.3146368128e-03 9.2131387005e-03 5.1701248743e-04 -1.0539534754e-04
92                 1.9363288628e-02 3.4301381285e-02 2.2090608084e-03 1.0152970703e-02 3.3784572473e-02 2.3143879568e-03 9.2103179246e-03 5.1680881192e-04 -1.0532714842e-04
93                 1.9360886689e-02 3.4132832392e-02 2.2088656763e-03 1.0153247852e-02 3.3616994136e-02 2.3141309571e-03 9.2076388371e-03 5.1583825531e-04 -1.0526528074e-04
94                 1.9360221130e-02 3.3968534903e-02 2.2086688160e-03 1.0155085238e-02 3.3452847767e-02 2.3138743459e-03 9.2051358917e-03 5.1568713579e-04 -1.0520552990e-04
95                 1.9357642366e-02 3.3801741280e-02 2.2084584736e-03 1.0154891758e-02 3.3286973019e-02 2.3136087163e-03 9.2027506075e-03 5.1476826021e-04 -1.0515024271e-04
96                 1.9356792601e-02 3.3638488855e-02 2.2082563307e-03 1.0156281751e-02 3.3123830067e-02 2.3133530027e-03 9.2005108501e-03 5.1465878851e-04 -1.0509667192e-04
97                 1.9354052329e-02 3.3473738923e-02 2.2080491248e-03 1.0155699159e-02 3.2959953549e-02 2.3130966210e-03 9.1983531701e-03 5.1378537381e-04 -1.0504749614e-04
98                 1.9353067830e-02 3.3313567825e-02 2.2078438274e-03 1.0156759203e-02 3.2799853040e-02 2.3128441823e-03 9.1963086269e-03 5.1371478560e-04 -1.0500035486e-04
99                 1.9350243720e-02 3.3152930692e-02 2.2076285871e-03 1.0155929857e-02 3.2640051569e-02 2.3125858823e-03 9.1943138634e-03 5.1287912284e-04 -1.0495729522e-04
100                1.9349250983e-02 3.2998116283e-02 2.2074182420e-03 1.0156844148e-02 3.2485276296e-02 2.3123341077e-03 9.1924068357e-03 5.1283998776e-04 -1.0491586568e-04
101                1.9346504257e-02 3.2844255451e-02 2.2072096319e-03 1.0155974380e-02 3.2332219858e-02 2.3120887214e-03 9.1905298761e-03 5.1203559299e-04 -1.0487908950e-04
102                1.9345645537e-02 3.2697331876e-02 2.2070050966e-03 1.0156915918e-02 3.2185307075e-02 2.3118488854e-03 9.1887296194e-03 5.1202480151e-04 -1.0484378875e-04
103                1.9343059911e-02 3.2552173519e-02 2.2067900847e-03 1.0156107838e-02 3.2040923318e-02 2.3116035425e-03 9.1869520721e-03 5.1125020156e-04 -1.0481345772e-04
104                1.9342398005e-02 3.2414611063e-02 2.2065875823e-03 1.0157150139e-02 3.1903345141e-02 2.3113721873e-03 9.1852478658e-03 5.1126592149e-04 -1.0478460494e-04
105                1.9339970147e-02 3.2278529649e-02 2.2063824188e-03 1.0156404446e-02 3.1768012557e-02 2.3111429974e-03 9.1835657006e-03 5.1051709224e-04 -1.0476057863e-04
106                1.9339465754e-02 3.2149634371e-02 2.2061883391e-03 1.0157505765e-02 3.1639079645e-02 2.3109266360e-03 9.1819599888e-03 5.1055472623e-04 -1.0473829692e-04
107                1.9337219312e-02 3.2022345994e-02 2.2059897479e-03 1.0156838110e-02 3.1512518802e-02 2.3107106478e-03 9.1803812021e-03 5.0982719170e-04 -1.0472089992e-04
108                1.9336869503e-02 3.1901525999e-02 2.2057986462e-03 1.0157987261e-02 3.1391643782e-02 2.3105034499e-03 9.1788822424e-03 5.0988221752e-04 -1.0470480370e-04
109                1.9334744643e-02 3.1781535280e-02 2.2056112443e-03 1.0157330137e-02 3.1272361797e-02 2.3103035135e-03 9.1774145065e-03 5.0917348291e-04 -1.0469226918e-04
110                1.9334491923e-02 3.1667513953e-02 2.2054387253e-03 1.0158464215e-02 3.1158267404e-02 2.3101184022e-03 9.1760277080e-03 5.0924654890e-04 -1.0467967694e-04
111                1.9332435794e-02 3.1553941133e-02 2.2052671167e-03 1.0157765661e-02 3.1045383727e-02 2.3099371465e-03 9.1746701325e-03 5.0855740601e-04 -1.0467002983e-04
112                1.9332235748e-02 3.1445818704e-02 2.2051062123e-03 1.0158846275e-02 3.0937170676e-02 2.3097664041e-03 9.1733894736e-03 5.0864802832e-04 -1.0466019179e-04
113                1.9330212755e-02 3.1337716561e-02 2.2049444805e-03 1.0158080401e-02 3.0829738497e-02 2.3095975345e-03 9.1721323548e-03 5.0797806472e-04 -1.0465305395e-04
114                1.9330055388e-02 3.1234835664e-02 2.2047954386e-03 1.0159109571e-02 3.0726748299e-02 2.3094405936e-03 9.1709458161e-03 5.0808736420e-04 -1.0464515497e-04
115                1.9328079622e-02 3.1131897961e-02 2.2046433475e-03 1.0158302817e-02 3.0624460743e-02 2.3092830414e-03 9.1697768049e-03 5.0743721825e-04 -1.0463969398e-04
116                1.9327948087e-02 3.1035602904e-02 2.2045031685e-03 1.0159277441e-02 3.0528035243e-02 2.3091367212e-03 9.1686706469e-03 5.0756766058e-04 -1.0463355269e-04
117                1.9326021498e-02 3.0934408249e-02 2.2043601777e-03 1.0158443923e-02 3.0427468325e-02 2.3089899823e-03 9.1675775754e-03 5.0693992493e-04 -1.0462980459e-04
118                1.9325976667e-02 3.0844106844e-02 2.2042334938e-03 1.0159434808e-02 3.0337020894e-02 2.3088588828e-03 9.1665418592e-03 5.0708594994e-04 -1.0462538902e-04
119                1.9324149025e-02 3.0749215838e-02 2.2040983293e-03 1.0158630952e-02 3.0242740906e-02 2.3087221046e-03 9.1655180737e-03 5.0647493190e-04 -1.0462377531e-04
120                1.9324156479e-02 3.0662589809e-02 2.2039709248e-03 1.0159607365e-02 3.0155953048e-02 2.3085922960e-03 9.1645491140e-03 5.0663676040e-04 -1.0462137124e-04
121                1.9322387056e-02 3.0572815515e-02 2.2038379201e-03 1.0158797829e-02 3.0066773704e-02 2.3084592922e-03 9.1635892270e-03 5.0604181121e-04 -1.0462137214e-04
122                1.9322399875e-02 3.0487319493e-02 2.2037172651e-03 1.0159715372e-02 2.9981098957e-02 2.3083377153e-03 9.1626845031e-03 5.0622053628e-04 -1.0462045028e-04
123                1.9320725690e-02 3.0402631283e-02 2.2035997395e-03 1.0158935025e-02 2.9896996263e-02 2.3082215050e-03 9.1617906642e-03 5.0563502079e-04 -1.0462176553e-04
124                1.9320831986e-02 3.0321651243e-02 2.2034927520e-03 1.0159879088e-02 2.9815828878e-02 2.3081144323e-03 9.1609528984e-03 5.0582236491e-04 -1.0462168027e-04
125                1.9319182716e-02 3.0239161303e-02 2.2033813250e-03 1.0159059670e-02 2.9733914617e-02 2.3080046796e-03 9.1601230462e-03 5.0524668665e-04 -1.0462335462e-04
126                1.9319285683e-02 3.0160256166e-02 2.2032768734e-03 1.0159940121e-02 2.9654813248e-02 2.3079002306e-03 9.1593455617e-03 5.0544291893e-04 -1.0462335723e-04
127                1.9317645689e-02 3.0080589396e-02 2.2031706055e-03 1.0159070873e-02 2.9575713273e-02 2.3077955022e-03 9.1585748152e-03 5.0487612305e-04 -1.0462489669e-04
128                1.9317782857e-02 3.0004258729e-02 2.2030754748e-03 1.0159927311e-02 2.9499178556e-02 2.3077002997e-03 9.1578555462e-03 5.0508017259e-04 -1.0462482495e-04
129                1.9316171470e-02 2.9926672486e-02 2.2029797652e-03 1.0159030283e-02 2.9422150908e-02 2.3076061509e-03 9.1571411871e-03 5.0452157766e-04 -1.0462638573e-04
130                1.9316323333e-02 2.9852448817e-02 2.2028920589e-03 1.0159849611e-02 2.9347716159e-02 2.3075182292e-03 9.1564737221e-03 5.0473265822e-04 -1.0462617032e-04
131                1.9314718985e-02 2.9777233266e-02 2.2027999900e-03 1.0158911997e-02 2.9273052108e-02 2.3074277697e-03 9.1558069877e-03 5.0418115828e-04 -1.0462777978e-04
132                1.9314884034e-02 2.9705378493e-02 2.2027139586e-03 1.0159700640e-02 2.9200979991e-02 2.3073419038e-03 9.1551833934e-03 5.0439850210e-04 -1.0462794520e-04
133                1.9313299923e-02 2.9632498870e-02 2.2026225716e-03 1.0158741713e-02 2.9128645082e-02 2.3072524832e-03 9.1545582104e-03 5.0385378844e-04 -1.0462991156e-04
134                1.9313485474e-02 2.9563046827e-02 2.2025392846e-03 1.0159511929e-02 2.9058969009e-02 2.3071697755e-03 9.1539735449e-03 5.0407781791e-04 -1.0463049090e-04
135                1.9311914721e-02 2.9492701779e-02 2.2024544143e-03 1.0158530417e-02 2.8989161737e-02 2.3070872537e-03 9.1533843045e-03 5.0354004180e-04 -1.0463283938e-04
136                1.9312117425e-02 2.9425868376e-02 2.2023787721e-03 1.0159284727e-02 2.8922097267e-02 2.3070127501e-03 9.1528326980e-03 5.0377110858e-04 -1.0463397802e-04
137                1.9310565624e-02 2.9358205739e-02 2.2023001589e-03 1.0158290828e-02 2.8854965935e-02 2.3069373077e-03 9.1522747962e-03 5.0323980363e-04 -1.0463714878e-04
138                1.9310797309e-02 2.9294100001e-02 2.2022288263e-03 1.0159044117e-02 2.8790622687e-02 2.3068677506e-03 9.1517531923e-03 5.0347731449e-04 -1.0463892437e-04
139                1.9309270666e-02 2.9229256212e-02 2.2021534418e-03 1.0158046403e-02 2.8726305075e-02 2.3067956953e-03 9.1512242630e-03 5.0295113760e-04 -1.0464225356e-04
140                1.9309531162e-02 2.9168029835e-02 2.2020851719e-03 1.0158801041e-02 2.8664835337e-02 2.3067292025e-03 9.1507301210e-03 5.0319449798e-04 -1.0464403052e-04
141                1.9308032186e-02 2.9106122689e-02 2.2020131720e-03 1.0157805046e-02 2.8603449549e-02 2.3066608327e-03 9.1502271404e-03 5.0267313965e-04 -1.0464766079e-04
142                1.9308317227e-02 2.9047808860e-02 2.2019492842e-03 1.0158560383e-02 2.8544887082e-02 2.3065991145e-03 9.1497568437e-03 5.0292177809e-04 -1.0464983022e-04
143                1.9306837645e-02 2.8988857905e-02 2.2018822853e-03 1.0157560126e-02 2.8486452043e-02 2.3065360856e-03 9.1492775186e-03 5.0240586256e-04 -1.0465380035e-04
144                1.9307166287e-02 2.8933528507e-02 2.2018227513e-03 1.0158336331e-02 2.8430867379e-02 2.3064790536e-03 9.1488299562e-03 5.0266112744e-04 -1.0465630227e-04
145                1.9305723986e-02 2.8877518627e-02 2.2017590183e-03 1.0157351436e-02 2.8375366418e-02 2.3064196229e-03 9.1483725504e-03 5.0215220943e-04 -1.0466060467e-04
146                1.9306076733e-02 2.8825064716e-02 2.2017022771e-03 1.0158130946e-02 2.8322650297e-02 2.3063657423e-03 9.1479457868e-03 5.0241441892e-04 -1.0466346523e-04
147                1.9304663451e-02 2.8771916516e-02 2.2016411792e-03 1.0157153710e-02 2.8270004568e-02 2.3063093082e-03 9.1475097401e-03 5.0191194802e-04 -1.0466812900e-04
148                1.9305055707e-02 2.8722221898e-02 2.2015865457e-03 1.0157951320e-02 2.8220041648e-02 2.3062579898e-03 9.1471043871e-03 5.0218025040e-04 -1.0467144412e-04
149                1.9303674510e-02 2.8671751413e-02 2.2015269577e-03 1.0156984356e-02 2.8170067410e-02 2.3062035153e-03 9.1466901543e-03 5.0168400308e-04 -1.0467655752e-04
150                1.9304094671e-02 2.8624652899e-02 2.2014740442e-03 1.0157788405e-02 2.8122694639e-02 2.3061543113e-03 9.1463062651e-03 5.0195825997e-04 -1.0468026710e-04
151                1.9302736065e-02 2.8576730928e-02 2.2014174785e-03 1.0156822397e-02 2.8075262925e-02 2.3061031018e-03 9.1459136679e-03 5.0146800274e-04 -1.0468562325e-04
152                1.9303176637e-02 2.8532059060e-02 2.2013684219e-03 1.0157625208e-02 2.8030311460e-02 2.3060578934e-03 9.1455514291e-03 5.0174760017e-04 -1.0468947145e-04
153                1.9301834107e-02 2.8486360108e-02 2.2013152843e-03 1.0156653448e-02 2.7985097696e-02 2.3060101857e-03 9.1451806581e-03 5.0126241207e-04 -1.0469490140e-04
154                1.9302294141e-02 2.8443796276e-02 2.2012695475e-03 1.0157454641e-02 2.7942249245e-02 2.3059683455e-03 9.1448394996e-03 5.0154703143e-04 -1.0469879798e-04
155                1.9300977768e-02 2.8400250056e-02 2.2012194655e-03 1.0156488629e-02 2.7899182514e-02 2.3059235864e-03 9.1444891389e-03 5.0106754178e-04 -1.0470412097e-04
156                1.9301471749e-02 2.8359809133e-02 2.2011749648e-03 1.0157304186e-02 2.7858451198e-02 2.3058828841e-03 9.1441675631e-03 5.0135793561e-04 -1.0470791922e-04
157                1.9300173177e-02 2.8318282399e-02 2.2011264243e-03 1.0156336576e-02 2.7817398585e-02 2.3058395622e-03 9.1438366012e-03 5.0088381361e-04 -1.0471313786e-04
158                1.9300678486e-02 2.8279776224e-02 2.2010857050e-03 1.0157144310e-02 2.7778597865e-02 2.3058024707e-03 9.1435341760e-03 5.0117835957e-04 -1.0471676567e-04
159                1.9299402377e-02 2.8240175754e-02 2.2010411964e-03 1.0156180146e-02 2.7739467630e-02 2.3057630512e-03 9.1432222310e-03 5.0070812345e-04 -1.0472185475e-04
160                1.9299937203e-02 2.8203564090e-02 2.2010023090e-03 1.0156999363e-02 2.7702557597e-02 2.3057277167e-03 9.1429378403e-03 5.0100649266e-04 -1.0472540770e-04
161                1.9298679909e-02 2.8165844727e-02 2.2009584789e-03 1.0156036781e-02 2.7665303959e-02 2.3056889263e-03 9.1426431278e-03 5.0054076830e-04 -1.0473044740e-04
162                1.9299226532e-02 2.8131089219e-02 2.2009211604e-03 1.0156851384e-02 2.7630246334e-02 2.3056550647e-03 9.1423751487e-03 5.0084288479e-04 -1.0473390428e-04
163                1.9297985782e-02 2.8095182312e-02 2.2008805876e-03 1.0155889078e-02 2.7594801174e-02 2.3056192937e-03 9.1420967034e-03 5.0038113799e-04 -1.0473870614e-04
164                1.9298553503e-02 2.8062165883e-02 2.2008469681e-03 1.0156709036e-02 2.7561479244e-02 2.3055888709e-03 9.1418444668e-03 5.0068663962e-04 -1.0474190278e-04
165                1.9297330921e-02 2.8027960091e-02 2.2008086404e-03 1.0155749940e-02 2.7527730804e-02 2.3055552408e-03 9.1415809812e-03 5.0022928768e-04 -1.0474660039e-04
166                1.9297916663e-02 2.7996852181e-02 2.2007761174e-03 1.0156574750e-02 2.7496313330e-02 2.3055259011e-03 9.1413419134e-03 5.0053885110e-04 -1.0474978366e-04
167                1.9296688438e-02 2.7963859667e-02 2.2007374231e-03 1.0155597808e-02 2.7463773800e-02 2.3054918176e-03 9.1410906303e-03 5.0008586707e-04 -1.0475439446e-04
168                1.9297298458e-02 2.7934266398e-02 2.2007068140e-03 1.0156433516e-02 2.7433867458e-02 2.3054642468e-03 9.1408649422e-03 5.0039893961e-04 -1.0475743282e-04
169                1.9296068504e-02 2.7903224262e-02 2.2006715946e-03 1.0155442649e-02 2.7403274038e-02 2.3054334988e-03 9.1406258542e-03 4.9995022354e-04 -1.0476190423e-04
170                1.9296759795e-02 2.7874456632e-02 2.2006415113e-03 1.0156347208e-02 2.7374189953e-02 2.3054063634e-03 9.1404125870e-03 5.0026667874e-04 -1.0476485207e-04
171                1.9295512908e-02 2.7844827998e-02 2.2006078994e-03 1.0155327769e-02 2.7345006373e-02 2.3053771026e-03 9.1401851391e-03 4.9982162468e-04 -1.0476920322e-04
172                1.9296178834e-02 2.7817620103e-02 2.2005792319e-03 1.0156195952e-02 2.7317479254e-02 2.3053512623e-03 9.1399828821e-03 5.0014084886e-04 -1.0477203038e-04
173                1.9294952113e-02 2.7789335360e-02 2.2005457287e-03 1.0155185846e-02 2.7289636477e-02 2.3053220618e-03 9.1397662674e-03 4.9969888330e-04 -1.0477633310e-04
174                1.9295655637e-02 2.7763563217e-02 2.2005176932e-03 1.0156080957e-02 2.7263542929e-02 2.3052968004e-03 9.1395746797e-03 5.0002028775e-04 -1.0477910726e-04
175                1.9294452058e-02 2.7736891254e-02 2.2004872115e-03 1.0155083799e-02 2.7237309610e-02 2.3052704242e-03 9.1393682586e-03 4.9958164384e-04 -1.0478321277e-04
176                1.9295161605e-02 2.7712694843e-02 2.2004617257e-03 1.0155975217e-02 2.7212789309e-02 2.3052473913e-03 9.1391863874e-03 4.9990553401e-04 -1.0478566555e-04
177                1.9293969795e-02 2.7687574659e-02 2.2004315298e-03 1.0154980289e-02 2.7188104324e-02 2.3052210082e-03 9.1389895068e-03 4.9947033449e-04 -1.0478947840e-04
178                1.9294688808e-02 2.7664828979e-02 2.2004082960e-03 1.0155871477e-02 2.7165031961e-02 2.3051999909e-03 9.1388173312e-03 4.9979701811e-04 -1.0479169495e-04
179                1.9293501606e-02 2.7640804958e-02 2.2003828259e-03 1.0154871399e-02 2.7141439288e-02 2.3051782536e-03 9.1386302066e-03 4.9936567068e-04 -1.0479542775e-04
180                1.9294219952e-02 2.7618768013e-02 2.2003610057e-03 1.0155752233e-02 2.7119072956e-02 2.3051588365e-03 9.1384677191e-03 4.9969505670e-04 -1.0479783086e-04
181                1.9293038178e-02 2.7595335037e-02 2.2003335382e-03 1.0154748145e-02 2.7096068316e-02 2.3051354864e-03 9.1382900337e-03 4.9926672096e-04 -1.0480194822e-04
182                1.9293767964e-02 2.7574071373e-02 2.2003112349e-03 1.0155631246e-02 2.7074473376e-02 2.3051159261e-03 9.1381367176e-03 4.9959799665e-04 -1.0480469123e-04
183                1.9292603493e-02 2.7551640636e-02 2.2002843469e-03 1.0154635668e-02 2.7052468370e-02 2.3050932494e-03 9.1379678250e-03 4.9917226593e-04 -1.0480890256e-04
184                1.9293348067e-02 2.7531434261e-02 2.2002604025e-03 1.0155525072e-02 2.7031929040e-02 2.3050718523e-03 9.1378229949e-03 4.9950522046e-04 -1.0481144981e-04
185                1.9292196341e-02 2.7509994193e-02 2.2002312709e-03 1.0154534105e-02 2.7010912898e-02 2.3050467713e-03 9.1376622363e-03 4.9908129485e-04 -1.0481550040e-04
186                1.9292945611e-02 2.7490736077e-02 2.2002099277e-03 1.0155420462e-02 2.6991320734e-02 2.3050278817e-03 9.1375251496e-03 4.9941534257e-04 -1.0481795398e-04
187                1.9291805575e-02 2.7470288882e-02 2.2001881697e-03 1.0154433889e-02 2.6971295637e-02 2.3050101299e-03 9.1373716864e-03 4.9899324421e-04 -1.0482196023e-04
188                1.9292571364e-02 2.7452150013e-02 2.2001724305e-03 1.0155329466e-02 2.6952820901e-02 2.3049966198e-03 9.1372418977e-03 4.9932911220e-04 -1.0482418931e-04
189                1.9291441685e-02 2.7432882252e-02 2.2001493888e-03 1.0154345874e-02 2.6933972857e-02 2.3049772660e-03 9.1370958105e-03 4.9890939514e-04 -1.0482787713e-04
190                1.9292225047e-02 2.7417380746e-02 2.2001303671e-03 1.0155252344e-02 2.6918132799e-02 2.3049602389e-03 9.1369727032e-03 4.9924794655e-04 -1.0482987177e-04
191                1.9291061322e-02 2.7396156868e-02 2.2000986251e-03 1.0154227691e-02 2.6897326108e-02 2.3049321027e-03 9.1368336306e-03 4.9883075998e-04 -1.0483347764e-04
192                1.9291868229e-02 2.7381889502e-02 2.2000824137e-03 1.0155149880e-02 2.6882717913e-02 2.3049177234e-03 9.1367183484e-03 4.9917158909e-04 -1.0483530968e-04
193                1.9290767762e-02 2.7364333880e-02 2.2000632996e-03 1.0154182827e-02 2.6865575842e-02 2.3049020851e-03 9.1365849348e-03 4.9875803747e-04 -1.0483878548e-04
194                1.9291507683e-02 2.7348201633e-02 2.2000485490e-03 1.0155032205e-02 2.6849100544e-02 2.3048890812e-03 9.1364754782e-03 4.9910108979e-04 -1.0484053224e-04
195                1.9290405929e-02 2.7331144135e-02 2.2000290099e-03 1.0154057017e-02 2.6832456406e-02 2.3048729014e-03 9.1363489119e-03 4.9868772885e-04 -1.0484389146e-04
196                1.9291200291e-02 2.7316861440e-02 2.2000137370e-03 1.0154954214e-02 2.6817828925e-02 2.3048591055e-03 9.1362460777e-03 4.9903251499e-04 -1.0484536849e-04
197                1.9290125165e-02 2.7300749931e-02 2.1999946364e-03 1.0153999852e-02 2.6802129130e-02 2.3048431634e-03 9.1361253129e-03 4.9862080162e-04 -1.0484852706e-04
198                1.9290909551e-02 2.7286748399e-02 2.1999810490e-03 1.0154881579e-02 2.6787780811e-02 2.3048309582e-03 9.1360279729e-03 4.9896758716e-04 -1.0484990919e-04
199                1.9289826710e-02 2.7271193278e-02 2.1999640483e-03 1.0153914034e-02 2.6772636052e-02 2.3048170295e-03 9.1359126762e-03 4.9855722523e-04 -1.0485298115e-04
200                1.9290622382e-02 2.7258069406e-02 2.1999516689e-03 1.0154801458e-02 2.6759162845e-02 2.3048058000e-03 9.1358209238e-03 4.9890656098e-04 -1.0485413109e-04
201                1.9289550998e-02 2.7243275756e-02 2.1999343911e-03 1.0153839816e-02 2.6744778024e-02 2.3047913804e-03 9.1357111825e-03 4.9849773252e-04 -1.0485698933e-04
202                1.9290354567e-02 2.7230758304e-02 2.1999213639e-03 1.0154729630e-02 2.6731908738e-02 2.3047793253e-03 9.1356249368e-03 4.9884956590e-04 -1.0485796139e-04
203                1.9289287706e-02 2.7216605931e-02 2.1999044275e-03 1.0153767129e-02 2.6718164264e-02 2.3047651442e-03 9.1355205768e-03 4.9844166704e-04 -1.0486071677e-04
204                1.9290098617e-02 2.7204812316e-02 2.1998928695e-03 1.0154659256e-02 2.6706017782e-02 2.3047544015e-03 9.1354393618e-03 4.9879453398e-04 -1.0486153209e-04
205                1.9289037500e-02 2.7191319126e-02 2.1998775620e-03 1.0153697372e-02 2.6692932273e-02 2.3047417550e-03 9.1353401285e-03 4.9838685253e-04 -1.0486419295e-04
206                1.9289855358e-02 2.7180124489e-02 2.1998671260e-03 1.0154591454e-02 2.6681383469e-02 2.3047320626e-03 9.1352639042e-03 4.9874101962e-04 -1.0486493667e-04
207                1.9288801362e-02 2.7167217636e-02 2.1998524417e-03 1.0153631462e-02 2.6668883010e-02 2.3047199991e-03 9.1351699000e-03 4.9833462652e-04 -1.0486755741e-04
208                1.9289627224e-02 2.7156642576e-02 2.1998423385e-03 1.0154528762e-02 2.6657952171e-02 2.3047105665e-03 9.1350984623e-03 4.9869040503e-04 -1.0486822798e-04
209                1.9288580579e-02 2.7144348672e-02 2.1998278711e-03 1.0153571321e-02 2.6646063134e-02 2.3046987075e-03 9.1350092587e-03 4.9828553817e-04 -1.0487083638e-04
210                1.9289411227e-02 2.7134338897e-02 2.1998181845e-03 1.0154468899e-02 2.6635696394e-02 2.3046896777e-03 9.1349423288e-03 4.9864250230e-04 -1.0487149324e-04
211                1.9288370109e-02 2.7122582036e-02 2.1998044594e-03 1.0153512399e-02 2.6624343335e-02 2.3046785065e-03 9.1348577101e-03 4.9823870171e-04 -1.0487404713e-04
212                1.9289206708e-02 2.7113109267e-02 2.1997955904e-03 1.0154411776e-02 2.6614512547e-02 2.3046701741e-03 9.1347949326e-03 4.9859672005e-04 -1.0487458377e-04
213                1.9288172065e-02 2.7101866132e-02 2.1997824223e-03 1.0153458013e-02 2.6603671693e-02 2.3046595023e-03 9.1347140522e-03 4.9819443918e-04 -1.0487708000e-04
214                1.9289011409e-02 2.7092885516e-02 2.1997738844e-03 1.0154356897e-02 2.6594331877e-02 2.3046514989e-03 9.1346545125e-03 4.9855363977e-04 -1.0487761445e-04
215                1.9287980687e-02 2.7082126789e-02 2.1997610505e-03 1.0153404115e-02 2.6583974405e-02 2.3046411493e-03 9.1345765721e-03 4.9815238397e-04 -1.0488009878e-04
216                1.9288824288e-02 2.7073630464e-02 2.1997529772e-03 1.0154304577e-02 2.6575118249e-02 2.3046335440e-03 9.1345197101e-03 4.9851221515e-04 -1.0488056684e-04
217                1.9287800319e-02 2.7063347819e-02 2.1997405542e-03 1.0153355834e-02 2.6565235888e-02 2.3046235737e-03 9.1344444849e-03 4.9811193105e-04 -1.0488301941e-04
218                1.9288648311e-02 2.7055303461e-02 2.1997328065e-03 1.0154257786e-02 2.6556831068e-02 2.3046162834e-03 9.1343905251e-03 4.9847239284e-04 -1.0488347694e-04
219                1.9287629318e-02 2.7045431693e-02 2.1997209080e-03 1.0153310919e-02 2.6547358513e-02 2.3046067918e-03 9.1343183988e-03 4.9807318087e-04 -1.0488588371e-04
220                1.9288477569e-02 2.7037794318e-02 2.1997138984e-03 1.0154210160e-02 2.6539359782e-02 2.3046001468e-03 9.1342674085e-03 4.9843453645e-04 -1.0488624839e-04
221                1.9287460832e-02 2.7028344791e-02 2.1997026558e-03 1.0153262890e-02 2.6530307854e-02 2.3045912779e-03 9.1341979418e-03 4.9803693760e-04 -1.0488862213e-04
222                1.9288313379e-02 2.7021124422e-02 2.1996959409e-03 1.0154163760e-02 2.6522725119e-02 2.3045849445e-03 9.1341496192e-03 4.9839930277e-04 -1.0488900354e-04
223                1.9287301881e-02 2.7012072149e-02 2.1996847591e-03 1.0153218987e-02 2.6514069328e-02 2.3045761311e-03 9.1340828940e-03 4.9800282038e-04 -1.0489137202e-04
224                1.9288156080e-02 2.7005209626e-02 2.1996782706e-03 1.0154118905e-02 2.6506844077e-02 2.3045699509e-03 9.1340371755e-03 4.9836554911e-04 -1.0489168027e-04
225                1.9287147526e-02 2.6996511038e-02 2.1996676274e-03 1.0153174826e-02 2.6498540945e-02 2.3045616376e-03 9.1339727007e-03 4.9797009367e-04 -1.0489401015e-04
226                1.9288002096e-02 2.6990008328e-02 2.1996617597e-03 1.0154073177e-02 2.6491674867e-02 2.3045560702e-03 9.1339289189e-03 4.9833346135e-04 -1.0489431050e-04
227                1.9286996667e-02 2.6981684237e-02 2.1996515009e-03 1.0153130544e-02 2.6483745233e-02 2.3045481333e-03 9.1338661235e-03 4.9793900443e-04 -1.0489663241e-04
228                1.9287854345e-02 2.6975565269e-02 2.1996457668e-03 1.0154030207e-02 2.6477262662e-02 2.3045426055e-03 9.1338241378e-03 4.9830260756e-04 -1.0489683864e-04
229                1.9286853929e-02 2.6967599664e-02 2.1996356864e-03 1.0153090515e-02 2.6469691013e-02 2.3045347551e-03 9.1337634144e-03 4.9790865101e-04 -1.0489906875e-04
230                1.9287713711e-02 2.6961797731e-02 2.1996304238e-03 1.0153989947e-02 2.6463525248e-02 2.3045296259e-03 9.1337237639e-03 4.9827248300e-04 -1.0489920211e-04
231                1.9286716770e-02 2.6954150752e-02 2.1996209369e-03 1.0153051572e-02 2.6456271221e-02 2.3045223287e-03 9.1336651978e-03 4.9787953166e-04 -1.0490139178e-04
232                1.9287579475e-02 2.6948687145e-02 2.1996161098e-03 1.0153951732e-02 2.6450442996e-02 2.3045175880e-03 9.1336277425e-03 4.9824414969e-04 -1.0490147820e-04
233                1.9286586697e-02 2.6941381685e-02 2.1996068757e-03 1.0153015177e-02 2.6443529688e-02 2.3045105156e-03 9.1335715196e-03 4.9785199757e-04 -1.0490363985e-04
234                1.9287453047e-02 2.6936228965e-02 2.1996022335e-03 1.0153916455e-02 2.6438012062e-02 2.3045059287e-03 9.1335365916e-03 4.9821690241e-04 -1.0490369520e-04
235                1.9286465794e-02 2.6929214020e-02 2.1995933316e-03 1.0152983041e-02 2.6431388638e-02 2.3044991124e-03 9.1334827527e-03 4.9782538166e-04 -1.0490578077e-04
236                1.9287335971e-02 2.6924352910e-02 2.1995890995e-03 1.0153885821e-02 2.6426162090e-02 2.3044948239e-03 9.1334501500e-03 4.9819082078e-04 -1.0490572440e-04
237                1.9286352303e-02 2.6917647324e-02 2.1995805457e-03 1.0152953700e-02 2.6419847223e-02 2.3044882669e-03 9.1333986023e-03 4.9780010145e-04 -1.0490772123e-04
238                1.9287225155e-02 2.6913074570e-02 2.1995765536e-03 1.0153856678e-02 2.6414908465e-02 2.3044841971e-03 9.1333684765e-03 4.9816610533e-04 -1.0490764350e-04
239                1.9286244673e-02 2.6906623788e-02 2.1995683075e-03 1.0152925281e-02 2.6408847653e-02 2.3044779038e-03 9.1333193929e-03 4.9777613471e-04 -1.0490959637e-04
240                1.9287118889e-02 2.6902304347e-02 2.1995648282e-03 1.0153827411e-02 2.6404161512e-02 2.3044742578e-03 9.1332914784e-03 4.9814283532e-04 -1.0490942959e-04
241                1.9286139984e-02 2.6896133128e-02 2.1995571930e-03 1.0152895819e-02 2.6398379067e-02 2.3044685007e-03 9.1332441650e-03 4.9775406080e-04 -1.0491130768e-04
242                1.9287016085e-02 2.6892117281e-02 2.1995540333e-03 1.0153798279e-02 2.6393995778e-02 2.3044651475e-03 9.1332178058e-03 4.9812150326e-04 -1.0491111424e-04
243                1.9286041728e-02 2.6886244227e-02 2.1995462938e-03 1.0152869560e-02 2.6388510995e-02 2.3044592440e-03 9.1331721680e-03 4.9773323184e-04 -1.0491295012e-04
244                1.9286920994e-02 2.6882477612e-02 2.1995430351e-03 1.0153773325e-02 2.6384377031e-02 2.3044557011e-03 9.1331476688e-03 4.9810058115e-04 -1.0491266598e-04
245                1.9285965382e-02 2.6877301357e-02 2.1995364949e-03 1.0152861895e-02 2.6379588123e-02 2.3044509472e-03 9.1331034861e-03 4.9771323412e-04 -1.0491445232e-04
246                1.9286813364e-02 2.6873028218e-02 2.1995328553e-03 1.0153732514e-02 2.6374946611e-02 2.3044470297e-03 9.1330808497e-03 4.9808160676e-04 -1.0491417440e-04
247                1.9285860472e-02 2.6868067814e-02 2.1995261866e-03 1.0152821831e-02 2.6370373345e-02 2.3044421408e-03 9.1330386415e-03 4.9769446874e-04 -1.0491595419e-04
248                1.9286721870e-02 2.6864966376e-02 2.1995235741e-03 1.0153703671e-02 2.6366903355e-02 2.3044391531e-03 9.1330181990e-03 4.9806302061e-04 -1.0491557892e-04
249                1.9285790450e-02 2.6859625925e-02 2.1995167163e-03 1.0152812677e-02 2.6361949696e-02 2.3044340197e-03 9.1329777731e-03 4.9767622922e-04 -1.0491730334e-04
250                1.9286649327e-02 2.6856349794e-02 2.1995139977e-03 1.0153689815e-02 2.6358305068e-02 2.3044309533e-03 9.1329595124e-03 4.9804472622e-04 -1.0491695561e-04
251                1.9285711440e-02 2.6851321817e-02 2.1995075083e-03 1.0152790953e-02 2.6353663103e-02 2.3044262424e-03 9.1329204868e-03 4.9765871347e-04 -1.0491873404e-04
252                1.9286567507e-02 2.6848492396e-02 2.1995053691e-03 1.0153664106e-02 2.6350464664e-02 2.3044237598e-03 9.1329034018e-03 4.9802773249e-04 -1.0491839075e-04
253                1.9285629672e-02 2.6843718437e-02 2.1994990576e-03 1.0152763837e-02 2.6346076552e-02 2.3044192242e-03 9.1328658348e-03 4.9764188501e-04 -1.0492016657e-04
254                1.9286487711e-02 2.6840960279e-02 2.1994967012e-03 1.0153637175e-02 2.6342949483e-02 2.3044165346e-03 9.1328505358e-03 4.9801079509e-04 -1.0491983331e-04
255                1.9285554686e-02 2.6836263337e-02 2.1994902742e-03 1.0152740038e-02 2.6338637922e-02 2.3044118775e-03 9.1328146478e-03 4.9762541544e-04 -1.0492160323e-04
256                1.9286415888e-02 2.6833674926e-02 2.1994882183e-03 1.0153614965e-02 2.6335679880e-02 2.3044094459e-03 9.1328009227e-03 4.9799504636e-04 -1.0492122758e-04
257                1.9285481077e-02 2.6829193296e-02 2.1994823264e-03 1.0152714583e-02 2.6331583063e-02 2.3044052902e-03 9.1327664943e-03 4.9761023309e-04 -1.0492296377e-04
258                1.9286339112e-02 2.6826801258e-02 2.1994805959e-03 1.0153584931e-02 2.6328821007e-02 2.3044032253e-03 9.1327541814e-03 4.9798025036e-04 -1.0492262939e-04
259                1.9285411223e-02 2.6822510304e-02 2.1994748010e-03 1.0152690197e-02 2.6324914144e-02 2.3043991692e-03 9.1327210267e-03 4.9759615993e-04 -1.0492436825e-04
260                1.9286276999e-02 2.6820289694e-02 2.1994731692e-03 1.0153567264e-02 2.6322322646e-02 2.3043971239e-03 9.1327097353e-03 4.9796704731e-04 -1.0492395475e-04
261                1.9285346797e-02 2.6816137302e-02 2.1994676022e-03 1.0152669549e-02 2.6318553637e-02 2.3043932017e-03 9.1326772474e-03 4.9758366562e-04 -1.0492559954e-04
262                1.9286210607e-02 2.6814037757e-02 2.1994662332e-03 1.0153544186e-02 2.6316082981e-02 2.3043913648e-03 9.1326664209e-03 4.9795477510e-04 -1.0492513159e-04
263                1.9285283806e-02 2.6810029493e-02 2.1994609160e-03 1.0152649591e-02 2.6312457779e-02 2.3043876401e-03 9.1326342142e-03 4.9757171427e-04 -1.0492672413e-04
264                1.9286149294e-02 2.6808105982e-02 2.1994597788e-03 1.0153525682e-02 2.6310163082e-02 2.3043859204e-03 9.1326236119e-03 4.9794290043e-04 -1.0492614158e-04
265                1.9285222269e-02 2.6804282377e-02 2.1994545719e-03 1.0152630329e-02 2.6306722502e-02 2.3043822381e-03 9.1325919400e-03 4.9755987518e-04 -1.0492766628e-04
266                1.9286087040e-02 2.6802501055e-02 2.1994534217e-03 1.0153504690e-02 2.6304570109e-02 2.3043805317e-03 9.1325823497e-03 4.9793094532e-04 -1.0492710995e-04
267                1.9285165388e-02 2.6798779720e-02 2.1994483259e-03 1.0152613309e-02 2.6301231491e-02 2.3043769584e-03 9.1325520791e-03 4.9754822927e-04 -1.0492863249e-04
268                1.9286036996e-02 2.6797086207e-02 2.1994474887e-03 1.0153493020e-02 2.6299166369e-02 2.3043754650e-03 9.1325439760e-03 4.9791983772e-04 -1.0492797627e-04
269                1.9285112373e-02 2.6793459671e-02 2.1994426995e-03 1.0152597474e-02 2.6295921487e-02 2.3043721006e-03 9.1325148986e-03 4.9753818311e-04 -1.0492940110e-04
270                1.9285977624e-02 2.6791875331e-02 2.1994421027e-03 1.0153469860e-02 2.6293964903e-02 2.3043707739e-03 9.1325077641e-03 4.9791042821e-04 -1.0492867113e-04
271                1.9285053661e-02 2.6788361889e-02 2.1994374788e-03 1.0152574181e-02 2.6290832857e-02 2.3043675118e-03 9.1324794801e-03 4.9752903149e-04 -1.0493003294e-04
272                1.9285925713e-02 2.6786876257e-02 2.1994370024e-03 1.0153452761e-02 2.6288975084e-02 2.3043662237e-03 9.1324729514e-03 4.9790117294e-04 -1.0492922133e-04
273                1.9285006416e-02 2.6783452673e-02 2.1994324733e-03 1.0152561416e-02 2.6285932745e-02 2.3043630253e-03 9.1324450002e-03 4.9751992733e-04 -1.0493055197e-04
274                1.9285872512e-02 2.6782059590e-02 2.1994320446e-03 1.0153433634e-02 2.6284167499e-02 2.3043617811e-03 9.1324388781e-03 4.9789209129e-04 -1.0492973655e-04
275                1.9284949631e-02 2.6778756849e-02 2.1994275808e-03 1.0152537869e-02 2.6281246281e-02 2.3043586275e-03 9.1324117619e-03 4.9751056748e-04 -1.0493104672e-04
276                1.9285823361e-02 2.6777488995e-02 2.1994272810e-03 1.0153416242e-02 2.6279606714e-02 2.3043574720e-03 9.1324071193e-03 4.9788228166e-04 -1.0493019104e-04
277                1.9284908729e-02 2.6774276570e-02 2.1994229218e-03 1.0152527046e-02 2.6276775919e-02 2.3043544362e-03 9.1323816825e-03 4.9750065106e-04 -1.0493151438e-04
278                1.9285784028e-02 2.6773067754e-02 2.1994227585e-03 1.0153405616e-02 2.6275194972e-02 2.3043534927e-03 9.1323784120e-03 4.9787278170e-04 -1.0493073421e-04
279                1.9284868657e-02 2.6769935559e-02 2.1994187035e-03 1.0152514784e-02 2.6272443738e-02 2.3043508355e-03 9.1323538733e-03 4.9749182079e-04 -1.0493213205e-04
280                1.9285743652e-02 2.6768849209e-02 2.1994187826e-03 1.0153392269e-02 2.6270984762e-02 2.3043501816e-03 9.1323513829e-03 4.9786444664e-04 -1.0493139902e-04
281                1.9284826994e-02 2.6765856164e-02 2.1994145487e-03 1.0152499289e-02 2.6268372806e-02 2.3043473767e-03 9.1323277048e-03 4.9748335829e-04 -1.0493282798e-04
282                1.9285701913e-02 2.6764879758e-02 2.1994141574e-03 1.0153375767e-02 2.6267024121e-02 2.3043463054e-03 9.1323261463e-03 4.9785563617e-04 -1.0493214795e-04
283                1.9284788937e-02 2.6761952969e-02 2.1994097953e-03 1.0152485563e-02 2.6264478391e-02 2.3043433911e-03 9.1323033736e-03 4.9747457794e-04 -1.0493359577e-04
284                1.9285665651e-02 2.6761042642e-02 2.1994099315e-03 1.0153363277e-02 2.6263195386e-02 2.3043428036e-03 9.1323023746e-03 4.9784725607e-04 -1.0493287210e-04
285                1.9284751085e-02 2.6758232808e-02 2.1994061905e-03 1.0152471278e-02 2.6260765879e-02 2.3043404955e-03 9.1322798063e-03 4.9746692909e-04 -1.0493430500e-04
286                1.9285626034e-02 2.6757464454e-02 2.1994063566e-03 1.0153346986e-02 2.6259624492e-02 2.3043399707e-03 9.1322790478e-03 4.9783996148e-04 -1.0493361411e-04
287                1.9284710800e-02 2.6754769275e-02 2.1994021828e-03 1.0152453745e-02 2.6257309397e-02 2.3043372303e-03 9.1322570549e-03 4.9745987787e-04 -1.0493504751e-04
288                1.9285586465e-02 2.6754075480e-02 2.1994021871e-03 1.0153329575e-02 2.6256242534e-02 2.3043364765e-03 9.1322568899e-03 4.9783294671e-04 -1.0493428939e-04
289                1.9284678833e-02 2.6751463814e-02 2.1993984196e-03 1.0152443452e-02 2.6254010423e-02 2.3043340975e-03 9.1322353811e-03 4.9745339004e-04 -1.0493567792e-04
290                1.9285558028e-02 2.6750868799e-02 2.1993989630e-03 1.0153322489e-02 2.6253041885e-02 2.3043338655e-03 9.1322355385e-03 4.9782691394e-04 -1.0493490252e-04
291                1.9284645887e-02 2.6748351580e-02 2.1993953733e-03 1.0152431602e-02 2.6250903837e-02 2.3043316226e-03 9.1322142854e-03 4.9744774297e-04 -1.0493624929e-04
292                1.9285525229e-02 2.6747841491e-02 2.1993957302e-03 1.0153310414e-02 2.6250020521e-02 2.3043311208e-03 9.1322148150e-03 4.9782097021e-04 -1.0493539061e-04
293                1.9284619406e-02 2.6745403920e-02 2.1993918474e-03 1.0152425426e-02 2.6247962353e-02 2.3043285813e-03 9.1321939799e-03 4.9744156706e-04 -1.0493673386e-04
294                1.9285501463e-02 2.6744971297e-02 2.1993921821e-03 1.0153306530e-02 2.6247156611e-02 2.3043281054e-03 9.1321949325e-03 4.9781468566e-04 -1.0493592326e-04
295                1.9284593103e-02 2.6742601507e-02 2.1993885606e-03 1.0152418621e-02 2.6245166047e-02 2.3043258538e-03 9.1321744824e-03 4.9743546050e-04 -1.0493729316e-04
296                1.9285471885e-02 2.6742219562e-02 2.1993891379e-03 1.0153295971e-02 2.6244410880e-02 2.3043255959e-03 9.1321759141e-03 4.9780868257e-04 -1.0493645802e-04
297                1.9284563478e-02 2.6739903767e-02 2.1993855680e-03 1.0152407497e-02 2.6242474239e-02 2.3043234096e-03 9.1321559812e-03 4.9742952810e-04 -1.0493784165e-04
298                1.9285444190e-02 2.6739587605e-02 2.1993862345e-03 1.0153286253e-02 2.6241784720e-02 2.3043232782e-03 9.1321579376e-03 4.9780288421e-04 -1.0493704370e-04
299                1.9284537252e-02 2.6737343496e-02 2.1993829074e-03 1.0152398804e-02 2.6239919546e-02 2.3043213129e-03 9.1321384474e-03 4.9742394957e-04 -1.0493840546e-04
300                1.9285418486e-02 2.6737095327e-02 2.1993836631e-03 1.0153277538e-02 2.6239297823e-02 2.3043212043e-03 9.1321409480e-03 4.9779750346e-04 -1.0493754122e-04
301                1.9284511467e-02 2.6734905321e-02 2.1993800988e-03 1.0152389278e-02 2.6237486772e-02 2.3043189748e-03 9.1321221896e-03 4.9741854883e-04 -1.0493887604e-04
302                1.9285394065e-02 2.6734702758e-02 2.1993805661e-03 1.0153268493e-02 2.6236910547e-02 2.3043186056e-03 9.1321255721e-03 4.9779221069e-04 -1.0493803949e-04
303                1.9284490195e-02 2.6732575899e-02 2.1993770662e-03 1.0152382456e-02 2.6235162460e-02 2.3043164353e-03 9.1321077391e-03 4.9741343870e-04 -1.0493936901e-04
304                1.9285375124e-02 2.6732436206e-02 2.1993779059e-03 1.0153262984e-02 2.6234648823e-02 2.3043163929e-03 9.1321121395e-03 4.9778738311e-04 -1.0493848700e-04
305                1.9284470851e-02 2.6730349612e-02 2.1993747628e-03 1.0152375485e-02 2.6232940832e-02 2.3043145468e-03 9.1320953654e-03 4.9740878016e-04 -1.0493978398e-04
306                1.9285355906e-02 2.6730247050e-02 2.1993757064e-03 1.0153255279e-02 2.6232464109e-02 2.3043146096e-03 9.1321006274e-03 4.9778294111e-04 -1.0493890327e-04
307                1.9284452718e-02 2.6728221143e-02 2.1993724135e-03 1.0152368237e-02 2.6230816322e-02 2.3043125885e-03 9.1320844808e-03 4.9740482090e-04 -1.0494017494e-04
308                1.9285338156e-02 2.6728187942e-02 2.1993731961e-03 1.0153248180e-02 2.6230408600e-02 2.3043124389e-03 9.1320899762e-03 4.9777934263e-04 -1.0493924279e-04
309                1.9284434708e-02 2.6726221676e-02 2.1993699481e-03 1.0152361039e-02 2.6228820096e-02 2.3043104694e-03 9.1320736682e-03 4.9740157986e-04 -1.0494052131e-04
310                1.9285317756e-02 2.6726244924e-02 2.1993709569e-03 1.0153239061e-02 2.6228468951e-02 2.3043105927e-03 9.1320786956e-03 4.9777597307e-04 -1.0493963579e-04
311                1.9284412953e-02 2.6724335452e-02 2.1993679304e-03 1.0152351162e-02 2.6226937406e-02 2.3043088467e-03 9.1320617911e-03 4.9739804595e-04 -1.0494091622e-04
312                1.9285297002e-02 2.6724415934e-02 2.1993689658e-03 1.0153230843e-02 2.6226643757e-02 2.3043089350e-03 9.1320661593e-03 4.9777217701e-04 -1.0493996925e-04
313                1.9284394861e-02 2.6722573317e-02 2.1993657186e-03 1.0152346117e-02 2.6225178975e-02 2.3043069549e-03 9.1320487442e-03 4.9739434247e-04 -1.0494123631e-04
314                1.9285280026e-02 2.6722714507e-02 2.1993665616e-03 1.0153227142e-02 2.6224946207e-02 2.3043068933e-03 9.1320528845e-03 4.9776830011e-04 -1.0494033174e-04
315                1.9284378834e-02 2.6720914476e-02 2.1993633788e-03 1.0152343341e-02 2.6223524067e-02 2.3043050075e-03 9.1320354938e-03 4.9739040862e-04 -1.0494162867e-04
316                1.9285264721e-02 2.6721090746e-02 2.1993645095e-03 1.0153224917e-02 2.6223326268e-02 2.3043052293e-03 9.1320398036e-03 4.9776447864e-04 -1.0494071982e-04
317                1.9284362939e-02 2.6719329570e-02 2.1993616105e-03 1.0152340368e-02 2.6221942593e-02 2.3043036670e-03 9.1320225705e-03 4.9738697653e-04 -1.0494205645e-04
318                1.9285246591e-02 2.6719557599e-02 2.1993628275e-03 1.0153219476e-02 2.6221796324e-02 2.3043040568e-03 9.1320271157e-03 4.9776127514e-04 -1.0494122934e-04
319                1.9284343437e-02 2.6717846219e-02 2.1993597653e-03 1.0152333265e-02 2.6220462420e-02 2.3043023742e-03 9.1320101712e-03 4.9738379950e-04 -1.0494260894e-04
320                1.9285228366e-02 2.6718096179e-02 2.1993606830e-03 1.0153213277e-02 2.6220338052e-02 2.3043024697e-03 9.1320150890e-03 4.9775812671e-04 -1.0494178666e-04
321                1.9284326618e-02 2.6716395156e-02 2.1993574740e-03 1.0152328073e-02 2.6219014546e-02 2.3043006578e-03 9.1319985448e-03 4.9738061015e-04 -1.0494318387e-04
322                1.9285211571e-02 2.6716667229e-02 2.1993585663e-03 1.0153207710e-02 2.6218912314e-02 2.3043009857e-03 9.1320038604e-03 4.9775491551e-04 -1.0494241940e-04
323                1.9284310819e-02 2.6715007382e-02 2.1993556396e-03 1.0152322981e-02 2.6217630245e-02 2.3042994659e-03 9.1319878372e-03 4.9737713666e-04 -1.0494382628e-04
324                1.9285198527e-02 2.6715319080e-02 2.1993567109e-03 1.0153204469e-02 2.6217567830e-02 2.3042997269e-03 9.1319940583e-03 4.9775124950e-04 -1.0494301602e-04
325                1.9284298798e-02 2.6713673583e-02 2.1993535341e-03 1.0152319659e-02 2.6216300211e-02 2.3042979261e-03 9.1319791388e-03 4.9737337185e-04 -1.0494439201e-04
326                1.9285185956e-02 2.6713974803e-02 2.1993546030e-03 1.0153199721e-02 2.6216226978e-02 2.3042981819e-03 9.1319862357e-03 4.9774782507e-04 -1.0494357891e-04
327                1.9284286235e-02 2.6712337981e-02 2.1993518905e-03 1.0152314412e-02 2.6214967461e-02 2.3042967909e-03 9.1319718236e-03 4.9737051951e-04 -1.0494490038e-04
328                1.9285172915e-02 2.6712695688e-02 2.1993533793e-03 1.0153193662e-02 2.6214950322e-02 2.3042973833e-03 9.1319792530e-03 4.9774536565e-04 -1.0494400393e-04
329                1.9284271971e-02 2.6711124281e-02 2.1993505142e-03 1.0152306747e-02 2.6213756210e-02 2.3042958071e-03 9.1319652238e-03 4.9736807140e-04 -1.0494529294e-04
330                1.9285159162e-02 2.6711506516e-02 2.1993515646e-03 1.0153186241e-02 2.6213763895e-02 2.3042959740e-03 9.1319729209e-03 4.9774262116e-04 -1.0494440936e-04
331                1.9284261299e-02 2.6709937362e-02 2.1993485685e-03 1.0152302302e-02 2.6212571957e-02 2.3042942483e-03 9.1319589972e-03 4.9736540516e-04 -1.0494567979e-04
332                1.9285150562e-02 2.6710345447e-02 2.1993499568e-03 1.0153183881e-02 2.6212605339e-02 2.3042946627e-03 9.1319666809e-03 4.9774010738e-04 -1.0494470588e-04
333                1.9284251919e-02 2.6708819825e-02 2.1993473509e-03 1.0152299188e-02 2.6211456628e-02 2.3042932589e-03 9.1319527314e-03 4.9736319708e-04 -1.0494590800e-04
334                1.9285139141e-02 2.6709259909e-02 2.1993487674e-03 1.0153178860e-02 2.6211522080e-02 2.3042936920e-03 9.1319602804e-03 4.9773782940e-04 -1.0494492460e-04
335                1.9284240857e-02 2.6707756630e-02 2.1993459944e-03 1.0152294764e-02 2.6210395687e-02 2.3042921365e-03 9.1319460927e-03 4.9736094325e-04 -1.0494614205e-04
336                1.9285129513e-02 2.6708228535e-02 2.1993475103e-03 1.0153176103e-02 2.6210492973e-02 2.3042926358e-03 9.1319534097e-03 4.9773556138e-04 -1.0494512545e-04
337                1.9284232554e-02 2.6706767297e-02 2.1993450746e-03 1.0152293496e-02 2.6209408489e-02 2.3042913997e-03 9.1319390585e-03 4.9735880805e-04 -1.0494632512e-04
338                1.9285120547e-02 2.6707264855e-02 2.1993467204e-03 1.0153174309e-02 2.6209531462e-02 2.3042920451e-03 9.1319462376e-03 4.9773339305e-04 -1.0494532472e-04
339                1.9284222448e-02 2.6705812143e-02 2.1993439829e-03 1.0152290774e-02 2.6208455510e-02 2.3042905425e-03 9.1319316738e-03 4.9735663298e-04 -1.0494655958e-04
340                1.9285110567e-02 2.6706326842e-02 2.1993452662e-03 1.0153171831e-02 2.6208595549e-02 2.3042908515e-03 9.1319387357e-03 4.9773129277e-04 -1.0494558528e-04
341                1.9284212734e-02 2.6704900715e-02 2.1993425108e-03 1.0152288562e-02 2.6207546217e-02 2.3042893769e-03 9.1319241715e-03 4.9735449821e-04 -1.0494686610e-04
342                1.9285099648e-02 2.6705427276e-02 2.1993441356e-03 1.0153168379e-02 2.6207698245e-02 2.3042900762e-03 9.1319312685e-03 4.9772903162e-04 -1.0494594061e-04
343                1.9284200000e-02 2.6704004070e-02 2.1993417008e-03 1.0152283301e-02 2.6206652066e-02 2.3042889266e-03 9.1319166993e-03 4.9735200331e-04 -1.0494722578e-04
344                1.9285087818e-02 2.6704554313e-02 2.1993432772e-03 1.0153163794e-02 2.6206827644e-02 2.3042895373e-03 9.1319240244e-03 4.9772666914e-04 -1.0494626007e-04
345                1.9284189977e-02 2.6703168623e-02 2.1993404508e-03 1.0152279981e-02 2.6205819045e-02 2.3042879764e-03 9.1319099958e-03 4.9734957720e-04 -1.0494752568e-04
346                1.9285079912e-02 2.6703742731e-02 2.1993417823e-03 1.0153161944e-02 2.6206018370e-02 2.3042883545e-03 9.1319179679e-03 4.9772436070e-04 -1.0494657223e-04
347                1.9284182932e-02 2.6702361946e-02 2.1993392820e-03 1.0152278465e-02 2.6205014465e-02 2.3042870711e-03 9.1319044669e-03 4.9734748144e-04 -1.0494778910e-04
348                1.9285071161e-02 2.6702934069e-02 2.1993411668e-03 1.0153158346e-02 2.6205211402e-02 2.3042879048e-03 9.1319128148e-03 4.9772266652e-04 -1.0494673803e-04
349                1.9284171377e-02 2.6701569844e-02 2.1993388516e-03 1.0152271869e-02 2.6204223819e-02 2.3042867600e-03 9.1318995084e-03 4.9734602486e-04 -1.0494790833e-04
350                1.9285060551e-02 2.6702200367e-02 2.1993403351e-03 1.0153152587e-02 2.6204479000e-02 2.3042872467e-03 9.1319079640e-03 4.9772136689e-04 -1.0494691154e-04
351                1.9284163292e-02 2.6700897992e-02 2.1993375107e-03 1.0152268369e-02 2.6203553235e-02 2.3042856406e-03 9.1318949232e-03 4.9734475627e-04 -1.0494812994e-04
352                1.9285053878e-02 2.6701547613e-02 2.1993389604e-03 1.0153150148e-02 2.6203827825e-02 2.3042860819e-03 9.1319037308e-03 4.9771978784e-04 -1.0494712149e-04
353                1.9284158177e-02 2.6700244935e-02 2.1993364443e-03 1.0152267023e-02 2.6202901947e-02 2.3042847876e-03 9.1318911540e-03 4.9734298780e-04 -1.0494834329e-04
354                1.9285049088e-02 2.6700895268e-02 2.1993381889e-03 1.0153148695e-02 2.6203177278e-02 2.3042855381e-03 9.1319003937e-03 4.9771799019e-04 -1.0494734927e-04
355                1.9284153565e-02 2.6699603016e-02 2.1993358028e-03 1.0152265428e-02 2.6202261412e-02 2.3042843777e-03 9.1318881367e-03 4.9734160330e-04 -1.0494857487e-04
356                1.9285044504e-02 2.6700276474e-02 2.1993375594e-03 1.0153146979e-02 2.6202559632e-02 2.3042851263e-03 9.1318975256e-03 4.9771684241e-04 -1.0494756687e-04
357                1.9284148905e-02 2.6698996951e-02 2.1993350618e-03 1.0152263600e-02 2.6201656294e-02 2.3042838782e-03 9.1318853043e-03 4.9734065774e-04 -1.0494881640e-04
358                1.9285038896e-02 2.6699663241e-02 2.1993366205e-03 1.0153144303e-02 2.6201947468e-02 2.3042844748e-03 9.1318945934e-03 4.9771577220e-04 -1.0494785429e-04
359                1.9284142811e-02 2.6698378194e-02 2.1993340102e-03 1.0152260664e-02 2.6201038635e-02 2.3042831267e-03 9.1318821476e-03 4.9733955940e-04 -1.0494911650e-04
360                1.9285031853e-02 2.6699050026e-02 2.1993356198e-03 1.0153140687e-02 2.6201335342e-02 2.3042837586e-03 9.1318911666e-03 4.9771468398e-04 -1.0494813879e-04
