# Moment          
# CofR            : (0.0000000000e+00 0.0000000000e+00 0.0000000000e+00)
#
# Time            	total_x total_y total_z	pressure_x pressure_y pressure_z	viscous_x viscous_y viscous_z
1                  -9.3646756016e-03 6.1450180328e-02 1.2503076442e-02 -9.3899754906e-03 5.2572327063e-02 1.2585814985e-02 2.5299889061e-05 8.8778532647e-03 -8.2738543119e-05
2                  -1.7753702021e-02 1.3611699610e-02 8.6398435201e-04 -1.7694310323e-02 6.5807246808e-03 1.0328286329e-03 -5.9391698594e-05 7.0309749295e-03 -1.6884428089e-04
3                  -1.3520476767e-02 -1.2265069532e-02 -4.3336859855e-03 -1.3443396046e-02 -1.8062454005e-02 -4.2102966080e-03 -7.7080720412e-05 5.7973844730e-03 -1.2338937746e-04
4                  -5.0248152172e-03 8.5766424317e-04 6.5482782142e-04 -5.0063086713e-03 -4.2901314702e-03 7.1230300128e-04 -1.8506545877e-05 5.1477957133e-03 -5.7475179860e-05
5                  -8.1913793554e-03 1.1970097984e-02 2.6583228977e-03 -8.1826568780e-03 7.3556845199e-03 2.7118129449e-03 -8.7224774418e-06 4.6144134637e-03 -5.3490047234e-05
6                  -1.3509460395e-02 9.0213163803e-03 8.9731611632e-04 -1.3466012814e-02 4.9440738744e-03 9.6783726282e-04 -4.3447581619e-05 4.0772425060e-03 -7.0521146498e-05
7                  -1.2407514138e-02 4.1908792908e-03 2.3216618941e-04 -1.2351955064e-02 5.8207654059e-04 2.9857487055e-04 -5.5559073977e-05 3.6088027502e-03 -6.6408681138e-05
8                  -1.0901930972e-02 3.9344788138e-03 8.6830677075e-04 -1.0855533766e-02 6.7288334732e-04 9.2173368012e-04 -4.6397205801e-05 3.2615954665e-03 -5.3426909374e-05
9                  -1.2191463600e-02 4.7176334992e-03 7.3311240098e-04 -1.2146019340e-02 1.7105928090e-03 7.8173888325e-04 -4.5444259854e-05 3.0070406902e-03 -4.8626482271e-05
10                 -1.2603285766e-02 4.2590399439e-03 1.4339238868e-04 -1.2547420317e-02 1.4524535840e-03 1.9304030459e-04 -5.5865449842e-05 2.8065863599e-03 -4.9647915908e-05
11                 -1.1410578248e-02 3.8412515033e-03 1.1265841557e-04 -1.1348439208e-02 1.1980639378e-03 1.6116041200e-04 -6.2139040691e-05 2.6431875655e-03 -4.8501996430e-05
12                 -1.1113859017e-02 4.1234726166e-03 4.0761404782e-04 -1.1050533613e-02 1.6116657781e-03 4.5296349276e-04 -6.3325403952e-05 2.5118068384e-03 -4.5349444947e-05
13                 -1.1703115849e-02 4.1658943202e-03 3.6139459111e-04 -1.1638709757e-02 1.7631404176e-03 4.0401365817e-04 -6.4406092702e-05 2.4027539026e-03 -4.2619067057e-05
14                 -1.1615864646e-02 3.7162125436e-03 1.0449232393e-04 -1.1548556709e-02 1.4070879154e-03 1.4555948283e-04 -6.7307936248e-05 2.3091246282e-03 -4.1067158903e-05
15                 -1.0924302004e-02 3.4938737321e-03 5.6637901583e-05 -1.0854286368e-02 1.2634762740e-03 9.6390559947e-05 -7.0015636130e-05 2.2303974581e-03 -3.9752658364e-05
16                 -1.0743038138e-02 3.6087320140e-03 1.2539241141e-04 -1.0670467042e-02 1.4442958848e-03 1.6409246490e-04 -7.2571096724e-05 2.1644361293e-03 -3.8700053491e-05
17                 -1.0673584189e-02 3.6398801828e-03 7.5772996844e-05 -1.0599349906e-02 1.5353565861e-03 1.1339250691e-04 -7.4234282086e-05 2.1045235968e-03 -3.7619510062e-05
18                 -1.0371398177e-02 3.4812023938e-03 3.4016761338e-06 -1.0295458863e-02 1.4319696303e-03 4.0069299344e-05 -7.5939314143e-05 2.0492327635e-03 -3.6667623210e-05
19                 -1.0043903733e-02 3.3842959186e-03 4.0601892234e-05 -9.9667037948e-03 1.3845993162e-03 7.6165124773e-05 -7.7199937972e-05 1.9996966024e-03 -3.5563232539e-05
20                 -1.0046594261e-02 3.4135281737e-03 1.0364330020e-04 -9.9680261398e-03 1.4576095013e-03 1.3835795054e-04 -7.8568121054e-05 1.9559186725e-03 -3.4714650334e-05
21                 -9.9406246356e-03 3.3928358542e-03 7.0223752646e-05 -9.8611259661e-03 1.4770582980e-03 1.0417519121e-04 -7.9498669462e-05 1.9157775562e-03 -3.3951438565e-05
22                 -9.5924145050e-03 3.2989617594e-03 -5.7961543270e-06 -9.5118202090e-03 1.4203849538e-03 2.7558605860e-05 -8.0594296015e-05 1.8785768056e-03 -3.3354760187e-05
23                 -9.2798816707e-03 3.2530668855e-03 -1.2131349200e-05 -9.1983764440e-03 1.4081717892e-03 2.0416171644e-05 -8.1505226745e-05 1.8448950964e-03 -3.2547520844e-05
24                 -9.1713900812e-03 3.2645161736e-03 3.3926372587e-05 -9.0885829183e-03 1.4506388347e-03 6.5764465839e-05 -8.2807162897e-05 1.8138773390e-03 -3.1838093252e-05
25                 -9.1709986348e-03 3.2527317095e-03 6.1327981845e-05 -9.0874027781e-03 1.4681886774e-03 9.2462949032e-05 -8.3595856648e-05 1.7845430321e-03 -3.1134967186e-05
26                 -9.0519096319e-03 3.2001905523e-03 3.9439664687e-05 -8.9675605788e-03 1.4427728922e-03 7.0121421456e-05 -8.4349053104e-05 1.7574176601e-03 -3.0681756769e-05
27                 -8.8114930197e-03 3.1642950991e-03 1.2948322223e-05 -8.7267943229e-03 1.4309260573e-03 4.3103397203e-05 -8.4698696880e-05 1.7333690417e-03 -3.0155074980e-05
28                 -8.6138351020e-03 3.1583434556e-03 1.2721337024e-05 -8.5284572374e-03 1.4466059683e-03 4.2434088752e-05 -8.5377864671e-05 1.7117374873e-03 -2.9712751729e-05
29                 -8.5365881303e-03 3.1557125913e-03 3.1382930787e-05 -8.4506123984e-03 1.4642507206e-03 6.0527598304e-05 -8.5975731884e-05 1.6914618707e-03 -2.9144667517e-05
30                 -8.4480071953e-03 3.1366357629e-03 3.7553830247e-05 -8.3612498441e-03 1.4643374559e-03 6.6276797973e-05 -8.6757351164e-05 1.6722983070e-03 -2.8722967726e-05
31                 -8.3228449907e-03 3.1119782048e-03 2.8260468290e-05 -8.2357219994e-03 1.4572136297e-03 5.6529570402e-05 -8.7122991314e-05 1.6547645751e-03 -2.8269102113e-05
32                 -8.1832728828e-03 3.0998543073e-03 2.3712822208e-05 -8.0956719671e-03 1.4608887640e-03 5.1647825225e-05 -8.7600915668e-05 1.6389655433e-03 -2.7935003016e-05
33                 -8.0442046636e-03 3.0917704413e-03 2.5495988718e-05 -7.9563749446e-03 1.4671624597e-03 5.3028089647e-05 -8.7829718979e-05 1.6246079815e-03 -2.7532100930e-05
34                 -7.9287325764e-03 3.0836953346e-03 2.8813095694e-05 -7.8405207899e-03 1.4723752059e-03 5.6062478022e-05 -8.8211786509e-05 1.6113201286e-03 -2.7249382328e-05
35                 -7.8230084769e-03 3.0751969607e-03 2.8039712121e-05 -7.7347087422e-03 1.4759639008e-03 5.4974943543e-05 -8.8299734663e-05 1.5992330599e-03 -2.6935231422e-05
36                 -7.6918532305e-03 3.0674008946e-03 2.2186515286e-05 -7.6033666165e-03 1.4790918033e-03 4.8921530121e-05 -8.8486613944e-05 1.5883090913e-03 -2.6735014835e-05
37                 -7.5544862967e-03 3.0590746992e-03 2.0137081842e-05 -7.4660353445e-03 1.4807683331e-03 4.6598790663e-05 -8.8450952249e-05 1.5783063661e-03 -2.6461708821e-05
38                 -7.4279886276e-03 3.0517628552e-03 2.0889728821e-05 -7.3393714991e-03 1.4827609491e-03 4.7139457294e-05 -8.8617128506e-05 1.5690019060e-03 -2.6249728474e-05
39                 -7.3065385128e-03 3.0459994551e-03 2.1136990180e-05 -7.2180121467e-03 1.4855167418e-03 4.7133747431e-05 -8.8526366157e-05 1.5604827132e-03 -2.5996757251e-05
40                 -7.1835474931e-03 3.0422389989e-03 2.0061405829e-05 -7.0950390922e-03 1.4895384823e-03 4.5916387061e-05 -8.8508400938e-05 1.5527005166e-03 -2.5854981232e-05
41                 -7.0612388774e-03 3.0378226284e-03 2.0159051260e-05 -6.9729937640e-03 1.4922976865e-03 4.5833190817e-05 -8.8245113388e-05 1.5455249419e-03 -2.5674139557e-05
42                 -6.9496586518e-03 3.0336345368e-03 2.2734075830e-05 -6.8615123336e-03 1.4948301952e-03 4.8294258834e-05 -8.8146318168e-05 1.5388043416e-03 -2.5560183005e-05
43                 -6.8450929715e-03 3.0296456893e-03 2.6867157247e-05 -6.7571948218e-03 1.4971331332e-03 5.2245383732e-05 -8.7898149720e-05 1.5325125561e-03 -2.5378226485e-05
44                 -6.7456277834e-03 3.0267576018e-03 3.0747861104e-05 -6.6578069914e-03 1.5001552646e-03 5.6007903067e-05 -8.7820792026e-05 1.5266023372e-03 -2.5260041962e-05
45                 -6.6532756699e-03 3.0239495524e-03 3.5498364840e-05 -6.5657096490e-03 1.5028933955e-03 6.0590121592e-05 -8.7566020879e-05 1.5210561568e-03 -2.5091756752e-05
46                 -6.5716728591e-03 3.0220146567e-03 4.1156676125e-05 -6.4842027533e-03 1.5061711359e-03 6.6143734697e-05 -8.7470105814e-05 1.5158435208e-03 -2.4987058572e-05
47                 -6.4985070634e-03 3.0202884888e-03 4.7657999968e-05 -6.4112870325e-03 1.5093154882e-03 7.2488345087e-05 -8.7220030911e-05 1.5109730006e-03 -2.4830345119e-05
48                 -6.4321913081e-03 3.0192560213e-03 5.3794168219e-05 -6.3450471798e-03 1.5128493050e-03 7.8526423422e-05 -8.7144128326e-05 1.5064067163e-03 -2.4732255203e-05
49                 -6.3706321223e-03 3.0178700346e-03 5.9799695388e-05 -6.2837028768e-03 1.5157667131e-03 8.4386708825e-05 -8.6929245486e-05 1.5021033215e-03 -2.4587013437e-05
50                 -6.3153605952e-03 3.0168399189e-03 6.5520681137e-05 -6.2284833647e-03 1.5188101045e-03 9.0023524808e-05 -8.6877230420e-05 1.4980298144e-03 -2.4502843670e-05
51                 -6.2654243460e-03 3.0157450890e-03 7.1449226911e-05 -6.1787421886e-03 1.5215460317e-03 9.5825666392e-05 -8.6682157381e-05 1.4941990573e-03 -2.4376439481e-05
52                 -6.2207322575e-03 3.0153592246e-03 7.6873042056e-05 -6.1340910821e-03 1.5247424859e-03 1.0118298404e-04 -8.6641175391e-05 1.4906167387e-03 -2.4309941986e-05
53                 -6.1785799866e-03 3.0148305956e-03 8.1940581371e-05 -6.0921187597e-03 1.5275550745e-03 1.0614284121e-04 -8.6461226925e-05 1.4872755211e-03 -2.4202259838e-05
54                 -6.1389952974e-03 3.0146060439e-03 8.6260045354e-05 -6.0525649269e-03 1.5304601811e-03 1.1041151630e-04 -8.6430370520e-05 1.4841458629e-03 -2.4151470949e-05
55                 -6.1006297298e-03 3.0140129915e-03 9.0419989808e-05 -6.0143662682e-03 1.5328075749e-03 1.1447924833e-04 -8.6263461616e-05 1.4812054166e-03 -2.4059258522e-05
56                 -6.0643015124e-03 3.0137737048e-03 9.4124107352e-05 -5.9780621470e-03 1.5353268974e-03 1.1814593211e-04 -8.6239365446e-05 1.4784468074e-03 -2.4021824763e-05
57                 -6.0285856136e-03 3.0133472340e-03 9.7782949255e-05 -5.9425095084e-03 1.5374773614e-03 1.2172690728e-04 -8.6076105236e-05 1.4758698726e-03 -2.3943958027e-05
58                 -5.9939790414e-03 3.0133239663e-03 1.0095463008e-04 -5.9079310371e-03 1.5398535734e-03 1.2487408268e-04 -8.6048004302e-05 1.4734703929e-03 -2.3919452595e-05
59                 -5.9590198301e-03 3.0130074461e-03 1.0407237710e-04 -5.8731433768e-03 1.5417775586e-03 1.2792684369e-04 -8.5876453352e-05 1.4712298875e-03 -2.3854466584e-05
60                 -5.9245396472e-03 3.0129653424e-03 1.0680191339e-04 -5.8387041314e-03 1.5438328201e-03 1.3064226614e-04 -8.5835515788e-05 1.4691325223e-03 -2.3840352746e-05
61                 -5.8893991921e-03 3.0126037592e-03 1.0960750257e-04 -5.8037453549e-03 1.5454414252e-03 1.3339159353e-04 -8.5653837141e-05 1.4671623340e-03 -2.3784090962e-05
62                 -5.8544940535e-03 3.0125617155e-03 1.1211993210e-04 -5.7688915990e-03 1.5472452940e-03 1.3589667818e-04 -8.5602454523e-05 1.4653164215e-03 -2.3776746086e-05
63                 -5.8187380585e-03 3.0122418896e-03 1.1474830812e-04 -5.7333269213e-03 1.5486565689e-03 1.3847512091e-04 -8.5411137131e-05 1.4635853207e-03 -2.3726812794e-05
64                 -5.7830964639e-03 3.0122392359e-03 1.1709695392e-04 -5.6977483542e-03 1.5502736265e-03 1.4082149258e-04 -8.5348109697e-05 1.4619656094e-03 -2.3724538667e-05
65                 -5.7464114941e-03 3.0119270697e-03 1.1955260105e-04 -5.6612649761e-03 1.5514828580e-03 1.4323107088e-04 -8.5146518006e-05 1.4604442117e-03 -2.3678469830e-05
66                 -5.7098565913e-03 3.0118863712e-03 1.2171131028e-04 -5.6247824376e-03 1.5528661836e-03 1.4538981897e-04 -8.5074153745e-05 1.4590201876e-03 -2.3678508689e-05
67                 -5.6718596368e-03 3.0115655105e-03 1.2397632856e-04 -5.5869934542e-03 1.5538813887e-03 1.4761061590e-04 -8.4866182629e-05 1.4576841218e-03 -2.3634287335e-05
68                 -5.6337264673e-03 3.0115408549e-03 1.2592783783e-04 -5.5489371300e-03 1.5551014110e-03 1.4956350269e-04 -8.4789337288e-05 1.4564394439e-03 -2.3635664855e-05
69                 -5.5943449741e-03 3.0112038753e-03 1.2791395565e-04 -5.5097662153e-03 1.5559289556e-03 1.5150646161e-04 -8.4578758865e-05 1.4552749197e-03 -2.3592505958e-05
70                 -5.5543483221e-03 3.0111611652e-03 1.2952137497e-04 -5.4698513828e-03 1.5569639930e-03 1.5311661706e-04 -8.4496939341e-05 1.4541971722e-03 -2.3595242094e-05
71                 -5.5126249763e-03 3.0108034179e-03 1.3113077894e-04 -5.4283454517e-03 1.5576069696e-03 1.5468463004e-04 -8.4279524621e-05 1.4531964483e-03 -2.3553851102e-05
72                 -5.4700831786e-03 3.0107086005e-03 1.3235671474e-04 -5.3858925889e-03 1.5584322046e-03 1.5591470438e-04 -8.4190589714e-05 1.4522763959e-03 -2.3557989642e-05
73                 -5.4257614903e-03 3.0102625310e-03 1.3360995655e-04 -5.3417949194e-03 1.5588364692e-03 1.5712778447e-04 -8.3966570862e-05 1.4514260618e-03 -2.3517827923e-05
74                 -5.3807115197e-03 3.0100608794e-03 1.3455074571e-04 -5.2968394767e-03 1.5594155998e-03 1.5807263983e-04 -8.3872042969e-05 1.4506452795e-03 -2.3521894120e-05
75                 -5.3342106572e-03 3.0095109309e-03 1.3562684341e-04 -5.2505656850e-03 1.5595906703e-03 1.5910713720e-04 -8.3644972156e-05 1.4499202606e-03 -2.3480293793e-05
76                 -5.2875546262e-03 3.0092200380e-03 1.3653022083e-04 -5.2040060424e-03 1.5599736711e-03 1.6001227470e-04 -8.3548583842e-05 1.4492463669e-03 -2.3482053873e-05
77                 -5.2402859877e-03 3.0085853481e-03 1.3772455024e-04 -5.1569652843e-03 1.5599768997e-03 1.6116324294e-04 -8.3320703379e-05 1.4486084484e-03 -2.3438692697e-05
78                 -5.1938378388e-03 3.0082204166e-03 1.3890430086e-04 -5.1106147329e-03 1.5602164397e-03 1.6234300798e-04 -8.3223105966e-05 1.4480039768e-03 -2.3438707116e-05
79                 -5.1478580557e-03 3.0075399267e-03 1.4051136201e-04 -5.0648615983e-03 1.5601231518e-03 1.6390501632e-04 -8.2996457382e-05 1.4474167749e-03 -2.3393654301e-05
80                 -5.1038225925e-03 3.0071542163e-03 1.4221148839e-04 -5.0209214365e-03 1.5603085539e-03 1.6560287547e-04 -8.2901156080e-05 1.4468456624e-03 -2.3391387083e-05
81                 -5.0613193647e-03 3.0064792877e-03 1.4439856678e-04 -4.9786391151e-03 1.5602001828e-03 1.6774263921e-04 -8.2680249574e-05 1.4462791050e-03 -2.3344072434e-05
82                 -5.0216057664e-03 3.0061089620e-03 1.4669120024e-04 -4.9390128328e-03 1.5603909879e-03 1.7002995900e-04 -8.2592933595e-05 1.4457179741e-03 -2.3338758756e-05
83                 -4.9840427386e-03 3.0054707340e-03 1.4943127321e-04 -4.9016581292e-03 1.5603166639e-03 1.7271984236e-04 -8.2384609372e-05 1.4451540701e-03 -2.3288569148e-05
84                 -4.9496195879e-03 3.0051678138e-03 1.5219583421e-04 -4.8673079892e-03 1.5605735827e-03 1.7547612932e-04 -8.2311598682e-05 1.4445942311e-03 -2.3280295107e-05
85                 -4.9174145767e-03 3.0046128609e-03 1.5527474558e-04 -4.8352946333e-03 1.5605782116e-03 1.7850313754e-04 -8.2119943439e-05 1.4440346493e-03 -2.3228391968e-05
86                 -4.8881262124e-03 3.0043942552e-03 1.5821740481e-04 -4.8060634574e-03 1.5609100081e-03 1.8143626295e-04 -8.2062755049e-05 1.4434842471e-03 -2.3218858134e-05
87                 -4.8605733570e-03 3.0039267517e-03 1.6129470259e-04 -4.7786858496e-03 1.5609851766e-03 1.8446203041e-04 -8.1887507406e-05 1.4429415751e-03 -2.3167327815e-05
88                 -4.8352632312e-03 3.0037833112e-03 1.6406841256e-04 -4.7534191311e-03 1.5613665428e-03 1.8722729037e-04 -8.1844100150e-05 1.4424167683e-03 -2.3158877810e-05
89                 -4.8108824358e-03 3.0033715637e-03 1.6683337649e-04 -4.7291997156e-03 1.5614640402e-03 1.8994321286e-04 -8.1682720282e-05 1.4419075235e-03 -2.3109836373e-05
90                 -4.7879184256e-03 3.0032621671e-03 1.6919659249e-04 -4.7062675136e-03 1.5618398214e-03 1.9230065963e-04 -8.1650911933e-05 1.4414223456e-03 -2.3104067144e-05
91                 -4.7652037831e-03 3.0028684821e-03 1.7149298032e-04 -4.6837022392e-03 1.5619114360e-03 1.9455148067e-04 -8.1501543859e-05 1.4409570461e-03 -2.3058500348e-05
92                 -4.7432939617e-03 3.0027592206e-03 1.7336832635e-04 -4.6618143945e-03 1.5622406281e-03 1.9642402007e-04 -8.1479567128e-05 1.4405185925e-03 -2.3055693714e-05
93                 -4.7211438377e-03 3.0023577294e-03 1.7518660967e-04 -4.6398038336e-03 1.5622563221e-03 1.9819999932e-04 -8.1340004030e-05 1.4401014073e-03 -2.3013389653e-05
94                 -4.6994607418e-03 3.0022319255e-03 1.7662533152e-04 -4.6181348088e-03 1.5625212049e-03 1.9963850196e-04 -8.1325932990e-05 1.4397107206e-03 -2.3013170437e-05
95                 -4.6773354125e-03 3.0018024468e-03 1.7806401661e-04 -4.5961413441e-03 1.5624641414e-03 2.0103735911e-04 -8.1194068407e-05 1.4393383054e-03 -2.2973342503e-05
96                 -4.6556046140e-03 3.0016479333e-03 1.7921032977e-04 -4.5744182674e-03 1.5626596557e-03 2.0218501024e-04 -8.1186346608e-05 1.4389882776e-03 -2.2974680469e-05
97                 -4.6335778290e-03 3.0011961190e-03 1.8045196452e-04 -4.5525165141e-03 1.5625442337e-03 2.0338798446e-04 -8.1061314984e-05 1.4386518852e-03 -2.2936019945e-05
98                 -4.6120888700e-03 3.0010217242e-03 1.8147633281e-04 -4.5310295324e-03 1.5626884263e-03 2.0441412245e-04 -8.1059337580e-05 1.4383332980e-03 -2.2937789640e-05
99                 -4.5904587068e-03 3.0005551386e-03 1.8265286887e-04 -4.5095190709e-03 1.5625312829e-03 2.0555222753e-04 -8.0939635884e-05 1.4380238556e-03 -2.2899358654e-05
100                -4.5695582860e-03 3.0003771662e-03 1.8366437227e-04 -4.4886163304e-03 1.5626486718e-03 2.0656534356e-04 -8.0941955607e-05 1.4377284944e-03 -2.2900971291e-05
101                -4.5487384927e-03 2.9999205817e-03 1.8486924069e-04 -4.4679119902e-03 1.5624811406e-03 2.0773157686e-04 -8.0826502453e-05 1.4374394412e-03 -2.2862336171e-05
102                -4.5288247015e-03 2.9997605093e-03 1.8593138683e-04 -4.4479919764e-03 1.5625978394e-03 2.0879496183e-04 -8.0832725142e-05 1.4371626700e-03 -2.2863574996e-05
103                -4.5091197078e-03 2.9993255358e-03 1.8718788914e-04 -4.4283981396e-03 1.5624345370e-03 2.1001258312e-04 -8.0721568205e-05 1.4368909988e-03 -2.2824693976e-05
104                -4.4904088015e-03 2.9991926308e-03 1.8829095212e-04 -4.4096772088e-03 1.5625618425e-03 2.1111673061e-04 -8.0731592648e-05 1.4366307883e-03 -2.2825778494e-05
105                -4.4718689903e-03 2.9987793548e-03 1.8956235275e-04 -4.3912449274e-03 1.5624040396e-03 2.1234940368e-04 -8.0624062809e-05 1.4363753152e-03 -2.2787050926e-05
106                -4.4542749420e-03 2.9986659973e-03 1.9065579878e-04 -4.3736377389e-03 1.5625346399e-03 2.1344423620e-04 -8.0637203158e-05 1.4361313575e-03 -2.2788437421e-05
107                -4.4368806817e-03 2.9982763369e-03 1.9189739736e-04 -4.3563480920e-03 1.5623838128e-03 2.1464771695e-04 -8.0532589714e-05 1.4358925241e-03 -2.2750319590e-05
108                -4.4203333883e-03 2.9981853799e-03 1.9293674318e-04 -4.3397853028e-03 1.5625199227e-03 2.1568915335e-04 -8.0548085571e-05 1.4356654572e-03 -2.2752410168e-05
109                -4.4038905973e-03 2.9978157035e-03 1.9410636062e-04 -4.3234446547e-03 1.5623714896e-03 2.1682157568e-04 -8.0445942537e-05 1.4354442139e-03 -2.2715215066e-05
110                -4.3882347104e-03 2.9977413005e-03 1.9506721442e-04 -4.3077707691e-03 1.5625065091e-03 2.1778543347e-04 -8.0463941249e-05 1.4352347914e-03 -2.2718219043e-05
111                -4.3726377911e-03 2.9973831268e-03 1.9615327230e-04 -4.2922734525e-03 1.5623522743e-03 2.1883534876e-04 -8.0364338609e-05 1.4350308525e-03 -2.2682076468e-05
112                -4.3577524841e-03 2.9973172053e-03 1.9702953058e-04 -4.2773678211e-03 1.5624790888e-03 2.1971561572e-04 -8.0384662991e-05 1.4348381165e-03 -2.2686085142e-05
113                -4.3428681672e-03 2.9969655224e-03 1.9803391452e-04 -4.2625806122e-03 1.5623154942e-03 2.2068485209e-04 -8.0287554967e-05 1.4346500282e-03 -2.2650937574e-05
114                -4.3286650191e-03 2.9969084637e-03 1.9883875097e-04 -4.2483545453e-03 1.5624363157e-03 2.2149455035e-04 -8.0310473764e-05 1.4344721480e-03 -2.2655799386e-05
115                -4.3144628121e-03 2.9965658236e-03 1.9978173065e-04 -4.2342469069e-03 1.5622677194e-03 2.2240320969e-04 -8.0215905258e-05 1.4342981042e-03 -2.2621479046e-05
116                -4.3011385594e-03 2.9965139858e-03 2.0052730074e-04 -4.2208968030e-03 1.5623809607e-03 2.2315436715e-04 -8.0241756404e-05 1.4341330251e-03 -2.2627066413e-05
117                -4.2871784141e-03 2.9961804681e-03 2.0145263940e-04 -4.2070283275e-03 1.5622094184e-03 2.2404617841e-04 -8.0150086574e-05 1.4339710497e-03 -2.2593539003e-05
118                -4.2746471887e-03 2.9961428495e-03 2.0214860217e-04 -4.1944691853e-03 1.5623258633e-03 2.2474825707e-04 -8.0178003401e-05 1.4338169862e-03 -2.2599654898e-05
119                -4.2615332287e-03 2.9958242109e-03 2.0302158938e-04 -4.1814447370e-03 1.5621584150e-03 2.2558810261e-04 -8.0088491701e-05 1.4336657959e-03 -2.2566513223e-05
120                -4.2495169448e-03 2.9957956145e-03 2.0368562170e-04 -4.1693985095e-03 1.5622736401e-03 2.2625871055e-04 -8.0118435329e-05 1.4335219744e-03 -2.2573088854e-05
121                -4.2371164238e-03 2.9954879991e-03 2.0451519760e-04 -4.1570854367e-03 1.5621074267e-03 2.2705573985e-04 -8.0030987180e-05 1.4333805724e-03 -2.2540542258e-05
122                -4.2252844276e-03 2.9954623498e-03 2.0517384406e-04 -4.1452213584e-03 1.5622158656e-03 2.2772170425e-04 -8.0063069141e-05 1.4332464842e-03 -2.2547860188e-05
123                -4.2135765334e-03 2.9951713381e-03 2.0593766746e-04 -4.1335997154e-03 1.5620562261e-03 2.2845346701e-04 -7.9976817957e-05 1.4331151120e-03 -2.2515799552e-05
124                -4.2023653594e-03 2.9951617375e-03 2.0652587908e-04 -4.1223553864e-03 1.5621707274e-03 2.2904936995e-04 -8.0009973002e-05 1.4329910101e-03 -2.2523490865e-05
125                -4.1909845610e-03 2.9948765150e-03 2.0724416569e-04 -4.1110595302e-03 1.5620073670e-03 2.2973612634e-04 -7.9925030814e-05 1.4328691480e-03 -2.2491960649e-05
126                -4.1800795186e-03 2.9948683774e-03 2.0779200178e-04 -4.1001202371e-03 1.5621144212e-03 2.3029222545e-04 -7.9959281446e-05 1.4327539562e-03 -2.2500223667e-05
127                -4.1690986057e-03 2.9945869266e-03 2.0845924337e-04 -4.0892230900e-03 1.5619460322e-03 2.3092846349e-04 -7.9875515696e-05 1.4326408944e-03 -2.2469220120e-05
128                -4.1585600031e-03 2.9945863340e-03 2.0895663675e-04 -4.0786492578e-03 1.5620519487e-03 2.3143454480e-04 -7.9910745226e-05 1.4325343853e-03 -2.2477908047e-05
129                -4.1478814496e-03 2.9943117357e-03 2.0958090302e-04 -4.0680533428e-03 1.5618819436e-03 2.3202827688e-04 -7.9828106821e-05 1.4324297921e-03 -2.2447373868e-05
130                -4.1376464653e-03 2.9943155533e-03 2.1004222587e-04 -4.0577823394e-03 1.5619844962e-03 2.3249873843e-04 -7.9864125840e-05 1.4323310571e-03 -2.2456512552e-05
131                -4.1273055751e-03 2.9940437311e-03 2.1063233477e-04 -4.0475231457e-03 1.5618101014e-03 2.3305874911e-04 -7.9782429442e-05 1.4322336297e-03 -2.2426414341e-05
132                -4.1174050855e-03 2.9940507475e-03 2.1106366696e-04 -4.0375859165e-03 1.5619092745e-03 2.3349958104e-04 -7.9819169043e-05 1.4321414730e-03 -2.2435914079e-05
133                -4.1073922710e-03 2.9937838078e-03 2.1162840327e-04 -4.0276538392e-03 1.5617334716e-03 2.3403457554e-04 -7.9738431842e-05 1.4320503362e-03 -2.2406172266e-05
134                -4.0978258516e-03 2.9937950626e-03 2.1203865337e-04 -4.0180499434e-03 1.5618309518e-03 2.3445467285e-04 -7.9775908206e-05 1.4319641109e-03 -2.2416019486e-05
135                -4.0881667249e-03 2.9935314805e-03 2.1258400814e-04 -4.0084705529e-03 1.5616530187e-03 2.3497064219e-04 -7.9696171961e-05 1.4318784617e-03 -2.2386634051e-05
136                -4.0789657288e-03 2.9935468838e-03 2.1297670055e-04 -3.9992312490e-03 1.5617496017e-03 2.3537354921e-04 -7.9734479775e-05 1.4317972822e-03 -2.2396848660e-05
137                -4.0696790832e-03 2.9932886659e-03 2.1350580379e-04 -3.9900234151e-03 1.5615721617e-03 2.3587360825e-04 -7.9655668158e-05 1.4317165041e-03 -2.2367804456e-05
138                -4.0608544619e-03 2.9933095725e-03 2.1388457717e-04 -3.9811598616e-03 1.5616695952e-03 2.3626294779e-04 -7.9694600236e-05 1.4316399773e-03 -2.2378370624e-05
139                -4.0519559221e-03 2.9930561915e-03 2.1440007306e-04 -3.9723393912e-03 1.5614925605e-03 2.3674968251e-04 -7.9616530807e-05 1.4315636311e-03 -2.2349609457e-05
140                -4.0435264032e-03 2.9930820598e-03 2.1476563217e-04 -3.9638703134e-03 1.5615907398e-03 2.3712613031e-04 -7.9656089735e-05 1.4314913199e-03 -2.2360498135e-05
141                -4.0350301400e-03 2.9928346225e-03 2.1526810670e-04 -3.9554513647e-03 1.5614157053e-03 2.3760011186e-04 -7.9578775260e-05 1.4314189172e-03 -2.2332005162e-05
142                -4.0269951552e-03 2.9928647547e-03 2.1562196923e-04 -3.9473762173e-03 1.5615145600e-03 2.3796516342e-04 -7.9618937878e-05 1.4313501947e-03 -2.2343194189e-05
143                -4.0188996966e-03 2.9926212787e-03 2.1611164565e-04 -3.9393571681e-03 1.5613398970e-03 2.3842664377e-04 -7.9542528492e-05 1.4312813817e-03 -2.2314998115e-05
144                -4.0112720325e-03 2.9926587019e-03 2.1645242614e-04 -3.9316884973e-03 1.5614425371e-03 2.3877897186e-04 -7.9583535171e-05 1.4312161648e-03 -2.2326545718e-05
145                -4.0035792481e-03 2.9924219216e-03 2.1692857344e-04 -3.9240710206e-03 1.5612712661e-03 2.3922730320e-04 -7.9508227498e-05 1.4311506556e-03 -2.2298729764e-05
146                -3.9963449209e-03 2.9924632512e-03 2.1725525936e-04 -3.9167948217e-03 1.5613746818e-03 2.3956593368e-04 -7.9550099175e-05 1.4310885693e-03 -2.2310674320e-05
147                -3.9890429695e-03 2.9922313107e-03 2.1771466065e-04 -3.9095672142e-03 1.5612051056e-03 2.3999788659e-04 -7.9475755242e-05 1.4310262051e-03 -2.2283225936e-05
148                -3.9821826830e-03 2.9922787611e-03 2.1802421708e-04 -3.9026642955e-03 1.5613114855e-03 2.4031973528e-04 -7.9518387457e-05 1.4309672757e-03 -2.2295518194e-05
149                -3.9752437701e-03 2.9920526860e-03 2.1846621216e-04 -3.8957987576e-03 1.5611445733e-03 2.4073464755e-04 -7.9445012489e-05 1.4309081127e-03 -2.2268435389e-05
150                -3.9687381613e-03 2.9921051757e-03 2.1875855804e-04 -3.8892497594e-03 1.5612528075e-03 2.4103965250e-04 -7.9488401886e-05 1.4308523682e-03 -2.2281094459e-05
151                -3.9621517611e-03 2.9918838031e-03 2.1918095032e-04 -3.8827358371e-03 1.5610873953e-03 2.4143533232e-04 -7.9415924047e-05 1.4307964078e-03 -2.2254382003e-05
152                -3.9559806891e-03 2.9919399506e-03 2.1945265418e-04 -3.8765208161e-03 1.5611960784e-03 2.4172004482e-04 -7.9459873043e-05 1.4307438722e-03 -2.2267390640e-05
153                -3.9496966215e-03 2.9917216683e-03 2.1985550443e-04 -3.8703085149e-03 1.5610305502e-03 2.4209651984e-04 -7.9388106571e-05 1.4306911181e-03 -2.2241015413e-05
154                -3.9438121645e-03 2.9917809382e-03 2.2011032823e-04 -3.8643795284e-03 1.5611392604e-03 2.4236469049e-04 -7.9432636126e-05 1.4306416778e-03 -2.2254362256e-05
155                -3.9378257533e-03 2.9915676248e-03 2.2049600495e-04 -3.8584639964e-03 1.5609757426e-03 2.4272435360e-04 -7.9361756974e-05 1.4305918823e-03 -2.2228348654e-05
156                -3.9322368554e-03 2.9916328855e-03 2.2073321679e-04 -3.8528298563e-03 1.5610875695e-03 2.4297526084e-04 -7.9406999105e-05 1.4305453160e-03 -2.2242044049e-05
157                -3.9265292465e-03 2.9914236232e-03 2.2110180982e-04 -3.8471923131e-03 1.5609252482e-03 2.4331815684e-04 -7.9336933368e-05 1.4304983750e-03 -2.2216347023e-05
158                -3.9212031712e-03 2.9914910151e-03 2.2132360621e-04 -3.8418205146e-03 1.5610363737e-03 2.4355391250e-04 -7.9382656660e-05 1.4304546415e-03 -2.2230306284e-05
159                -3.9157567253e-03 2.9912855521e-03 2.2167733822e-04 -3.8364435223e-03 1.5608750854e-03 2.4388219875e-04 -7.9313202947e-05 1.4304104667e-03 -2.2204860528e-05
160                -3.9106911406e-03 2.9913577655e-03 2.2188533001e-04 -3.8313316937e-03 1.5609883910e-03 2.4410438938e-04 -7.9359446949e-05 1.4303693746e-03 -2.2219059372e-05
161                -3.9055039476e-03 2.9911559614e-03 2.2222491600e-04 -3.8262132412e-03 1.5608282556e-03 2.4441879253e-04 -7.9290706448e-05 1.4303277058e-03 -2.2193876527e-05
162                -3.9006896141e-03 2.9912304707e-03 2.2241933510e-04 -3.8213521670e-03 1.5609414174e-03 2.4462763177e-04 -7.9337447034e-05 1.4302890533e-03 -2.2208296672e-05
163                -3.8957476044e-03 2.9910318347e-03 2.2274561712e-04 -3.8164783055e-03 1.5607820456e-03 2.4492896344e-04 -7.9269298896e-05 1.4302497891e-03 -2.2183346322e-05
164                -3.8911714624e-03 2.9911098443e-03 2.2292786081e-04 -3.8118549563e-03 1.5608963940e-03 2.4512584233e-04 -7.9316506109e-05 1.4302134504e-03 -2.2197981518e-05
165                -3.8864619744e-03 2.9909142122e-03 2.2324204821e-04 -3.8072129977e-03 1.5607378995e-03 2.4541534452e-04 -7.9248976756e-05 1.4301763127e-03 -2.2173296308e-05
166                -3.8821485153e-03 2.9909954984e-03 2.2341365991e-04 -3.8028517699e-03 1.5608536449e-03 2.4560181999e-04 -7.9296745330e-05 1.4301418535e-03 -2.2188160083e-05
167                -3.8776006491e-03 2.9907995744e-03 2.2371032769e-04 -3.7983708493e-03 1.5606931404e-03 2.4587406884e-04 -7.9229799785e-05 1.4301064340e-03 -2.2163741154e-05
168                -3.8734952000e-03 2.9908847347e-03 2.2387246975e-04 -3.7942171734e-03 1.5608108716e-03 2.4605131205e-04 -7.9278026609e-05 1.4300738631e-03 -2.2178842296e-05
169                -3.8692139753e-03 2.9906893250e-03 2.2416051175e-04 -3.7900023294e-03 1.5606491488e-03 2.4631519206e-04 -7.9211645930e-05 1.4300401763e-03 -2.2154680307e-05
170                -3.8652288481e-03 2.9907850632e-03 2.2431148925e-04 -3.7859685243e-03 1.5607756710e-03 2.4648149709e-04 -7.9260323813e-05 1.4300093922e-03 -2.2170007840e-05
171                -3.8611392771e-03 2.9905885464e-03 2.2459100193e-04 -3.7819448749e-03 1.5606111237e-03 2.4673708830e-04 -7.9194402169e-05 1.4299774227e-03 -2.2146086372e-05
172                -3.8573639542e-03 2.9906822793e-03 2.2473475081e-04 -3.7781204959e-03 1.5607339760e-03 2.4689633463e-04 -7.9243458296e-05 1.4299483033e-03 -2.2161583827e-05
173                -3.8534565396e-03 2.9904889785e-03 2.2500599694e-04 -3.7742785830e-03 1.5605710262e-03 2.4714385104e-04 -7.9177956587e-05 1.4299179523e-03 -2.2137854101e-05
174                -3.8498746032e-03 2.9905883010e-03 2.2514126715e-04 -3.7706472689e-03 1.5606979165e-03 2.4729477088e-04 -7.9227334351e-05 1.4298903845e-03 -2.2153503724e-05
175                -3.8461822275e-03 2.9903987273e-03 2.2540272712e-04 -3.7670199596e-03 1.5605372017e-03 2.4753269791e-04 -7.9162267813e-05 1.4298615256e-03 -2.2129970794e-05
176                -3.8428118135e-03 2.9904992396e-03 2.2552677004e-04 -3.7635998510e-03 1.5606638771e-03 2.4767253921e-04 -7.9211962496e-05 1.4298353625e-03 -2.2145769175e-05
177                -3.8393315615e-03 2.9903114458e-03 2.2577503896e-04 -3.7601842175e-03 1.5605035841e-03 2.4789747521e-04 -7.9147343974e-05 1.4298078617e-03 -2.2122436249e-05
178                -3.8361624416e-03 2.9904136764e-03 2.2588457097e-04 -3.7569650276e-03 1.5606306182e-03 2.4802296474e-04 -7.9197414068e-05 1.4297830583e-03 -2.2138393770e-05
179                -3.8328394917e-03 2.9902269558e-03 2.2611792120e-04 -3.7537062089e-03 1.5604699955e-03 2.4823319453e-04 -7.9133282792e-05 1.4297569603e-03 -2.2115273331e-05
180                -3.8297771688e-03 2.9903293742e-03 2.2621600383e-04 -3.7505934903e-03 1.5605958000e-03 2.4834739918e-04 -7.9183678503e-05 1.4297335743e-03 -2.2131395347e-05
181                -3.8265416035e-03 2.9901434572e-03 2.2644408392e-04 -3.7474216909e-03 1.5604345733e-03 2.4855255217e-04 -7.9119912598e-05 1.4297088839e-03 -2.2108468255e-05
182                -3.8235880244e-03 2.9902478548e-03 2.2654171863e-04 -3.7444174637e-03 1.5605609951e-03 2.4866644428e-04 -7.9170560668e-05 1.4296868598e-03 -2.2124725648e-05
183                -3.8204914143e-03 2.9900649976e-03 2.2676911360e-04 -3.7413842116e-03 1.5604015205e-03 2.4887107919e-04 -7.9107202648e-05 1.4296634771e-03 -2.2101965588e-05
184                -3.8176836710e-03 2.9901721218e-03 2.2686291405e-04 -3.7385255209e-03 1.5605294296e-03 2.4898125899e-04 -7.9158150155e-05 1.4296426921e-03 -2.2118344941e-05
185                -3.8147226696e-03 2.9899914454e-03 2.2708344813e-04 -3.7356275953e-03 1.5603709593e-03 2.4917916872e-04 -7.9095074285e-05 1.4296204860e-03 -2.2095720589e-05
186                -3.8120452259e-03 2.9900993377e-03 2.2716998371e-04 -3.7328990496e-03 1.5604985471e-03 2.4928218201e-04 -7.9146176309e-05 1.4296007906e-03 -2.2112198308e-05
187                -3.8092206952e-03 2.9899211266e-03 2.2738372925e-04 -3.7301373313e-03 1.5603415332e-03 2.4947342900e-04 -7.9083363827e-05 1.4295795934e-03 -2.2089699745e-05
188                -3.8066920656e-03 2.9900321439e-03 2.2746352415e-04 -3.7275573380e-03 1.5604712541e-03 2.4956981720e-04 -7.9134727598e-05 1.4295608898e-03 -2.2106293047e-05
189                -3.8040237449e-03 2.9898552834e-03 2.2766795372e-04 -3.7249515202e-03 1.5603145872e-03 2.4975189084e-04 -7.9072224776e-05 1.4295406962e-03 -2.2083937120e-05
190                -3.8018627945e-03 2.9899689470e-03 2.2773128511e-04 -3.7227388723e-03 1.5604460420e-03 2.4983194197e-04 -7.9123922202e-05 1.4295229049e-03 -2.2100656858e-05
191                -3.7989194884e-03 2.9897887335e-03 2.2792237776e-04 -3.7198577538e-03 1.5602850619e-03 2.5000089633e-04 -7.9061734669e-05 1.4295036716e-03 -2.2078518570e-05
192                -3.7969285416e-03 2.9899055119e-03 2.2798305800e-04 -3.7178148144e-03 1.5604185839e-03 2.5007847408e-04 -7.9113727142e-05 1.4294869280e-03 -2.2095416079e-05
193                -3.7944918292e-03 2.9897335016e-03 2.2817084778e-04 -3.7154397745e-03 1.5602651104e-03 2.5024423848e-04 -7.9052054666e-05 1.4294683912e-03 -2.2073390698e-05
194                -3.7922508547e-03 2.9898409624e-03 2.2821942775e-04 -3.7131464946e-03 1.5603885712e-03 2.5030990057e-04 -7.9104360121e-05 1.4294523912e-03 -2.2090472820e-05
195                -3.7898834680e-03 2.9896696383e-03 2.2839631892e-04 -3.7108407992e-03 1.5602348565e-03 2.5046489630e-04 -7.9042668816e-05 1.4294347818e-03 -2.2068577381e-05
196                -3.7878938871e-03 2.9897853620e-03 2.2844409596e-04 -3.7087987183e-03 1.5603656696e-03 2.5052983638e-04 -7.9095168765e-05 1.4294196924e-03 -2.2085740424e-05
197                -3.7856552379e-03 2.9896177809e-03 2.2861998496e-04 -3.7066215608e-03 1.5602149073e-03 2.5068389191e-04 -7.9033677078e-05 1.4294028736e-03 -2.2063906952e-05
198                -3.7837081818e-03 2.9897321490e-03 2.2866075452e-04 -3.7046217077e-03 1.5603436131e-03 2.5074197294e-04 -7.9086474147e-05 1.4293885359e-03 -2.2081218422e-05
199                -3.7815503416e-03 2.9895638927e-03 2.2882891041e-04 -3.7025251586e-03 1.5601913907e-03 2.5088841382e-04 -7.9025183049e-05 1.4293725020e-03 -2.2059503413e-05
200                -3.7797247370e-03 2.9896803678e-03 2.2886513922e-04 -3.7006464045e-03 1.5603213560e-03 2.5094208950e-04 -7.9078332520e-05 1.4293590118e-03 -2.2076950282e-05
201                -3.7776682351e-03 2.9895140962e-03 2.2903024871e-04 -3.6986510031e-03 1.5601702648e-03 2.5108555496e-04 -7.9017231977e-05 1.4293438315e-03 -2.2055306254e-05
202                -3.7759229288e-03 2.9896319621e-03 2.2906316708e-04 -3.6968521738e-03 1.5603007994e-03 2.5113606661e-04 -7.9070755099e-05 1.4293311627e-03 -2.2072899529e-05
203                -3.7739552045e-03 2.9894665421e-03 2.2922401005e-04 -3.6949453989e-03 1.5601497651e-03 2.5127534397e-04 -7.9009805661e-05 1.4293167771e-03 -2.2051333923e-05
204                -3.7723135237e-03 2.9895856615e-03 2.2925198828e-04 -3.6932500837e-03 1.5602808090e-03 2.5132099698e-04 -7.9063440010e-05 1.4293048526e-03 -2.2069008702e-05
205                -3.7704378476e-03 2.9894212260e-03 2.2940817533e-04 -3.6914353934e-03 1.5601299871e-03 2.5145564658e-04 -7.9002454151e-05 1.4292912389e-03 -2.2047471251e-05
206                -3.7688760165e-03 2.9895414808e-03 2.2943182445e-04 -3.6898197751e-03 1.5602614012e-03 2.5149705345e-04 -7.9056241439e-05 1.4292800796e-03 -2.2065228998e-05
207                -3.7670778847e-03 2.9893782823e-03 2.2958384925e-04 -3.6880824649e-03 1.5601110161e-03 2.5162762227e-04 -7.8995419773e-05 1.4292672663e-03 -2.2043773021e-05
208                -3.7656025719e-03 2.9895000464e-03 2.2960376659e-04 -3.6865531337e-03 1.5602432161e-03 2.5166539886e-04 -7.9049438195e-05 1.4292568303e-03 -2.2061632269e-05
209                -3.7638922031e-03 2.9893382158e-03 2.2975174555e-04 -3.6849033670e-03 1.5600934757e-03 2.5179201744e-04 -7.8988836136e-05 1.4292447400e-03 -2.2040271889e-05
210                -3.7624963223e-03 2.9894608144e-03 2.2976732601e-04 -3.6834533071e-03 1.5602258234e-03 2.5182553970e-04 -7.9043015192e-05 1.4292349910e-03 -2.2058213687e-05
211                -3.7608590082e-03 2.9892999706e-03 2.2991047517e-04 -3.6818764728e-03 1.5600763603e-03 2.5194740481e-04 -7.8982535385e-05 1.4292236104e-03 -2.2036929639e-05
212                -3.7595369283e-03 2.9894238369e-03 2.2992190592e-04 -3.6805000525e-03 1.5602093472e-03 2.5197685152e-04 -7.9036875822e-05 1.4292144897e-03 -2.2054945601e-05
213                -3.7579717354e-03 2.9892642022e-03 2.3006159313e-04 -3.6789951033e-03 1.5600605662e-03 2.5209534871e-04 -7.8976632083e-05 1.4292036360e-03 -2.2033755579e-05
214                -3.7567187307e-03 2.9893884547e-03 2.3006976261e-04 -3.6776875702e-03 1.5601935224e-03 2.5212161440e-04 -7.9031160424e-05 1.4291949324e-03 -2.2051851787e-05
215                -3.7552205029e-03 2.9892293153e-03 2.3020565019e-04 -3.6762494794e-03 1.5600448795e-03 2.5223638917e-04 -7.8971023493e-05 1.4291844358e-03 -2.2030738978e-05
216                -3.7540351903e-03 2.9893543926e-03 2.3020989271e-04 -3.6750095731e-03 1.5601783556e-03 2.5225878466e-04 -7.9025617226e-05 1.4291760370e-03 -2.2048891946e-05
217                -3.7526050041e-03 2.9891965813e-03 2.3034175769e-04 -3.6736394190e-03 1.5600307139e-03 2.5236960719e-04 -7.8965585114e-05 1.4291658674e-03 -2.2027849502e-05
218                -3.7514840348e-03 2.9893225739e-03 2.3034222559e-04 -3.6724637860e-03 1.5601647223e-03 2.5238828035e-04 -7.9020248798e-05 1.4291578516e-03 -2.2046054755e-05
219                -3.7501087868e-03 2.9891655192e-03 2.3047066688e-04 -3.6711484481e-03 1.5600173846e-03 2.5249575231e-04 -7.8960338740e-05 1.4291481346e-03 -2.2025085429e-05
220                -3.7490401862e-03 2.9892916243e-03 2.3046809405e-04 -3.6700250531e-03 1.5601510786e-03 2.5251144316e-04 -7.9015133132e-05 1.4291405457e-03 -2.2043349118e-05
221                -3.7477234401e-03 2.9891351179e-03 2.3059328122e-04 -3.6687679508e-03 1.5600039255e-03 2.5261575187e-04 -7.8955489273e-05 1.4291311923e-03 -2.2022470650e-05
222                -3.7467177182e-03 2.9892620627e-03 2.3058728626e-04 -3.6677072683e-03 1.5601381030e-03 2.5262808258e-04 -7.9010449874e-05 1.4291239598e-03 -2.2040796319e-05
223                -3.7454584764e-03 2.9891064318e-03 2.3070887377e-04 -3.6665075325e-03 1.5599914363e-03 2.5272886680e-04 -7.8950943842e-05 1.4291149955e-03 -2.2019993025e-05
224                -3.7444998922e-03 2.9892337484e-03 2.3070030546e-04 -3.6654939758e-03 1.5601256125e-03 2.5273866587e-04 -7.9005916385e-05 1.4291081359e-03 -2.2038360405e-05
225                -3.7432864908e-03 2.9890786536e-03 2.3081973319e-04 -3.6643399450e-03 1.5599791643e-03 2.5283736447e-04 -7.8946545754e-05 1.4290994892e-03 -2.2017631281e-05
226                -3.7423776272e-03 2.9892059604e-03 2.3080936835e-04 -3.6633760092e-03 1.5601130755e-03 2.5284541680e-04 -7.9001618004e-05 1.4290928849e-03 -2.2036048452e-05
227                -3.7412185874e-03 2.9890513648e-03 2.3092657798e-04 -3.6622761972e-03 1.5599669036e-03 2.5294196635e-04 -7.8942390205e-05 1.4290844612e-03 -2.2015388364e-05
228                -3.7403653006e-03 2.9891794210e-03 2.3091297188e-04 -3.6613678322e-03 1.5601012974e-03 2.5294680892e-04 -7.8997468431e-05 1.4290781236e-03 -2.2033837046e-05
229                -3.7392553406e-03 2.9890258809e-03 2.3102674773e-04 -3.6603170751e-03 1.5599558342e-03 2.5303997036e-04 -7.8938265584e-05 1.4290700468e-03 -2.2013222628e-05
230                -3.7384425234e-03 2.9891543501e-03 2.3101122558e-04 -3.6594491631e-03 1.5600902465e-03 2.5304292384e-04 -7.8993360331e-05 1.4290641036e-03 -2.2031698254e-05
231                -3.7373742910e-03 2.9890013623e-03 2.3112375605e-04 -3.6584399691e-03 1.5599449940e-03 2.5313490077e-04 -7.8934321930e-05 1.4290563683e-03 -2.2011144718e-05
232                -3.7366103126e-03 2.9891304357e-03 2.3110600745e-04 -3.6576207328e-03 1.5600796903e-03 2.5313567608e-04 -7.8989579866e-05 1.4290507454e-03 -2.2029668626e-05
233                -3.7355917995e-03 2.9889780258e-03 2.3121549011e-04 -3.6566611365e-03 1.5599346809e-03 2.5322465854e-04 -7.8930662947e-05 1.4290433449e-03 -2.2009168427e-05
234                -3.7348708424e-03 2.9891075930e-03 2.3119518690e-04 -3.6558848975e-03 1.5600695270e-03 2.5322290911e-04 -7.8985944874e-05 1.4290380660e-03 -2.2027722210e-05
235                -3.7338912439e-03 2.9889561262e-03 2.3130249197e-04 -3.6549641551e-03 1.5599251571e-03 2.5330976144e-04 -7.8927088784e-05 1.4290309691e-03 -2.2007269474e-05
236                -3.7332110801e-03 2.9890864945e-03 2.3128037264e-04 -3.6542286317e-03 1.5600605244e-03 2.5330623701e-04 -7.8982448443e-05 1.4290259701e-03 -2.2025864374e-05
237                -3.7322774299e-03 2.9889356948e-03 2.3138553542e-04 -3.6533537281e-03 1.5599165357e-03 2.5339100029e-04 -7.8923701752e-05 1.4290191590e-03 -2.2005464875e-05
238                -3.7316390985e-03 2.9890666300e-03 2.3136106431e-04 -3.6526599593e-03 1.5600521301e-03 2.5338516349e-04 -7.8979139293e-05 1.4290144999e-03 -2.2024099188e-05
239                -3.7307377914e-03 2.9889163896e-03 2.3146430461e-04 -3.6518173189e-03 1.5599083321e-03 2.5346805156e-04 -7.8920472507e-05 1.4290080575e-03 -2.2003746956e-05
240                -3.7301294839e-03 2.9890475116e-03 2.3143886098e-04 -3.6511534683e-03 1.5600437910e-03 2.5346128346e-04 -7.8976015567e-05 1.4290037207e-03 -2.2022422479e-05
241                -3.7292644122e-03 2.9888973141e-03 2.3154146494e-04 -3.6503468569e-03 1.5598998041e-03 2.5354359973e-04 -7.8917555324e-05 1.4289975100e-03 -2.2002134787e-05
242                -3.7287002639e-03 2.9890285959e-03 2.3151459364e-04 -3.6497270295e-03 1.5600352412e-03 2.5353544752e-04 -7.8973234400e-05 1.4289933547e-03 -2.2020853878e-05
243                -3.7278804930e-03 2.9888791759e-03 2.3161450104e-04 -3.6489656709e-03 1.5598918020e-03 2.5361510428e-04 -7.8914822041e-05 1.4289873739e-03 -2.2000603243e-05
244                -3.7273512826e-03 2.9890110681e-03 2.3158544360e-04 -3.6483808533e-03 1.5600275717e-03 2.5360477285e-04 -7.8970429291e-05 1.4289834964e-03 -2.2019329245e-05
245                -3.7266219972e-03 2.9888646227e-03 2.3168222115e-04 -3.6477098782e-03 1.5598868934e-03 2.5368134102e-04 -7.8912119000e-05 1.4289777293e-03 -2.1999119866e-05
246                -3.7260248974e-03 2.9889911853e-03 2.3165580466e-04 -3.6470570389e-03 1.5600170628e-03 2.5367371789e-04 -7.8967858444e-05 1.4289741224e-03 -2.2017913232e-05
247                -3.7253271761e-03 2.9888456527e-03 2.3174924644e-04 -3.6464175913e-03 1.5598770057e-03 2.5374699058e-04 -7.8909584865e-05 1.4289686470e-03 -2.1997744148e-05
248                -3.7248958067e-03 2.9889747469e-03 2.3171661289e-04 -3.6459304353e-03 1.5600093871e-03 2.5373314513e-04 -7.8965371378e-05 1.4289653598e-03 -2.2016532242e-05
249                -3.7241414379e-03 2.9888333155e-03 2.3180811992e-04 -3.6452342619e-03 1.5598731816e-03 2.5380451328e-04 -7.8907175957e-05 1.4289601339e-03 -2.1996393363e-05
250                -3.7236862112e-03 2.9889614956e-03 2.3177595503e-04 -3.6447232519e-03 1.5600043665e-03 2.5379117948e-04 -7.8962959291e-05 1.4289571291e-03 -2.2015224449e-05
251                -3.7229806594e-03 2.9888184166e-03 2.3186822903e-04 -3.6440757792e-03 1.5598663653e-03 2.5386337221e-04 -7.8904880235e-05 1.4289520513e-03 -2.1995143178e-05
252                -3.7225929578e-03 2.9889462247e-03 2.3183515309e-04 -3.6436322223e-03 1.5599970427e-03 2.5384914758e-04 -7.8960735587e-05 1.4289491820e-03 -2.2013994485e-05
253                -3.7219236447e-03 2.9888035406e-03 2.3192457420e-04 -3.6430210006e-03 1.5598592323e-03 2.5391850224e-04 -7.8902644087e-05 1.4289443084e-03 -2.1993928038e-05
254                -3.7215437083e-03 2.9889320040e-03 2.3188831910e-04 -3.6425852582e-03 1.5599903068e-03 2.5390111259e-04 -7.8958450081e-05 1.4289416971e-03 -2.2012793490e-05
255                -3.7208843088e-03 2.9887903501e-03 2.3197579181e-04 -3.6419838951e-03 1.5598532848e-03 2.5396855245e-04 -7.8900413708e-05 1.4289370653e-03 -2.1992760646e-05
256                -3.7205300646e-03 2.9889194647e-03 2.3193907444e-04 -3.6415737221e-03 1.5599847640e-03 2.5395073128e-04 -7.8956342526e-05 1.4289347007e-03 -2.2011656845e-05
257                -3.7199014770e-03 2.9887773552e-03 2.3202675773e-04 -3.6410030962e-03 1.5598470312e-03 2.5401840547e-04 -7.8898380822e-05 1.4289303240e-03 -2.1991647741e-05
258                -3.7195724854e-03 2.9889058015e-03 2.3198980431e-04 -3.6406181233e-03 1.5599775995e-03 2.5400037155e-04 -7.8954362116e-05 1.4289282020e-03 -2.2010567245e-05
259                -3.7189684620e-03 2.9887649532e-03 2.3207586892e-04 -3.6400719401e-03 1.5598409214e-03 2.5406646852e-04 -7.8896521812e-05 1.4289240319e-03 -2.1990599601e-05
260                -3.7186620586e-03 2.9888948824e-03 2.3203728626e-04 -3.6397093927e-03 1.5599728242e-03 2.5404684924e-04 -7.8952665878e-05 1.4289220582e-03 -2.2009562982e-05
261                -3.7180750127e-03 2.9887535820e-03 2.3212272674e-04 -3.6391800825e-03 1.5598356212e-03 2.5411235781e-04 -7.8894930164e-05 1.4289179608e-03 -2.1989631067e-05
262                -3.7177816738e-03 2.9888829336e-03 2.3208442065e-04 -3.6388305895e-03 1.5599669411e-03 2.5409303173e-04 -7.8951084288e-05 1.4289159925e-03 -2.2008611085e-05
263                -3.7172124020e-03 2.9887419376e-03 2.3216980408e-04 -3.6383190212e-03 1.5598300886e-03 2.5415850872e-04 -7.8893380776e-05 1.4289118491e-03 -2.1988704645e-05
264                -3.7169456277e-03 2.9888713843e-03 2.3213005714e-04 -3.6379960973e-03 1.5599615624e-03 2.5413775697e-04 -7.8949530443e-05 1.4289098218e-03 -2.2007699825e-05
265                -3.7164059964e-03 2.9887303757e-03 2.3221268115e-04 -3.6375141937e-03 1.5598246829e-03 2.5420048970e-04 -7.8891802685e-05 1.4289056928e-03 -2.1987808546e-05
266                -3.7161601144e-03 2.9888599273e-03 2.3217019293e-04 -3.6372122285e-03 1.5599561513e-03 2.5417700305e-04 -7.8947885884e-05 1.4289037760e-03 -2.2006810117e-05
267                -3.7156330064e-03 2.9887198624e-03 2.3225097747e-04 -3.6367428293e-03 1.5598200127e-03 2.5423792012e-04 -7.8890177157e-05 1.4288998497e-03 -2.1986942642e-05
268                -3.7153984695e-03 2.9888503829e-03 2.3220773121e-04 -3.6364521384e-03 1.5599522112e-03 2.5421370472e-04 -7.8946331114e-05 1.4288981717e-03 -2.2005973509e-05
269                -3.7148857568e-03 2.9887099672e-03 2.3228826971e-04 -3.6359969471e-03 1.5598155223e-03 2.5427442875e-04 -7.8888809704e-05 1.4288944449e-03 -2.1986159033e-05
270                -3.7146686479e-03 2.9888397562e-03 2.3224434554e-04 -3.6357235580e-03 1.5599468407e-03 2.5424956989e-04 -7.8945089860e-05 1.4288929155e-03 -2.2005224346e-05
271                -3.7141730563e-03 2.9886993946e-03 2.3232357585e-04 -3.6352854287e-03 1.5598101008e-03 2.5430900743e-04 -7.8887627546e-05 1.4288892938e-03 -2.1985431582e-05
272                -3.7139692441e-03 2.9888299917e-03 2.3227849955e-04 -3.6350253627e-03 1.5599421638e-03 2.5428300124e-04 -7.8943881353e-05 1.4288878279e-03 -2.2004501687e-05
273                -3.7134854506e-03 2.9886904126e-03 2.3235700773e-04 -3.6345990287e-03 1.5598061981e-03 2.5434173213e-04 -7.8886421851e-05 1.4288842145e-03 -2.1984724406e-05
274                -3.7132951947e-03 2.9888203035e-03 2.3231160468e-04 -3.6343525253e-03 1.5599375333e-03 2.5431540815e-04 -7.8942669393e-05 1.4288827703e-03 -2.2003803461e-05
275                -3.7128305420e-03 2.9886802675e-03 2.3238923449e-04 -3.6339453941e-03 1.5598010018e-03 2.5437325759e-04 -7.8885147936e-05 1.4288792657e-03 -2.1984023104e-05
276                -3.7126602194e-03 2.9888114531e-03 2.3234210459e-04 -3.6337189059e-03 1.5599333851e-03 2.5434519403e-04 -7.8941313422e-05 1.4288780680e-03 -2.2003089444e-05
277                -3.7122076253e-03 2.9886727595e-03 2.3241833743e-04 -3.6333238676e-03 1.5597978970e-03 2.5440164608e-04 -7.8883757673e-05 1.4288748625e-03 -2.1983308650e-05
278                -3.7120419999e-03 2.9888042214e-03 2.3237114607e-04 -3.6331019920e-03 1.5599303183e-03 2.5437354342e-04 -7.8940007859e-05 1.4288739032e-03 -2.2002397343e-05
279                -3.7115989763e-03 2.9886654500e-03 2.3244775917e-04 -3.6327163952e-03 1.5597946196e-03 2.5443041051e-04 -7.8882581074e-05 1.4288708304e-03 -2.1982651343e-05
280                -3.7114532934e-03 2.9887969327e-03 2.3240012662e-04 -3.6325143545e-03 1.5599269571e-03 2.5440189670e-04 -7.8938938931e-05 1.4288699756e-03 -2.2001770076e-05
281                -3.7110332974e-03 2.9886579251e-03 2.3247548118e-04 -3.6321518345e-03 1.5597908929e-03 2.5445750952e-04 -7.8881462894e-05 1.4288670323e-03 -2.1982028337e-05
282                -3.7109032374e-03 2.9887894174e-03 2.3242649423e-04 -3.6319655095e-03 1.5599230863e-03 2.5442763606e-04 -7.8937727910e-05 1.4288663311e-03 -2.2001141826e-05
283                -3.7104884901e-03 2.9886510382e-03 2.3250151444e-04 -3.6316082555e-03 1.5597874945e-03 2.5448292397e-04 -7.8880234568e-05 1.4288635437e-03 -2.1981409530e-05
284                -3.7103626566e-03 2.9887828282e-03 2.3245337010e-04 -3.6314260758e-03 1.5599199000e-03 2.5445391606e-04 -7.8936580837e-05 1.4288629282e-03 -2.2000545957e-05
285                -3.7099640785e-03 2.9886441691e-03 2.3252870179e-04 -3.6310848497e-03 1.5597840070e-03 2.5450955345e-04 -7.8879228780e-05 1.4288601622e-03 -2.1980851657e-05
286                -3.7098623733e-03 2.9887756256e-03 2.3247966824e-04 -3.6309267442e-03 1.5599160332e-03 2.5447967742e-04 -7.8935629104e-05 1.4288595924e-03 -2.2000009185e-05
287                -3.7094814497e-03 2.9886367826e-03 2.3255380117e-04 -3.6306031569e-03 1.5597798281e-03 2.5453413328e-04 -7.8878292805e-05 1.4288569544e-03 -2.1980332104e-05
288                -3.7093864526e-03 2.9887683937e-03 2.3250430469e-04 -3.6304517763e-03 1.5599118826e-03 2.5450379966e-04 -7.8934676220e-05 1.4288565111e-03 -2.1999494964e-05
289                -3.7090139958e-03 2.9886310417e-03 2.3257833777e-04 -3.6301365553e-03 1.5597770794e-03 2.5455818322e-04 -7.8877440529e-05 1.4288539623e-03 -2.1979845446e-05
290                -3.7089329099e-03 2.9887631940e-03 2.3252892200e-04 -3.6299989989e-03 1.5599096313e-03 2.5452795244e-04 -7.8933910989e-05 1.4288535628e-03 -2.1999030433e-05
291                -3.7085742932e-03 2.9886247883e-03 2.3260271915e-04 -3.6296975568e-03 1.5597737548e-03 2.5458212234e-04 -7.8876736420e-05 1.4288510336e-03 -2.1979403187e-05
292                -3.7085051276e-03 2.9887568384e-03 2.3255230683e-04 -3.6295720009e-03 1.5599061757e-03 2.5455088762e-04 -7.8933126708e-05 1.4288506627e-03 -2.1998580792e-05
293                -3.7081578802e-03 2.9886196646e-03 2.3262480702e-04 -3.6292819890e-03 1.5597714968e-03 2.5460375800e-04 -7.8875891179e-05 1.4288481678e-03 -2.1978950979e-05
294                -3.7081009264e-03 2.9887524019e-03 2.3257338422e-04 -3.6291686727e-03 1.5599045547e-03 2.5457151369e-04 -7.8932253611e-05 1.4288478472e-03 -2.1998129479e-05
295                -3.7077643019e-03 2.9886148682e-03 2.3264545594e-04 -3.6288892589e-03 1.5597694517e-03 2.5462396993e-04 -7.8875043044e-05 1.4288454165e-03 -2.1978513987e-05
296                -3.7077133959e-03 2.9887470016e-03 2.3259388230e-04 -3.6287819741e-03 1.5599018127e-03 2.5459158504e-04 -7.8931421759e-05 1.4288451888e-03 -2.1997702735e-05
297                -3.7073827536e-03 2.9886094843e-03 2.3266524512e-04 -3.6285085299e-03 1.5597666355e-03 2.5464334040e-04 -7.8874223739e-05 1.4288428488e-03 -2.1978095286e-05
298                -3.7073412494e-03 2.9887420529e-03 2.3261269051e-04 -3.6284105985e-03 1.5598993571e-03 2.5460998337e-04 -7.8930650980e-05 1.4288426958e-03 -2.1997292861e-05
299                -3.7070224575e-03 2.9886047951e-03 2.3268342812e-04 -3.6281489583e-03 1.5597643984e-03 2.5466112489e-04 -7.8873499196e-05 1.4288403967e-03 -2.1977696773e-05
300                -3.7069926802e-03 2.9887373709e-03 2.3263035241e-04 -3.6280627261e-03 1.5598970713e-03 2.5462725812e-04 -7.8929954175e-05 1.4288402996e-03 -2.1996905708e-05
301                -3.7066823414e-03 2.9885999405e-03 2.3270051977e-04 -3.6278095795e-03 1.5597618459e-03 2.5467783108e-04 -7.8872761932e-05 1.4288380946e-03 -2.1977311315e-05
302                -3.7066588278e-03 2.9887328113e-03 2.3264692096e-04 -3.6277296024e-03 1.5598946860e-03 2.5464344831e-04 -7.8929225474e-05 1.4288381253e-03 -2.1996527353e-05
303                -3.7063578944e-03 2.9885961288e-03 2.3271630338e-04 -3.6274858408e-03 1.5597600627e-03 2.5469324424e-04 -7.8872053565e-05 1.4288360661e-03 -2.1976940865e-05
304                -3.7063430511e-03 2.9887295366e-03 2.3266201301e-04 -3.6274144828e-03 1.5598932652e-03 2.5465818251e-04 -7.8928568345e-05 1.4288362713e-03 -2.1996169506e-05
305                -3.7060453006e-03 2.9885927148e-03 2.3273140224e-04 -3.6271738868e-03 1.5597583149e-03 2.5470799425e-04 -7.8871413842e-05 1.4288343999e-03 -2.1976592015e-05
306                -3.7060338157e-03 2.9887260875e-03 2.3267729858e-04 -3.6271058417e-03 1.5598913279e-03 2.5467313134e-04 -7.8927973913e-05 1.4288347597e-03 -2.1995832765e-05
307                -3.7057452892e-03 2.9885894129e-03 2.3274625711e-04 -3.6268743742e-03 1.5597563999e-03 2.5472253542e-04 -7.8870915046e-05 1.4288330129e-03 -2.1976278307e-05
308                -3.7057444687e-03 2.9887229214e-03 2.3269181496e-04 -3.6268169246e-03 1.5598894931e-03 2.5468735177e-04 -7.8927544131e-05 1.4288334283e-03 -2.1995536813e-05
309                -3.7054627656e-03 2.9885862436e-03 2.3276090198e-04 -3.6265922213e-03 1.5597545883e-03 2.5473690574e-04 -7.8870544348e-05 1.4288316553e-03 -2.1976003758e-05
310                -3.7054663948e-03 2.9887192432e-03 2.3270636513e-04 -3.6265392677e-03 1.5598872640e-03 2.5470162781e-04 -7.8927127184e-05 1.4288319792e-03 -2.1995262680e-05
311                -3.7051904657e-03 2.9885821655e-03 2.3277517912e-04 -3.6263203907e-03 1.5597520749e-03 2.5475090914e-04 -7.8870074987e-05 1.4288300906e-03 -2.1975730019e-05
312                -3.7052028234e-03 2.9887151708e-03 2.3272065574e-04 -3.6262762236e-03 1.5598848868e-03 2.5471563669e-04 -7.8926599834e-05 1.4288302839e-03 -2.1994980952e-05
313                -3.7049386258e-03 2.9885785633e-03 2.3278923949e-04 -3.6260690626e-03 1.5597502612e-03 2.5476469530e-04 -7.8869563169e-05 1.4288283021e-03 -2.1975455808e-05
314                -3.7049605804e-03 2.9887119020e-03 2.3273420082e-04 -3.6260345390e-03 1.5598834259e-03 2.5472890290e-04 -7.8926041361e-05 1.4288284761e-03 -2.1994702084e-05
315                -3.7047005311e-03 2.9885756182e-03 2.3280228170e-04 -3.6258315487e-03 1.5597490945e-03 2.5477746004e-04 -7.8868982450e-05 1.4288265237e-03 -2.1975178344e-05
316                -3.7047247012e-03 2.9887091654e-03 2.3274692882e-04 -3.6257992079e-03 1.5598824336e-03 2.5474135934e-04 -7.8925493372e-05 1.4288267317e-03 -2.1994430514e-05
317                -3.7044693180e-03 2.9885727301e-03 2.3281487434e-04 -3.6256007869e-03 1.5597479536e-03 2.5478979890e-04 -7.8868531048e-05 1.4288247765e-03 -2.1974924564e-05
318                -3.7045028234e-03 2.9887058262e-03 2.3275880819e-04 -3.6255777225e-03 1.5598808474e-03 2.5475299651e-04 -7.8925100842e-05 1.4288249789e-03 -2.1994188312e-05
319                -3.7042571992e-03 2.9885691298e-03 2.3282567371e-04 -3.6253890659e-03 1.5597461082e-03 2.5480036013e-04 -7.8868133206e-05 1.4288230216e-03 -2.1974686417e-05
320                -3.7042946231e-03 2.9887024216e-03 2.3276902044e-04 -3.6253699208e-03 1.5598791914e-03 2.5476297570e-04 -7.8924702230e-05 1.4288232302e-03 -2.1993955261e-05
321                -3.7040498120e-03 2.9885658723e-03 2.3283572848e-04 -3.6251820965e-03 1.5597446002e-03 2.5481018463e-04 -7.8867715440e-05 1.4288212721e-03 -2.1974456145e-05
322                -3.7040904544e-03 2.9886990893e-03 2.3277907595e-04 -3.6251661746e-03 1.5598776139e-03 2.5477280675e-04 -7.8924279810e-05 1.4288214753e-03 -2.1993730796e-05
323                -3.7038538468e-03 2.9885627230e-03 2.3284541886e-04 -3.6249866113e-03 1.5597431720e-03 2.5481964597e-04 -7.8867235475e-05 1.4288195510e-03 -2.1974227107e-05
324                -3.7039032038e-03 2.9886964758e-03 2.3278794239e-04 -3.6249794485e-03 1.5598765766e-03 2.5478144152e-04 -7.8923755303e-05 1.4288198991e-03 -2.1993499131e-05
325                -3.7036684620e-03 2.9885602793e-03 2.3285362813e-04 -3.6248017934e-03 1.5597420901e-03 2.5482762020e-04 -7.8866668611e-05 1.4288181892e-03 -2.1973992069e-05
326                -3.7037124465e-03 2.9886939933e-03 2.3279645912e-04 -3.6247891967e-03 1.5598752780e-03 2.5478973573e-04 -7.8923249709e-05 1.4288187153e-03 -2.1993276609e-05
327                -3.7034770556e-03 2.9885579465e-03 2.3286279940e-04 -3.6246107706e-03 1.5597408408e-03 2.5483659060e-04 -7.8866284970e-05 1.4288171057e-03 -2.1973791194e-05
328                -3.7035326090e-03 2.9886916100e-03 2.3280543135e-04 -3.6246096503e-03 1.5598739122e-03 2.5479852299e-04 -7.8922958687e-05 1.4288176978e-03 -2.1993091640e-05
329                -3.7033106869e-03 2.9885552168e-03 2.3287088319e-04 -3.6244447027e-03 1.5597390379e-03 2.5484449028e-04 -7.8865984215e-05 1.4288161790e-03 -2.1973607092e-05
330                -3.7033691796e-03 2.9886889993e-03 2.3281299670e-04 -3.6244466084e-03 1.5598721547e-03 2.5480589092e-04 -7.8922571249e-05 1.4288168446e-03 -2.1992894220e-05
331                -3.7031446201e-03 2.9885534264e-03 2.3287846501e-04 -3.6242790216e-03 1.5597380635e-03 2.5485187703e-04 -7.8865598499e-05 1.4288153629e-03 -2.1973412026e-05
332                -3.7032063156e-03 2.9886877842e-03 2.3282062907e-04 -3.6242841007e-03 1.5598717480e-03 2.5481333147e-04 -7.8922214973e-05 1.4288160362e-03 -2.1992702400e-05
333                -3.7029890931e-03 2.9885519960e-03 2.3288622061e-04 -3.6241237810e-03 1.5597374360e-03 2.5485945389e-04 -7.8865312159e-05 1.4288145600e-03 -2.1973233275e-05
334                -3.7030551279e-03 2.9886858027e-03 2.3282866517e-04 -3.6241332113e-03 1.5598705885e-03 2.5482118627e-04 -7.8921916533e-05 1.4288152141e-03 -2.1992521104e-05
335                -3.7028395110e-03 2.9885500337e-03 2.3289428128e-04 -3.6239744878e-03 1.5597363454e-03 2.5486733679e-04 -7.8865023201e-05 1.4288136884e-03 -2.1973055514e-05
336                -3.7029089739e-03 2.9886841772e-03 2.3283635258e-04 -3.6239873457e-03 1.5598698961e-03 2.5482869602e-04 -7.8921628212e-05 1.4288142811e-03 -2.1992343433e-05
337                -3.7026994586e-03 2.9885487511e-03 2.3290137372e-04 -3.6238346945e-03 1.5597360584e-03 2.5487425943e-04 -7.8864764144e-05 1.4288126927e-03 -2.1972885709e-05
338                -3.7027723185e-03 2.9886826448e-03 2.3284333785e-04 -3.6238509648e-03 1.5598694313e-03 2.5483551335e-04 -7.8921353711e-05 1.4288132136e-03 -2.1992175508e-05
339                -3.7025633470e-03 2.9885467869e-03 2.3290857762e-04 -3.6236988739e-03 1.5597352604e-03 2.5488130015e-04 -7.8864473019e-05 1.4288115265e-03 -2.1972722528e-05
340                -3.7026392733e-03 2.9886806144e-03 2.3285011852e-04 -3.6237182063e-03 1.5598686430e-03 2.5484213944e-04 -7.8921066965e-05 1.4288119715e-03 -2.1992020918e-05
341                -3.7024350998e-03 2.9885448146e-03 2.3291449806e-04 -3.6235709304e-03 1.5597345778e-03 2.5488706968e-04 -7.8864169390e-05 1.4288102368e-03 -2.1972571625e-05
342                -3.7025119140e-03 2.9886783920e-03 2.3285587991e-04 -3.6235911861e-03 1.5598677490e-03 2.5484775000e-04 -7.8920727907e-05 1.4288106429e-03 -2.1991870093e-05
343                -3.7023069454e-03 2.9885421330e-03 2.3292075931e-04 -3.6234431770e-03 1.5597332692e-03 2.5489317443e-04 -7.8863768363e-05 1.4288088638e-03 -2.1972415123e-05
344                -3.7023887388e-03 2.9886758300e-03 2.3286190449e-04 -3.6234683827e-03 1.5598665389e-03 2.5485362890e-04 -7.8920356098e-05 1.4288092910e-03 -2.1991724414e-05
345                -3.7021923123e-03 2.9885399631e-03 2.3292592636e-04 -3.6233289329e-03 1.5597323450e-03 2.5489819502e-04 -7.8863379343e-05 1.4288076181e-03 -2.1972268661e-05
346                -3.7022783607e-03 2.9886742427e-03 2.3286667251e-04 -3.6233583698e-03 1.5598660547e-03 2.5485825700e-04 -7.8919990914e-05 1.4288081880e-03 -2.1991584494e-05
347                -3.7020799916e-03 2.9885386930e-03 2.3293099264e-04 -3.6232169412e-03 1.5597320518e-03 2.5490312788e-04 -7.8863050448e-05 1.4288066412e-03 -2.1972135244e-05
348                -3.7021620063e-03 2.9886725955e-03 2.3287251257e-04 -3.6232422630e-03 1.5598652816e-03 2.5486397779e-04 -7.8919743313e-05 1.4288073140e-03 -2.1991465222e-05
349                -3.7019648449e-03 2.9885363191e-03 2.3293763251e-04 -3.6231020033e-03 1.5597304793e-03 2.5490965522e-04 -7.8862841646e-05 1.4288058398e-03 -2.1972022710e-05
350                -3.7020585521e-03 2.9886704439e-03 2.3287890492e-04 -3.6231389952e-03 1.5598638660e-03 2.5487026188e-04 -7.8919556914e-05 1.4288065779e-03 -2.1991356957e-05
351                -3.7018734411e-03 2.9885348475e-03 2.3294319181e-04 -3.6230107847e-03 1.5597296258e-03 2.5491510655e-04 -7.8862656396e-05 1.4288052217e-03 -2.1971914745e-05
352                -3.7019685917e-03 2.9886693778e-03 2.3288410896e-04 -3.6230492802e-03 1.5598632731e-03 2.5487534510e-04 -7.8919311486e-05 1.4288061047e-03 -2.1991236143e-05
353                -3.7017810563e-03 2.9885341861e-03 2.3294798978e-04 -3.6229186654e-03 1.5597292774e-03 2.5491977738e-04 -7.8862390855e-05 1.4288049088e-03 -2.1971787608e-05
354                -3.7018750885e-03 2.9886687829e-03 2.3288869333e-04 -3.6229560305e-03 1.5598628636e-03 2.5487980001e-04 -7.8919057951e-05 1.4288059193e-03 -2.1991106682e-05
355                -3.7016889224e-03 2.9885335921e-03 2.3295257110e-04 -3.6228266807e-03 1.5597287989e-03 2.5492424793e-04 -7.8862241652e-05 1.4288047932e-03 -2.1971676833e-05
356                -3.7017874783e-03 2.9886681659e-03 2.3289288803e-04 -3.6228685101e-03 1.5598623650e-03 2.5488389643e-04 -7.8918968265e-05 1.4288058008e-03 -2.1991008403e-05
357                -3.7016042631e-03 2.9885329380e-03 2.3295624718e-04 -3.6227420646e-03 1.5597283165e-03 2.5492784029e-04 -7.8862198497e-05 1.4288046215e-03 -2.1971593111e-05
358                -3.7017021372e-03 2.9886672881e-03 2.3289630819e-04 -3.6227832515e-03 1.5598617463e-03 2.5488723205e-04 -7.8918885697e-05 1.4288055419e-03 -2.1990923865e-05
359                -3.7015186965e-03 2.9885319328e-03 2.3295948918e-04 -3.6226566024e-03 1.5597276741e-03 2.5493100055e-04 -7.8862094053e-05 1.4288042588e-03 -2.1971511361e-05
360                -3.7016175768e-03 2.9886660338e-03 2.3289961529e-04 -3.6226988087e-03 1.5598609585e-03 2.5489045952e-04 -7.8918768087e-05 1.4288050753e-03 -2.1990844227e-05
