# Force           
# CofR            : (0.0000000000e+00 0.0000000000e+00 0.0000000000e+00)
#
# Time            	total_x total_y total_z	pressure_x pressure_y pressure_z	viscous_x viscous_y viscous_z
1                  5.4109266836e-01 5.8903515165e-02 -1.0543227251e-03 5.0124749247e-01 5.9093852807e-02 -1.0597866716e-03 3.9845175886e-02 -1.9033764224e-04 5.4639465095e-06
2                  1.3082050689e-01 1.9765064862e-01 9.4414228049e-03 1.0007369737e-01 1.9609839403e-01 9.4622409620e-03 3.0746809515e-02 1.5522545947e-03 -2.0818157040e-05
3                  -1.0802237707e-01 1.8249424045e-01 7.7875045715e-03 -1.3368358236e-01 1.8159302714e-01 7.8631917577e-03 2.5661205286e-02 9.0121331241e-04 -7.5687186141e-05
4                  -3.7440609722e-02 5.7975683279e-02 2.6015788434e-04 -6.1554741531e-02 5.8251599162e-02 3.3891214992e-04 2.4114131809e-02 -2.7591588296e-04 -7.8754265581e-05
5                  7.5835676867e-02 8.7595290716e-02 8.8444301296e-04 5.3490380831e-02 8.7680803775e-02 9.1103092571e-04 2.2345296036e-02 -8.5513059118e-05 -2.6587912756e-05
6                  8.5261323654e-02 1.7379070199e-01 5.2670099248e-03 6.4956599325e-02 1.7337150795e-01 5.2868421625e-03 2.0304724329e-02 4.1919403581e-04 -1.9832237750e-05
7                  4.0330240588e-02 1.6389070843e-01 5.2790585016e-03 2.2042801875e-02 1.6338689234e-01 5.3316376106e-03 1.8287438714e-02 5.0381608465e-04 -5.2579108932e-05
8                  2.2156309849e-02 1.3420847578e-01 3.2091620025e-03 5.4235496470e-03 1.3377452283e-01 3.2681522669e-03 1.6732760202e-02 4.3395295423e-04 -5.8990264401e-05
9                  3.3016318304e-02 1.5211531109e-01 3.2583449011e-03 1.7538964027e-02 1.5177096398e-01 3.3032792820e-03 1.5477354278e-02 3.4434710316e-04 -4.4934380912e-05
10                 3.6966757662e-02 1.7397871542e-01 4.3751912161e-03 2.2547434538e-02 1.7359916669e-01 4.4181306026e-03 1.4419323124e-02 3.7954872635e-04 -4.2939386546e-05
11                 3.1974094913e-02 1.6089085511e-01 4.3300334220e-03 1.8283440115e-02 1.6055118490e-01 4.3801947285e-03 1.3690654798e-02 3.3967021104e-04 -5.0161306500e-05
12                 3.1550073818e-02 1.5486534091e-01 3.6541173280e-03 1.8391662923e-02 1.5444941947e-01 3.7059490443e-03 1.3158410895e-02 4.1592144112e-04 -5.1831716251e-05
13                 3.4823081530e-02 1.6732352187e-01 3.5873145907e-03 2.2232813205e-02 1.6693109235e-01 3.6399670226e-03 1.2590268325e-02 3.9242951469e-04 -5.2652431927e-05
14                 3.1919571287e-02 1.7853986654e-01 3.9097851364e-03 1.9903392678e-02 1.7807627271e-01 3.9665045407e-03 1.2016178610e-02 4.6359382624e-04 -5.6719404372e-05
15                 2.8843133768e-02 1.7204565725e-01 3.9876070661e-03 1.7197225409e-02 1.7164528976e-01 4.0482109423e-03 1.1645908359e-02 4.0036748568e-04 -6.0603876145e-05
16                 3.0435524445e-02 1.6899212826e-01 3.8707430573e-03 1.8948420038e-02 1.6855898313e-01 3.9334506987e-03 1.1487104407e-02 4.3314513190e-04 -6.2707641423e-05
17                 3.3342146623e-02 1.7599359175e-01 3.8640926308e-03 2.2083942713e-02 1.7559665928e-01 3.9295980982e-03 1.1258203910e-02 3.9693246798e-04 -6.5505467389e-05
18                 3.1093387193e-02 1.8624768070e-01 3.9080418781e-03 2.0242389909e-02 1.8577004239e-01 3.9782905643e-03 1.0850997284e-02 4.7763830709e-04 -7.0248686245e-05
19                 2.8161908411e-02 1.8725177997e-01 3.8472749351e-03 1.7690433465e-02 1.8680854317e-01 3.9201784293e-03 1.0471474946e-02 4.4323680129e-04 -7.2903494128e-05
20                 2.8684481503e-02 1.8517091754e-01 3.7778164277e-03 1.8337858106e-02 1.8468961168e-01 3.8507611259e-03 1.0346623397e-02 4.8130586252e-04 -7.2944698115e-05
21                 3.2363233358e-02 1.8443198202e-01 3.8191460219e-03 2.2020129614e-02 1.8399814107e-01 3.8933281514e-03 1.0343103744e-02 4.3384094666e-04 -7.4182129456e-05
22                 3.2691783956e-02 1.9069080727e-01 3.9117689076e-03 2.2468471749e-02 1.9020068484e-01 3.9902238324e-03 1.0223312207e-02 4.9012242549e-04 -7.8454924775e-05
23                 3.0259591047e-02 1.9649856922e-01 3.9331844333e-03 2.0395820668e-02 1.9604547939e-01 4.0166743444e-03 9.8637703788e-03 4.5308983454e-04 -8.3489911142e-05
24                 2.7968008729e-02 2.0011419456e-01 3.8728614959e-03 1.8433853696e-02 1.9960309525e-01 3.9588151082e-03 9.5341550334e-03 5.1109931005e-04 -8.5953612260e-05
25                 2.9386860457e-02 2.0080113271e-01 3.8250675116e-03 1.9949999855e-02 2.0032755376e-01 3.9112520208e-03 9.4368606023e-03 4.7357894253e-04 -8.6184509187e-05
26                 3.1260729486e-02 2.0228572760e-01 3.8424323345e-03 2.1791553287e-02 2.0177304871e-01 3.9296608915e-03 9.4691761986e-03 5.1267889372e-04 -8.7228556951e-05
27                 3.2154446223e-02 2.0327833173e-01 3.8848913341e-03 2.2724871789e-02 2.0281449659e-01 3.9746579228e-03 9.4295744340e-03 4.6383514335e-04 -8.9766588798e-05
28                 3.0675284568e-02 2.0544847177e-01 3.9108556954e-03 2.1421188112e-02 2.0493355444e-01 4.0046942375e-03 9.2540964563e-03 5.1491732219e-04 -9.3838542180e-05
29                 2.9896263843e-02 2.0739728555e-01 3.9082095869e-03 2.0844122461e-02 2.0691497154e-01 4.0052962901e-03 9.0521413818e-03 4.8231400449e-04 -9.7086703234e-05
30                 2.9741824080e-02 2.1030379831e-01 3.8904014968e-03 2.0805361613e-02 2.0977504492e-01 3.9897303846e-03 8.9364624669e-03 5.2875338444e-04 -9.9328887837e-05
31                 3.0834772871e-02 2.1083242452e-01 3.8801155164e-03 2.1941385743e-02 2.1034889553e-01 3.9809837020e-03 8.8933871272e-03 4.8352899040e-04 -1.0086818560e-04
32                 3.1014327002e-02 2.1225143478e-01 3.8788519717e-03 2.2147763369e-02 2.1172428748e-01 3.9819955066e-03 8.8665636334e-03 5.2714729753e-04 -1.0314353492e-04
33                 3.1114968809e-02 2.1249899935e-01 3.8913641567e-03 2.2310874580e-02 2.1200446895e-01 3.9970506659e-03 8.8040942295e-03 4.9453040633e-04 -1.0568650916e-04
34                 3.0453529599e-02 2.1362163767e-01 3.9097930463e-03 2.1732659242e-02 2.1308174419e-01 4.0186152935e-03 8.7208703570e-03 5.3989347430e-04 -1.0882224714e-04
35                 3.0625967347e-02 2.1311668223e-01 3.9210588001e-03 2.2000181218e-02 2.1261193733e-01 4.0318874003e-03 8.6257861300e-03 5.0474489883e-04 -1.1082860026e-04
36                 3.0525181491e-02 2.1374790600e-01 3.9124267385e-03 2.1956684939e-02 2.1319903597e-01 4.0258866300e-03 8.5684965517e-03 5.4887002568e-04 -1.1345989157e-04
37                 3.0890754791e-02 2.1316110800e-01 3.9013223568e-03 2.2362159179e-02 2.1264347683e-01 4.0168944842e-03 8.5285956119e-03 5.1763116414e-04 -1.1557212737e-04
38                 3.0591750232e-02 2.1388112688e-01 3.9004657314e-03 2.2093339509e-02 2.1332390248e-01 4.0187382011e-03 8.4984107230e-03 5.5722439883e-04 -1.1827246972e-04
39                 3.0843896732e-02 2.1295364715e-01 3.9142804728e-03 2.2395323980e-02 2.1243298986e-01 4.0347202839e-03 8.4485727523e-03 5.2065728819e-04 -1.2043981112e-04
40                 3.0558819214e-02 2.1321697190e-01 3.9233694825e-03 2.2152553233e-02 2.1265680449e-01 4.0463664872e-03 8.4062659806e-03 5.6016741183e-04 -1.2299700467e-04
41                 3.0789637630e-02 2.1193704419e-01 3.9242712772e-03 2.2416329021e-02 2.1140500609e-01 4.0490895564e-03 8.3733086084e-03 5.3203809993e-04 -1.2481827925e-04
42                 3.0463637016e-02 2.1216659737e-01 3.9172452789e-03 2.2117088317e-02 2.1159407370e-01 4.0445348792e-03 8.3465486996e-03 5.7252367539e-04 -1.2728960020e-04
43                 3.0728503857e-02 2.1071756471e-01 3.9162771926e-03 2.2411694832e-02 2.1018182356e-01 4.0453329203e-03 8.3168090255e-03 5.3574114401e-04 -1.2905572768e-04
44                 3.0421720814e-02 2.1056125538e-01 3.9165992595e-03 2.2132147977e-02 2.0998634362e-01 4.0480371130e-03 8.2895728362e-03 5.7491176017e-04 -1.3143785344e-04
45                 3.0639824748e-02 2.0878396646e-01 3.9223096859e-03 2.2367229783e-02 2.0823842240e-01 4.0555016954e-03 8.2725949656e-03 5.4554405857e-04 -1.3319200948e-04
46                 3.0269210369e-02 2.0839624356e-01 3.9232608673e-03 2.2011340287e-02 2.0781198768e-01 4.0586102097e-03 8.2578700828e-03 5.8425587963e-04 -1.3534934245e-04
47                 3.0504564285e-02 2.0635936870e-01 3.9236575933e-03 2.2260963227e-02 2.0581278667e-01 4.0603515459e-03 8.2436010584e-03 5.4658203685e-04 -1.3669395264e-04
48                 3.0168685289e-02 2.0562662824e-01 3.9187229418e-03 2.1944098040e-02 2.0504021789e-01 4.0574744657e-03 8.2245872498e-03 5.8641035052e-04 -1.3875152393e-04
49                 3.0370899619e-02 2.0323704732e-01 3.9172715805e-03 2.2149951168e-02 2.0268008668e-01 4.0573228653e-03 8.2209484514e-03 5.5696063733e-04 -1.4005128474e-04
50                 2.9958201670e-02 2.0238171205e-01 3.9203878282e-03 2.1748776646e-02 2.0178643897e-01 4.0620495030e-03 8.2094250241e-03 5.9527307854e-04 -1.4166167479e-04
51                 3.0189561110e-02 1.9989436022e-01 3.9218184038e-03 2.1989404978e-02 1.9933460588e-01 4.0648295901e-03 8.2001561323e-03 5.5975434166e-04 -1.4301118631e-04
52                 2.9866887268e-02 1.9875466267e-01 3.9166684063e-03 2.1674531102e-02 1.9815836814e-01 4.0615398463e-03 8.1923561653e-03 5.9629452888e-04 -1.4487143997e-04
53                 3.0057656119e-02 1.9607600482e-01 3.9124865380e-03 2.1865172174e-02 1.9551009604e-01 4.0584494395e-03 8.1924839457e-03 5.6590878607e-04 -1.4596290146e-04
54                 2.9671443224e-02 1.9507439170e-01 3.9138713235e-03 2.1486484857e-02 1.9447184007e-01 4.0611871487e-03 8.1849583670e-03 6.0255162925e-04 -1.4731582511e-04
55                 2.9908478528e-02 1.9238737898e-01 3.9151399096e-03 2.1725094953e-02 1.9182218672e-01 4.0635300378e-03 8.1833835744e-03 5.6519226520e-04 -1.4839012814e-04
56                 2.9590559531e-02 1.9133043784e-01 3.9121843027e-03 2.1416503963e-02 1.9072967781e-01 4.0618406718e-03 8.1740555679e-03 6.0076002990e-04 -1.4965636911e-04
57                 2.9800715815e-02 1.8874047307e-01 3.9070642461e-03 2.1625395884e-02 1.8817113814e-01 4.0573261294e-03 8.1753199313e-03 5.6933493492e-04 -1.5026188323e-04
58                 2.9434750704e-02 1.8780202549e-01 3.9088423253e-03 2.1259237172e-02 1.8719913066e-01 4.0599546429e-03 8.1755135327e-03 6.0289483375e-04 -1.5111231760e-04
59                 2.9681463699e-02 1.8531984872e-01 3.9069964884e-03 2.1508915676e-02 1.8475375351e-01 4.0590247229e-03 8.1725480227e-03 5.6609520502e-04 -1.5202823448e-04
60                 2.9418598615e-02 1.8445771954e-01 3.9040079704e-03 2.1253565870e-02 1.8385835489e-01 4.0570466788e-03 8.1650327454e-03 5.9936465085e-04 -1.5303870840e-04
61                 2.9626865462e-02 1.8206838981e-01 3.8992121483e-03 2.1461276546e-02 1.8149922151e-01 4.0526620428e-03 8.1655889154e-03 5.6916830209e-04 -1.5344989456e-04
62                 2.9263971610e-02 1.8143962210e-01 3.9009582165e-03 2.1096720369e-02 1.8083641173e-01 4.0548192770e-03 8.1672512410e-03 6.0321037300e-04 -1.5386106045e-04
63                 2.9529611152e-02 1.7923094514e-01 3.9019609977e-03 2.1364745408e-02 1.7866662311e-01 4.0560169717e-03 8.1648657445e-03 5.6432203164e-04 -1.5405597393e-04
64                 2.9278482547e-02 1.7865139755e-01 3.8979361382e-03 2.1117994759e-02 1.7805756274e-01 4.0521587100e-03 8.1604877881e-03 5.9383481418e-04 -1.5422257183e-04
65                 2.9503655771e-02 1.7647648162e-01 3.8956784429e-03 2.1346315638e-02 1.7591193972e-01 4.0504552032e-03 8.1573401330e-03 5.6454189784e-04 -1.5477676031e-04
66                 2.9148435560e-02 1.7615552955e-01 3.8933944437e-03 2.0988022206e-02 1.7555500763e-01 4.0483700183e-03 8.1604133540e-03 6.0052191778e-04 -1.5497557455e-04
67                 2.9434122140e-02 1.7418215924e-01 3.8963165797e-03 2.1277172194e-02 1.7362417284e-01 4.0513575761e-03 8.1569499464e-03 5.5798640504e-04 -1.5504099648e-04
68                 2.9176033875e-02 1.7382022438e-01 3.8913240011e-03 2.1024091613e-02 1.7322858601e-01 4.0469695865e-03 8.1519422613e-03 5.9163836621e-04 -1.5564558541e-04
69                 2.9415426242e-02 1.7193394424e-01 3.8888918303e-03 2.1267643092e-02 1.7137255936e-01 4.0447484535e-03 8.1477831497e-03 5.6138488242e-04 -1.5585662324e-04
70                 2.9076737945e-02 1.7183080478e-01 3.8860987843e-03 2.0925008207e-02 1.7123555092e-01 4.0420453324e-03 8.1517297375e-03 5.9525385762e-04 -1.5594654806e-04
71                 2.9362298289e-02 1.7007510362e-01 3.8905255461e-03 2.1216711824e-02 1.6951919298e-01 4.0465374169e-03 8.1455864645e-03 5.5591063470e-04 -1.5601187074e-04
72                 2.9113792248e-02 1.6996918908e-01 3.8865998759e-03 2.0972564627e-02 1.6937842054e-01 4.0432060207e-03 8.1412276205e-03 5.9076853612e-04 -1.5660614480e-04
73                 2.9357303981e-02 1.6832002943e-01 3.8831870951e-03 2.1217468852e-02 1.6776284731e-01 4.0401521150e-03 8.1398351289e-03 5.5718211907e-04 -1.5696501989e-04
74                 2.9029466308e-02 1.6837991001e-01 3.8816938557e-03 2.0887913876e-02 1.6778763182e-01 4.0391905249e-03 8.1415524316e-03 5.9227818765e-04 -1.5749666918e-04
75                 2.9329668884e-02 1.6682005729e-01 3.8849920743e-03 2.1192950427e-02 1.6626939333e-01 4.0426854966e-03 8.1367184565e-03 5.5066396190e-04 -1.5769342239e-04
76                 2.9064922074e-02 1.6688739169e-01 3.8808153629e-03 2.0931329856e-02 1.6630027565e-01 4.0389105166e-03 8.1335922181e-03 5.8711603946e-04 -1.5809515365e-04
77                 2.9316189284e-02 1.6541358549e-01 3.8790217409e-03 2.1186427022e-02 1.6485949429e-01 4.0374605404e-03 8.1297622617e-03 5.5409120101e-04 -1.5843879954e-04
78                 2.9020833588e-02 1.6560547638e-01 3.8776562642e-03 2.0888401397e-02 1.6501535971e-01 4.0360995534e-03 8.1324321917e-03 5.9011667239e-04 -1.5844328927e-04
79                 2.9287242522e-02 1.6419737213e-01 3.8798983064e-03 2.1160560624e-02 1.6364750770e-01 4.0381225784e-03 8.1266818984e-03 5.4986442896e-04 -1.5822427206e-04
80                 2.9025590415e-02 1.6447710044e-01 3.8757825743e-03 2.0902680833e-02 1.6389199675e-01 4.0341990019e-03 8.1229095816e-03 5.8510369490e-04 -1.5841642755e-04
81                 2.9303633879e-02 1.6309086457e-01 3.8747930567e-03 2.1182283095e-02 1.6253862490e-01 4.0328759970e-03 8.1213507842e-03 5.5223966791e-04 -1.5808294031e-04
82                 2.9000568338e-02 1.6344796038e-01 3.8754331277e-03 2.0875368553e-02 1.6286109110e-01 4.0333623095e-03 8.1251997852e-03 5.8686927991e-04 -1.5792918176e-04
83                 2.9278443647e-02 1.6214323323e-01 3.8780341074e-03 2.1159911959e-02 1.6159464912e-01 4.0356857708e-03 8.1185316883e-03 5.4858410944e-04 -1.5765166336e-04
84                 2.9017252718e-02 1.6251928491e-01 3.8743066220e-03 2.0901808991e-02 1.6193491951e-01 4.0318138586e-03 8.1154437277e-03 5.8436539932e-04 -1.5750723666e-04
85                 2.9280534128e-02 1.6119526150e-01 3.8741881683e-03 2.1164899152e-02 1.6064421857e-01 4.0312709954e-03 8.1156349757e-03 5.5104292895e-04 -1.5708282703e-04
86                 2.8983126403e-02 1.6167490875e-01 3.8728870187e-03 2.0865227526e-02 1.6109005578e-01 4.0301112260e-03 8.1178988769e-03 5.8485296820e-04 -1.5722420731e-04
87                 2.9276887358e-02 1.6045765734e-01 3.8766838270e-03 2.1164421120e-02 1.5991234769e-01 4.0334786965e-03 8.1124662381e-03 5.4530965631e-04 -1.5679486952e-04
88                 2.9007110268e-02 1.6086582504e-01 3.8727727059e-03 2.0893918131e-02 1.6028613179e-01 4.0297448542e-03 8.1131921370e-03 5.7969324789e-04 -1.5697214829e-04
89                 2.9267928563e-02 1.5963228685e-01 3.8729917653e-03 2.1159540911e-02 1.5908328117e-01 4.0298508576e-03 8.1083876525e-03 5.4900567737e-04 -1.5685909223e-04
90                 2.8969532660e-02 1.6021844718e-01 3.8702870165e-03 2.0857533649e-02 1.5963265185e-01 4.0275776221e-03 8.1119990110e-03 5.8579533525e-04 -1.5729060559e-04
91                 2.9264549353e-02 1.5901029013e-01 3.8742120668e-03 2.1155662780e-02 1.5846662610e-01 4.0311200385e-03 8.1088865724e-03 5.4366403419e-04 -1.5690797170e-04
92                 2.8988869221e-02 1.5956604991e-01 3.8703637841e-03 2.0883035847e-02 1.5898754671e-01 4.0276453889e-03 8.1058333740e-03 5.7850320392e-04 -1.5728160481e-04
93                 2.9278016456e-02 1.5839712634e-01 3.8710408133e-03 2.1174563369e-02 1.5785122875e-01 4.0281738344e-03 8.1034530870e-03 5.4589758210e-04 -1.5713302111e-04
94                 2.8962475171e-02 1.5898487643e-01 3.8696904361e-03 2.0854266131e-02 1.5840363365e-01 4.0270384974e-03 8.1082090401e-03 5.8124277424e-04 -1.5734806124e-04
95                 2.9247348289e-02 1.5782310819e-01 3.8717189031e-03 2.1145234696e-02 1.5728079057e-01 4.0288607457e-03 8.1021135932e-03 5.4231761720e-04 -1.5714184267e-04
96                 2.8992434452e-02 1.5845047169e-01 3.8703858808e-03 2.0894141023e-02 1.5787144949e-01 4.0276638876e-03 8.0982934289e-03 5.7902220379e-04 -1.5727800687e-04
97                 2.9261148646e-02 1.5726194777e-01 3.8693353225e-03 2.1162929430e-02 1.5671639593e-01 4.0263474664e-03 8.0982192157e-03 5.4555184402e-04 -1.5701214386e-04
98                 2.8931193378e-02 1.5799338321e-01 3.8682926292e-03 2.0831500559e-02 1.5741298345e-01 4.0256024090e-03 8.0996928190e-03 5.8039976252e-04 -1.5730977976e-04
99                 2.9242124855e-02 1.5690094019e-01 3.8709323260e-03 2.1145010001e-02 1.5636039426e-01 4.0278221319e-03 8.0971148540e-03 5.4054593257e-04 -1.5688980598e-04
100                2.8985856114e-02 1.5756103924e-01 3.8690142719e-03 2.0889352082e-02 1.5698537408e-01 4.0262400663e-03 8.0965040320e-03 5.7566515305e-04 -1.5722579441e-04
101                2.9259892750e-02 1.5645368409e-01 3.8684630038e-03 2.1165617388e-02 1.5590942104e-01 4.0254856028e-03 8.0942753623e-03 5.4426305304e-04 -1.5702259900e-04
102                2.8940652296e-02 1.5725384237e-01 3.8663394237e-03 2.0843511296e-02 1.5667356859e-01 4.0237338575e-03 8.0971410001e-03 5.8027377759e-04 -1.5739443378e-04
103                2.9234419092e-02 1.5616994842e-01 3.8697618048e-03 2.1136521460e-02 1.5563041245e-01 4.0267375331e-03 8.0978976325e-03 5.3953596886e-04 -1.5697572831e-04
104                2.8970742495e-02 1.5691465104e-01 3.8683369758e-03 2.0877352316e-02 1.5634134210e-01 4.0256386243e-03 8.0933901788e-03 5.7330894252e-04 -1.5730164858e-04
105                2.9271624803e-02 1.5585479960e-01 3.8678988113e-03 2.1177749498e-02 1.5531304404e-01 4.0248774170e-03 8.0938753057e-03 5.4175555990e-04 -1.5697860572e-04
106                2.8957040408e-02 1.5663380515e-01 3.8685001204e-03 2.0859469832e-02 1.5605715715e-01 4.0255747358e-03 8.0975705763e-03 5.7664800784e-04 -1.5707461540e-04
107                2.9227264802e-02 1.5562118195e-01 3.8675970165e-03 2.1135121902e-02 1.5508164184e-01 4.0242515788e-03 8.0921428995e-03 5.3954010507e-04 -1.5665456229e-04
108                2.8967402139e-02 1.5639559883e-01 3.8673111843e-03 2.0878707090e-02 1.5581962338e-01 4.0241309305e-03 8.0886950493e-03 5.7597544749e-04 -1.5681974616e-04
109                2.9247024570e-02 1.5533307910e-01 3.8667494274e-03 2.1153365742e-02 1.5479078230e-01 4.0231981145e-03 8.0936588283e-03 5.4229679149e-04 -1.5644868712e-04
110                2.8943963546e-02 1.5620382593e-01 3.8683691248e-03 2.0849208851e-02 1.5562810050e-01 4.0252007115e-03 8.0947546954e-03 5.7572543750e-04 -1.5683158662e-04
111                2.9247582960e-02 1.5518868749e-01 3.8675176758e-03 2.1154698950e-02 1.5465178102e-01 4.0241562065e-03 8.0928840103e-03 5.3690647070e-04 -1.5663853075e-04
112                2.8964505508e-02 1.5595067237e-01 3.8661934141e-03 2.0874281161e-02 1.5537702194e-01 4.0230879722e-03 8.0902243466e-03 5.7365042999e-04 -1.5689455804e-04
113                2.9243388320e-02 1.5500421279e-01 3.8649059689e-03 2.1154068557e-02 1.5446130687e-01 4.0215474439e-03 8.0893197635e-03 5.4290592128e-04 -1.5664147500e-04
114                2.8953309292e-02 1.5588150271e-01 3.8672561440e-03 2.0861771067e-02 1.5530305013e-01 4.0241668148e-03 8.0915382249e-03 5.7845258106e-04 -1.5691067081e-04
115                2.9230071319e-02 1.5491298425e-01 3.8669438384e-03 2.1139559778e-02 1.5437387843e-01 4.0236875556e-03 8.0905115411e-03 5.3910582371e-04 -1.5674371719e-04
116                2.8967459959e-02 1.5576925840e-01 3.8659591754e-03 2.0881096247e-02 1.5519612717e-01 4.0230222805e-03 8.0863637118e-03 5.7313122094e-04 -1.5706310513e-04
117                2.9257760057e-02 1.5482867300e-01 3.8638172716e-03 2.1169155787e-02 1.5428799813e-01 4.0207787565e-03 8.0886042701e-03 5.4067487407e-04 -1.5696148493e-04
118                2.8963603726e-02 1.5570810494e-01 3.8659508507e-03 2.0871469178e-02 1.5513351305e-01 4.0232849185e-03 8.0921345478e-03 5.7459189080e-04 -1.5733406775e-04
119                2.9238380405e-02 1.5482056980e-01 3.8660922365e-03 2.1152563001e-02 1.5428086053e-01 4.0232262432e-03 8.0858174031e-03 5.3970926644e-04 -1.5713400662e-04
120                2.8968758268e-02 1.5567599561e-01 3.8653748470e-03 2.0882442598e-02 1.5510109806e-01 4.0229224151e-03 8.0863156702e-03 5.7489754990e-04 -1.5754756801e-04
121                2.9252287321e-02 1.5474230117e-01 3.8635079853e-03 2.1164300216e-02 1.5420234669e-01 4.0207933447e-03 8.0879871051e-03 5.3995448031e-04 -1.5728535937e-04
122                2.8957711518e-02 1.5564505656e-01 3.8647028022e-03 2.0868228412e-02 1.5506992383e-01 4.0223393273e-03 8.0894831062e-03 5.7513273405e-04 -1.5763652505e-04
123                2.9248205866e-02 1.5476099504e-01 3.8656172104e-03 2.1161591052e-02 1.5422473950e-01 4.0227490402e-03 8.0866148139e-03 5.3625553973e-04 -1.5713182981e-04
124                2.8979256847e-02 1.5558560082e-01 3.8646542805e-03 2.0892666318e-02 1.5501403012e-01 4.0217279296e-03 8.0865905282e-03 5.7157069249e-04 -1.5707364908e-04
125                2.9265792773e-02 1.5471658946e-01 3.8641248452e-03 2.1181122807e-02 1.5417529112e-01 4.0211033956e-03 8.0846699660e-03 5.4129833401e-04 -1.5697855044e-04
126                2.8969938062e-02 1.5563603141e-01 3.8659941925e-03 2.0881074986e-02 1.5505921247e-01 4.0228934926e-03 8.0888630758e-03 5.7681894400e-04 -1.5689930006e-04
127                2.9244045971e-02 1.5472696629e-01 3.8661483500e-03 2.1157081554e-02 1.5419027500e-01 4.0226258180e-03 8.0869644175e-03 5.3669128782e-04 -1.5647746806e-04
128                2.8961534782e-02 1.5561355479e-01 3.8656059905e-03 2.0877905097e-02 1.5504142607e-01 4.0221861905e-03 8.0836296843e-03 5.7212871703e-04 -1.5658020005e-04
129                2.9279103199e-02 1.5464994650e-01 3.8643769158e-03 2.1191473360e-02 1.5411222125e-01 4.0206602205e-03 8.0876298390e-03 5.3772525337e-04 -1.5628330476e-04
130                2.8955427706e-02 1.5551121072e-01 3.8668115372e-03 2.0864813933e-02 1.5493705497e-01 4.0229224206e-03 8.0906137730e-03 5.7415574868e-04 -1.5611088342e-04
131                2.9238222195e-02 1.5457749410e-01 3.8665343215e-03 2.1153821969e-02 1.5403876784e-01 4.0222663459e-03 8.0844002255e-03 5.3872626094e-04 -1.5573202438e-04
132                2.8975551890e-02 1.5546950308e-01 3.8661426461e-03 2.0891944869e-02 1.5489560217e-01 4.0216900826e-03 8.0836070207e-03 5.7390091352e-04 -1.5554743652e-04
133                2.9241994324e-02 1.5450127715e-01 3.8662469772e-03 2.1157089248e-02 1.5396108950e-01 4.0213522325e-03 8.0849050761e-03 5.4018764861e-04 -1.5510525536e-04
134                2.8953302924e-02 1.5540280159e-01 3.8667750756e-03 2.0864959584e-02 1.5482899358e-01 4.0219622166e-03 8.0883433394e-03 5.7380800987e-04 -1.5518714102e-04
135                2.9255485720e-02 1.5441387364e-01 3.8694406956e-03 2.1170547305e-02 1.5387794963e-01 4.0240389207e-03 8.0849384141e-03 5.3592401180e-04 -1.5459822503e-04
136                2.8957896035e-02 1.5529450471e-01 3.8663320762e-03 2.0874175532e-02 1.5472108172e-01 4.0209691753e-03 8.0837205028e-03 5.7342299416e-04 -1.5463709902e-04
137                2.9244002378e-02 1.5437037660e-01 3.8681651254e-03 2.1164301559e-02 1.5382839004e-01 4.0222547919e-03 8.0797008185e-03 5.4198655661e-04 -1.5408966657e-04
138                2.8940765971e-02 1.5529353688e-01 3.8655841071e-03 2.0855890387e-02 1.5471553328e-01 4.0199648769e-03 8.0848755843e-03 5.7800360038e-04 -1.5438076980e-04
139                2.9225914030e-02 1.5438600510e-01 3.8700875918e-03 2.1141445002e-02 1.5384918144e-01 4.0239208315e-03 8.0844690284e-03 5.3682366117e-04 -1.5383323964e-04
140                2.8968891502e-02 1.5529494934e-01 3.8665595036e-03 2.0885570517e-02 1.5472325319e-01 4.0208399943e-03 8.0833209841e-03 5.7169614387e-04 -1.5428049067e-04
141                2.9269038970e-02 1.5434807849e-01 3.8687240727e-03 2.1185818630e-02 1.5381049039e-01 4.0229854024e-03 8.0832203400e-03 5.3758809629e-04 -1.5426132970e-04
142                2.8947473029e-02 1.5525892438e-01 3.8666533482e-03 2.0860564797e-02 1.5468420333e-01 4.0213930104e-03 8.0869082313e-03 5.7472104626e-04 -1.5473966212e-04
143                2.9227262185e-02 1.5435669084e-01 3.8685155754e-03 2.1146479047e-02 1.5381769205e-01 4.0232451762e-03 8.0807831381e-03 5.3899879363e-04 -1.5472960072e-04
144                2.8969850512e-02 1.5524489312e-01 3.8652253602e-03 2.0889362515e-02 1.5467083462e-01 4.0206184530e-03 8.0804879971e-03 5.7405850673e-04 -1.5539309283e-04
145                2.9236463257e-02 1.5430010609e-01 3.8657518576e-03 2.1154301910e-02 1.5376117452e-01 4.0213282842e-03 8.0821613470e-03 5.3893157433e-04 -1.5557642659e-04
146                2.8940320943e-02 1.5522198398e-01 3.8653589855e-03 2.0855240912e-02 1.5464809855e-01 4.0217580396e-03 8.0850800314e-03 5.7388543380e-04 -1.5639905407e-04
147                2.9253041313e-02 1.5426805699e-01 3.8679141779e-03 2.1168323072e-02 1.5373343234e-01 4.0243838237e-03 8.0847182406e-03 5.3462464142e-04 -1.5646964577e-04
148                2.8955979359e-02 1.5515478476e-01 3.8643876773e-03 2.0872986570e-02 1.5458298405e-01 4.0213667138e-03 8.0829927896e-03 5.7180070649e-04 -1.5697903650e-04
149                2.9241301972e-02 1.5422674589e-01 3.8651218523e-03 2.1160848161e-02 1.5368573794e-01 4.0221040839e-03 8.0804538109e-03 5.4100795204e-04 -1.5698223163e-04
150                2.8953532276e-02 1.5514811010e-01 3.8637514324e-03 2.0867273988e-02 1.5457175573e-01 4.0211668557e-03 8.0862582876e-03 5.7635437044e-04 -1.5741542328e-04
151                2.9229679855e-02 1.5423653379e-01 3.8674080503e-03 2.1145063399e-02 1.5370117770e-01 4.0246358332e-03 8.0846164562e-03 5.3535608664e-04 -1.5722778289e-04
152                2.8962875939e-02 1.5517067018e-01 3.8634690684e-03 2.0880744044e-02 1.5459965785e-01 4.0209393559e-03 8.0821318947e-03 5.7101232987e-04 -1.5747028748e-04
153                2.9273405302e-02 1.5422672977e-01 3.8656741908e-03 2.1190784695e-02 1.5368895137e-01 4.0226895271e-03 8.0826206064e-03 5.3777839992e-04 -1.5701533629e-04
154                2.8943168640e-02 1.5517271242e-01 3.8638210096e-03 2.0856784717e-02 1.5459732266e-01 4.0208476669e-03 8.0863839233e-03 5.7538976139e-04 -1.5702665732e-04
155                2.9236853518e-02 1.5429708315e-01 3.8675314229e-03 2.1155742377e-02 1.5375885135e-01 4.0240908003e-03 8.0811111411e-03 5.3823180578e-04 -1.5655937736e-04
156                2.8977502168e-02 1.5525667816e-01 3.8643626318e-03 2.0895188375e-02 1.5468199179e-01 4.0210025615e-03 8.0823137927e-03 5.7468636334e-04 -1.5663992967e-04
157                2.9264343881e-02 1.5435066571e-01 3.8660906682e-03 2.1180819529e-02 1.5381197630e-01 4.0221260675e-03 8.0835243528e-03 5.3868941211e-04 -1.5603539939e-04
158                2.8954495606e-02 1.5529588961e-01 3.8661604594e-03 2.0868683159e-02 1.5472153115e-01 4.0220204321e-03 8.0858124469e-03 5.7435846221e-04 -1.5585997269e-04
159                2.9249161895e-02 1.5441285403e-01 3.8682009453e-03 2.1165052234e-02 1.5387739673e-01 4.0236693900e-03 8.0841096617e-03 5.3545729683e-04 -1.5546844465e-04
160                2.8978542890e-02 1.5532060890e-01 3.8677395297e-03 2.0894209555e-02 1.5474901529e-01 4.0230747756e-03 8.0843333353e-03 5.7159361325e-04 -1.5533524590e-04
161                2.9266145719e-02 1.5440757044e-01 3.8660499035e-03 2.1183585959e-02 1.5386695092e-01 4.0210952838e-03 8.0825597605e-03 5.4061951854e-04 -1.5504538034e-04
162                2.8966012804e-02 1.5534800115e-01 3.8680312243e-03 2.0880801126e-02 1.5477223660e-01 4.0231424847e-03 8.0852116777e-03 5.7576454882e-04 -1.5511126035e-04
163                2.9244268307e-02 1.5444813739e-01 3.8679970999e-03 2.1159834261e-02 1.5391057008e-01 4.0227656482e-03 8.0844340460e-03 5.3756731394e-04 -1.5476854824e-04
164                2.8977256362e-02 1.5538879994e-01 3.8677129333e-03 2.0895612303e-02 1.5481675042e-01 4.0226860535e-03 8.0816440582e-03 5.7204952146e-04 -1.5497312016e-04
165                2.9277543376e-02 1.5443618537e-01 3.8658892729e-03 2.1194189399e-02 1.5389707174e-01 4.0206698533e-03 8.0833539772e-03 5.3911363054e-04 -1.5478058046e-04
166                2.8964000397e-02 1.5536166061e-01 3.8679299953e-03 2.0877382093e-02 1.5478756432e-01 4.0228748134e-03 8.0866183044e-03 5.7409628988e-04 -1.5494481819e-04
167                2.9243418590e-02 1.5448865900e-01 3.8688987117e-03 2.1162182816e-02 1.5395016198e-01 4.0237171953e-03 8.0812357743e-03 5.3849701694e-04 -1.5481848361e-04
168                2.8985739041e-02 1.5542772369e-01 3.8668799473e-03 2.0905035703e-02 1.5485410576e-01 4.0220398284e-03 8.0807033386e-03 5.7361793674e-04 -1.5515988111e-04
169                2.9267418875e-02 1.5448801624e-01 3.8651409245e-03 2.1183872972e-02 1.5394772783e-01 4.0203826781e-03 8.0835459024e-03 5.4028840843e-04 -1.5524175359e-04
170                2.8968434000e-02 1.5547005282e-01 3.8673515685e-03 2.0883895587e-02 1.5489586242e-01 4.0229987762e-03 8.0845384134e-03 5.7419040054e-04 -1.5564720772e-04
171                2.9257948518e-02 1.5457973371e-01 3.8679384934e-03 2.1175448525e-02 1.5404335559e-01 4.0234466088e-03 8.0824999924e-03 5.3637811969e-04 -1.5550811546e-04
172                2.8985706459e-02 1.5546417104e-01 3.8666222201e-03 2.0902385582e-02 1.5489214809e-01 4.0223587832e-03 8.0833208766e-03 5.7202294928e-04 -1.5573656316e-04
173                2.9274538193e-02 1.5456785654e-01 3.8644784418e-03 2.1193693440e-02 1.5402680558e-01 4.0199913053e-03 8.0808447528e-03 5.4105096083e-04 -1.5551286355e-04
174                2.8968560982e-02 1.5553660111e-01 3.8661846003e-03 2.0883728765e-02 1.5496084898e-01 4.0218749148e-03 8.0848322169e-03 5.7575213238e-04 -1.5569031450e-04
175                2.9238253261e-02 1.5459777774e-01 3.8679480525e-03 2.1155671020e-02 1.5406031099e-01 4.0232268270e-03 8.0825822408e-03 5.3746675558e-04 -1.5527877448e-04
176                2.8972706474e-02 1.5546574692e-01 3.8667706439e-03 2.0890671109e-02 1.5489290100e-01 4.0222665337e-03 8.0820353649e-03 5.7284591621e-04 -1.5549588987e-04
177                2.9278259501e-02 1.5452346474e-01 3.8643470549e-03 2.1194910888e-02 1.5398445116e-01 4.0195270227e-03 8.0833486134e-03 5.3901358204e-04 -1.5517996782e-04
178                2.8960988877e-02 1.5542363508e-01 3.8661528197e-03 2.0874769047e-02 1.5484923737e-01 4.0211516932e-03 8.0862198300e-03 5.7439770317e-04 -1.5499887349e-04
179                2.9234155922e-02 1.5448669484e-01 3.8678445599e-03 2.1153489662e-02 1.5394790840e-01 4.0226922527e-03 8.0806662607e-03 5.3878644072e-04 -1.5484769286e-04
180                2.8973375627e-02 1.5540118257e-01 3.8666185507e-03 2.0892317426e-02 1.5482688809e-01 4.0213968420e-03 8.0810582011e-03 5.7429447490e-04 -1.5477829125e-04
181                2.9258001280e-02 1.5446812208e-01 3.8657124649e-03 2.1176278453e-02 1.5392847404e-01 4.0202472411e-03 8.0817228271e-03 5.3964803965e-04 -1.5453477619e-04
182                2.8957028843e-02 1.5539870057e-01 3.8666890267e-03 2.0873023726e-02 1.5482368874e-01 4.0212700441e-03 8.0840051175e-03 5.7501183527e-04 -1.5458101740e-04
183                2.9249420758e-02 1.5450160559e-01 3.8707640668e-03 2.1167699519e-02 1.5396518013e-01 4.0250489020e-03 8.0817212386e-03 5.3642545703e-04 -1.5428483522e-04
184                2.8967153330e-02 1.5542800572e-01 3.8672151653e-03 2.0885829068e-02 1.5485527341e-01 4.0216109063e-03 8.0813242613e-03 5.7273230590e-04 -1.5439574098e-04
185                2.9267791049e-02 1.5452125229e-01 3.8669338920e-03 2.1188247360e-02 1.5398086147e-01 4.0213302239e-03 8.0795436892e-03 5.4039081137e-04 -1.5439633186e-04
186                2.8974369329e-02 1.5549622674e-01 3.8658398993e-03 2.0890443425e-02 1.5491936528e-01 4.0204679180e-03 8.0839259039e-03 5.7686146159e-04 -1.5462801874e-04
187                2.9242206187e-02 1.5462922323e-01 3.8705847789e-03 2.1160313188e-02 1.5409192805e-01 4.0249050400e-03 8.0818929986e-03 5.3729517938e-04 -1.5432026115e-04
188                2.8989231010e-02 1.5560483721e-01 3.8671671462e-03 2.0910211704e-02 1.5503228376e-01 4.0219203641e-03 8.0790193054e-03 5.7255344299e-04 -1.5475321789e-04
189                2.9281364566e-02 1.5470341964e-01 3.8668229650e-03 2.1201393182e-02 1.5416349652e-01 4.0215915795e-03 8.0799713840e-03 5.3992311942e-04 -1.5476861450e-04
190                2.8970026160e-02 1.5568458703e-01 3.8654851917e-03 2.0885693560e-02 1.5510991499e-01 4.0206124020e-03 8.0843326002e-03 5.7467204908e-04 -1.5512721022e-04
191                2.9257731481e-02 1.5479326233e-01 3.8684396843e-03 2.1179661635e-02 1.5425527087e-01 4.0234957304e-03 8.0780698454e-03 5.3799145297e-04 -1.5505604609e-04
192                2.8992473839e-02 1.5573997969e-01 3.8662631579e-03 2.0914647910e-02 1.5516575114e-01 4.0219742508e-03 8.0778259293e-03 5.7422854669e-04 -1.5571109287e-04
193                2.9262233581e-02 1.5481977309e-01 3.8670110851e-03 2.1182766118e-02 1.5427968324e-01 4.0226054970e-03 8.0794674625e-03 5.4008985458e-04 -1.5559441192e-04
194                2.8971495860e-02 1.5574608699e-01 3.8648724939e-03 2.0888252621e-02 1.5517087286e-01 4.0210970965e-03 8.0832432388e-03 5.7521413115e-04 -1.5622460263e-04
195                2.9272151574e-02 1.5481279156e-01 3.8685103002e-03 2.1189746985e-02 1.5427714964e-01 4.0244774652e-03 8.0824045892e-03 5.3564192089e-04 -1.5596716501e-04
196                2.8987935172e-02 1.5572586093e-01 3.8660000569e-03 2.0906911734e-02 1.5515301552e-01 4.0224998608e-03 8.0810234379e-03 5.7284540798e-04 -1.5649980396e-04
197                2.9266736860e-02 1.5475521489e-01 3.8662520490e-03 2.1187432125e-02 1.5421330915e-01 4.0226966469e-03 8.0793047355e-03 5.4190574162e-04 -1.5644459797e-04
198                2.8961243881e-02 1.5566771192e-01 3.8644077847e-03 2.0876930635e-02 1.5509087026e-01 4.0211250760e-03 8.0843132452e-03 5.7684166741e-04 -1.5671729130e-04
199                2.9236111967e-02 1.5471714881e-01 3.8687900190e-03 2.1152771471e-02 1.5418019232e-01 4.0251356109e-03 8.0833404960e-03 5.3695648942e-04 -1.5634559192e-04
200                2.8977856024e-02 1.5560555038e-01 3.8655205195e-03 2.0896430964e-02 1.5503281867e-01 4.0221639212e-03 8.0814250599e-03 5.7273171503e-04 -1.5664340176e-04
201                2.9280928108e-02 1.5459476405e-01 3.8668898851e-03 2.1197490223e-02 1.5405542407e-01 4.0229844613e-03 8.0834378850e-03 5.3933997470e-04 -1.5609457613e-04
202                2.8955480391e-02 1.5549746317e-01 3.8641486814e-03 2.0869224686e-02 1.5492197676e-01 4.0201503855e-03 8.0862557049e-03 5.7548641516e-04 -1.5600170406e-04
203                2.9241281068e-02 1.5455626936e-01 3.8689092154e-03 2.1159419761e-02 1.5401763326e-01 4.0243377166e-03 8.0818613075e-03 5.3863610731e-04 -1.5542850124e-04
204                2.8974878302e-02 1.5549703484e-01 3.8672836629e-03 2.0895605999e-02 1.5492270138e-01 4.0229112126e-03 8.0792723030e-03 5.7433346531e-04 -1.5562754976e-04
205                2.9259940230e-02 1.5449635249e-01 3.8670207460e-03 2.1176786064e-02 1.5395497419e-01 4.0221139619e-03 8.0831541654e-03 5.4137830065e-04 -1.5509321585e-04
206                2.8964144254e-02 1.5547524662e-01 3.8673739859e-03 2.0879614883e-02 1.5489966576e-01 4.0225891746e-03 8.0845293710e-03 5.7558086503e-04 -1.5521518862e-04
207                2.9258382155e-02 1.5454920527e-01 3.8686716682e-03 2.1174539605e-02 1.5401269778e-01 4.0234083731e-03 8.0838425502e-03 5.3650749650e-04 -1.5473670491e-04
208                2.8978878175e-02 1.5547928331e-01 3.8682783123e-03 2.0898776916e-02 1.5490666690e-01 4.0229334170e-03 8.0801012596e-03 5.7261640470e-04 -1.5465510469e-04
209                2.9271906356e-02 1.5454202373e-01 3.8666988703e-03 2.1192259942e-02 1.5400045076e-01 4.0209520991e-03 8.0796464141e-03 5.4157296625e-04 -1.5425322884e-04
210                2.8973342020e-02 1.5551907626e-01 3.8689552589e-03 2.0890245993e-02 1.5494283350e-01 4.0233534459e-03 8.0830960272e-03 5.7624276713e-04 -1.5439818696e-04
211                2.9242926599e-02 1.5461476526e-01 3.8694163355e-03 2.1159925116e-02 1.5407724519e-01 4.0234896619e-03 8.0830014836e-03 5.3752006701e-04 -1.5407332638e-04
212                2.8986575925e-02 1.5554419111e-01 3.8687746317e-03 2.0905793881e-02 1.5497119727e-01 4.0231871967e-03 8.0807820441e-03 5.7299383611e-04 -1.5441256497e-04
213                2.9286327923e-02 1.5461566189e-01 3.8668474113e-03 2.1204222139e-02 1.5407612073e-01 4.0211048640e-03 8.0821057833e-03 5.3954115922e-04 -1.5425745267e-04
214                2.8967447898e-02 1.5551459285e-01 3.8679064027e-03 2.0881657056e-02 1.5494027271e-01 4.0223525829e-03 8.0857908416e-03 5.7432014738e-04 -1.5444618029e-04
215                2.9246839133e-02 1.5461931872e-01 3.8683335860e-03 2.1165167192e-02 1.5408145470e-01 4.0228172803e-03 8.0816719411e-03 5.3786402354e-04 -1.5448369429e-04
216                2.8992246784e-02 1.5553815239e-01 3.8683511139e-03 2.0911252235e-02 1.5496427391e-01 4.0231821936e-03 8.0809945484e-03 5.7387848089e-04 -1.5483107969e-04
217                2.9265164916e-02 1.5459175488e-01 3.8668087857e-03 2.1182344738e-02 1.5405128393e-01 4.0215387720e-03 8.0828201785e-03 5.4047094842e-04 -1.5472998629e-04
218                2.8963939316e-02 1.5550005818e-01 3.8675206232e-03 2.0877885413e-02 1.5492480596e-01 4.0225752079e-03 8.0860539029e-03 5.7525221361e-04 -1.5505458467e-04
219                2.9252617118e-02 1.5459174190e-01 3.8672766844e-03 2.1168012436e-02 1.5405466274e-01 4.0221247321e-03 8.0846046823e-03 5.3707915556e-04 -1.5484804768e-04
220                2.8987450243e-02 1.5546424558e-01 3.8674220031e-03 2.0903992858e-02 1.5489215183e-01 4.0223358780e-03 8.0834573853e-03 5.7209375126e-04 -1.5491387495e-04
221                2.9272909044e-02 1.5454300947e-01 3.8667905301e-03 2.1191704108e-02 1.5400184430e-01 4.0213231414e-03 8.0812049361e-03 5.4116517514e-04 -1.5453261129e-04
222                2.8972052462e-02 1.5546091197e-01 3.8679672363e-03 2.0886399577e-02 1.5488470268e-01 4.0224867676e-03 8.0856528850e-03 5.7620929586e-04 -1.5451953132e-04
223                2.9241806708e-02 1.5455187293e-01 3.8677465373e-03 2.1159203884e-02 1.5401417058e-01 4.0217423835e-03 8.0826028247e-03 5.3770235352e-04 -1.5399584623e-04
224                2.8981524779e-02 1.5546338044e-01 3.8674156545e-03 2.0901968169e-02 1.5488950835e-01 4.0215025998e-03 8.0795566101e-03 5.7387208456e-04 -1.5408694538e-04
225                2.9276940218e-02 1.5456172544e-01 3.8673882232e-03 2.1196452889e-02 1.5402224903e-01 4.0210222202e-03 8.0804873286e-03 5.3947640941e-04 -1.5363399705e-04
226                2.8964304070e-02 1.5547529659e-01 3.8678627308e-03 2.0879821446e-02 1.5490127680e-01 4.0214930932e-03 8.0844826237e-03 5.7401979072e-04 -1.5363036232e-04
227                2.9254258146e-02 1.5457908699e-01 3.8685490307e-03 2.1174565649e-02 1.5404123263e-01 4.0220924294e-03 8.0796924971e-03 5.3785436127e-04 -1.5354339872e-04
228                2.8998645568e-02 1.5551752323e-01 3.8691117341e-03 2.0920485231e-02 1.5494341797e-01 4.0228555880e-03 8.0781603376e-03 5.7410526070e-04 -1.5374385389e-04
229                2.9270821985e-02 1.5463434284e-01 3.8679100955e-03 2.1191600953e-02 1.5409381280e-01 4.0216658579e-03 8.0792210319e-03 5.4053003984e-04 -1.5375576244e-04
230                2.8967145589e-02 1.5556284069e-01 3.8678593059e-03 2.0885923669e-02 1.5498789416e-01 4.0220065615e-03 8.0812219201e-03 5.7494653208e-04 -1.5414725558e-04
231                2.9256379853e-02 1.5466729277e-01 3.8681661330e-03 2.1175995630e-02 1.5413088384e-01 4.0223204695e-03 8.0803842236e-03 5.3640893104e-04 -1.5415433652e-04
232                2.8994005665e-02 1.5557020046e-01 3.8688039020e-03 2.0914873027e-02 1.5499807587e-01 4.0230396424e-03 8.0791326386e-03 5.7212458634e-04 -1.5423574041e-04
233                2.9272889469e-02 1.5469337282e-01 3.8674165818e-03 2.1196364211e-02 1.5415255623e-01 4.0217703522e-03 8.0765252583e-03 5.4081659134e-04 -1.5435377041e-04
234                2.8980130616e-02 1.5558611303e-01 3.8671782615e-03 2.0898757143e-02 1.5501008563e-01 4.0217467154e-03 8.0813734721e-03 5.7602740039e-04 -1.5456845394e-04
235                2.9244146255e-02 1.5472476976e-01 3.8692599433e-03 2.1164865422e-02 1.5418757912e-01 4.0238631200e-03 8.0792808331e-03 5.3719064401e-04 -1.5460317672e-04
236                2.8985602295e-02 1.5559736843e-01 3.8684591053e-03 2.0907464121e-02 1.5502452636e-01 4.0236272871e-03 8.0781381741e-03 5.7284207481e-04 -1.5516818188e-04
237                2.9275485286e-02 1.5469664332e-01 3.8678694793e-03 2.1197686779e-02 1.5415678185e-01 4.0230200412e-03 8.0777985079e-03 5.3986146695e-04 -1.5515056190e-04
238                2.8972447911e-02 1.5552507328e-01 3.8638428521e-03 2.0888354203e-02 1.5495114110e-01 4.0193005696e-03 8.0840937084e-03 5.7393217632e-04 -1.5545771753e-04
239                2.9244090992e-02 1.5466012621e-01 3.8687897743e-03 2.1166138476e-02 1.5412246392e-01 4.0242400341e-03 8.0779525157e-03 5.3766228953e-04 -1.5545025984e-04
240                2.8987468343e-02 1.5554061069e-01 3.8665911146e-03 2.0908890466e-02 1.5496561138e-01 4.0223446211e-03 8.0785778766e-03 5.7499930213e-04 -1.5575350647e-04
241                2.9260715510e-02 1.5461276678e-01 3.8680529967e-03 2.1180540609e-02 1.5407158018e-01 4.0236467705e-03 8.0801749011e-03 5.4118660291e-04 -1.5559377373e-04
242                2.8965092707e-02 1.5545966659e-01 3.8652651481e-03 2.0880338175e-02 1.5488406744e-01 4.0211819315e-03 8.0847545316e-03 5.7559915136e-04 -1.5591678340e-04
243                2.9244226155e-02 1.5458499847e-01 3.8689075556e-03 2.1162344669e-02 1.5404807584e-01 4.0246830601e-03 8.0818814867e-03 5.3692263374e-04 -1.5577550453e-04
244                2.8982894997e-02 1.5540259727e-01 3.8667225148e-03 2.0899410597e-02 1.5483001064e-01 4.0226651084e-03 8.0834843998e-03 5.7258663704e-04 -1.5594259356e-04
245                2.9263091503e-02 1.5449497275e-01 3.8672684491e-03 2.1181382739e-02 1.5395409643e-01 4.0230788439e-03 8.0817087640e-03 5.4087632403e-04 -1.5581039485e-04
246                2.8973600778e-02 1.5535666554e-01 3.8663026639e-03 2.0886005697e-02 1.5477997726e-01 4.0220655835e-03 8.0875950808e-03 5.7668828371e-04 -1.5576291960e-04
247                2.9232384320e-02 1.5445332961e-01 3.8701009565e-03 2.1148041680e-02 1.5391576735e-01 4.0256334945e-03 8.0843426403e-03 5.3756226190e-04 -1.5553253798e-04
248                2.8976532845e-02 1.5531109514e-01 3.8678141472e-03 2.0893478579e-02 1.5473757447e-01 4.0231681117e-03 8.0830542659e-03 5.7352067268e-04 -1.5535396453e-04
249                2.9264179254e-02 1.5442544613e-01 3.8682455462e-03 2.1181090671e-02 1.5388569101e-01 4.0231204033e-03 8.0830885828e-03 5.3975511352e-04 -1.5487485713e-04
250                2.8964980119e-02 1.5525718114e-01 3.8669446851e-03 2.0875508150e-02 1.5468287010e-01 4.0216399997e-03 8.0894719691e-03 5.7431104386e-04 -1.5469531458e-04
251                2.9244579582e-02 1.5441478191e-01 3.8698389955e-03 2.1162408820e-02 1.5387680250e-01 4.0240262026e-03 8.0821707620e-03 5.3797941369e-04 -1.5418720711e-04
252                2.9009161339e-02 1.5533476417e-01 3.8695225124e-03 2.0927725903e-02 1.5476135342e-01 4.0236169364e-03 8.0814354359e-03 5.7341074796e-04 -1.5409442403e-04
253                2.9259890856e-02 1.5446024320e-01 3.8709879073e-03 2.1179421542e-02 1.5391927201e-01 4.0247201712e-03 8.0804693141e-03 5.4097119781e-04 -1.5373226389e-04
254                2.8965677817e-02 1.5534863742e-01 3.8682849806e-03 2.0881166820e-02 1.5477296572e-01 4.0221970724e-03 8.0845109970e-03 5.7567170238e-04 -1.5391209170e-04
255                2.9262379781e-02 1.5451170760e-01 3.8706617850e-03 2.1181013144e-02 1.5397548952e-01 4.0242562516e-03 8.0813666371e-03 5.3621808256e-04 -1.5359446661e-04
256                2.9002178202e-02 1.5541244809e-01 3.8692868253e-03 2.0920856254e-02 1.5484042332e-01 4.0230947802e-03 8.0813219473e-03 5.7202477395e-04 -1.5380795496e-04
257                2.9264204242e-02 1.5453259645e-01 3.8706298591e-03 2.1185312264e-02 1.5399147812e-01 4.0242081274e-03 8.0788919772e-03 5.4111832634e-04 -1.5357826828e-04
258                2.8980781910e-02 1.5540887583e-01 3.8680899844e-03 2.0896566147e-02 1.5483278638e-01 4.0219356262e-03 8.0842157631e-03 5.7608944788e-04 -1.5384564182e-04
259                2.9250433050e-02 1.5454142277e-01 3.8700835602e-03 2.1168653013e-02 1.5400401909e-01 4.0235931821e-03 8.0817800370e-03 5.3740367514e-04 -1.5350962187e-04
260                2.8991756508e-02 1.5544939649e-01 3.8690632536e-03 2.0912237483e-02 1.5487660284e-01 4.0228004336e-03 8.0795190253e-03 5.7279364796e-04 -1.5373718007e-04
261                2.9272889646e-02 1.5453012538e-01 3.8698083990e-03 2.1191362885e-02 1.5399061676e-01 4.0231255424e-03 8.0815267612e-03 5.3950862002e-04 -1.5331714335e-04
262                2.8969691996e-02 1.5536627544e-01 3.8694883086e-03 2.0882375331e-02 1.5479304873e-01 4.0226870561e-03 8.0873166648e-03 5.7322670795e-04 -1.5319874749e-04
263                2.9252970309e-02 1.5451251844e-01 3.8702816672e-03 2.1170911765e-02 1.5397574321e-01 4.0233562729e-03 8.0820585439e-03 5.3677523212e-04 -1.5307460574e-04
264                2.8997843090e-02 1.5539754159e-01 3.8705775835e-03 2.0916380764e-02 1.5482457087e-01 4.0236164444e-03 8.0814623263e-03 5.7297071515e-04 -1.5303886093e-04
265                2.9260838797e-02 1.5445473556e-01 3.8677066405e-03 2.1177879799e-02 1.5391418600e-01 4.0205440853e-03 8.0829589977e-03 5.4054956328e-04 -1.5283744482e-04
266                2.8961832809e-02 1.5532726258e-01 3.8687510498e-03 2.0876941898e-02 1.5475214114e-01 4.0215392500e-03 8.0848909110e-03 5.7512143895e-04 -1.5278820015e-04
267                2.9256134078e-02 1.5444504149e-01 3.8701374822e-03 2.1172959470e-02 1.5390851732e-01 4.0226148569e-03 8.0831746076e-03 5.3652416476e-04 -1.5247737472e-04
268                2.8985141710e-02 1.5530292369e-01 3.8696927276e-03 2.0902431776e-02 1.5473086715e-01 4.0223498072e-03 8.0827099337e-03 5.7205653972e-04 -1.5265707962e-04
269                2.9269284706e-02 1.5441815745e-01 3.8681258628e-03 2.1188856032e-02 1.5387742863e-01 4.0209134570e-03 8.0804286737e-03 5.4072881640e-04 -1.5278759426e-04
270                2.8976744472e-02 1.5532754456e-01 3.8682155529e-03 2.0892766463e-02 1.5475128316e-01 4.0212127989e-03 8.0839780089e-03 5.7626140637e-04 -1.5299724596e-04
271                2.9239490742e-02 1.5445125516e-01 3.8684741801e-03 2.1156715362e-02 1.5391412558e-01 4.0214964184e-03 8.0827753800e-03 5.3712958489e-04 -1.5302223829e-04
272                2.8983138179e-02 1.5538763485e-01 3.8695195349e-03 2.0903846337e-02 1.5481587064e-01 4.0229336117e-03 8.0792918427e-03 5.7176420475e-04 -1.5341407678e-04
273                2.9266402142e-02 1.5447155639e-01 3.8663618703e-03 2.1186086350e-02 1.5393200513e-01 4.0197915914e-03 8.0803157911e-03 5.3955126083e-04 -1.5342972110e-04
274                2.8963505087e-02 1.5531939627e-01 3.8680122974e-03 2.0878188425e-02 1.5474583333e-01 4.0215413695e-03 8.0853166627e-03 5.7356293748e-04 -1.5352907210e-04
275                2.9242996113e-02 1.5447200173e-01 3.8678414984e-03 2.1162398394e-02 1.5393453464e-01 4.0212977986e-03 8.0805977187e-03 5.3746709410e-04 -1.5345630022e-04
276                2.9001153471e-02 1.5539817246e-01 3.8691671167e-03 2.0921817216e-02 1.5482470916e-01 4.0227358763e-03 8.0793362550e-03 5.7346330040e-04 -1.5356875960e-04
277                2.9265024796e-02 1.5449826734e-01 3.8668815849e-03 2.1185595399e-02 1.5395689925e-01 4.0203211398e-03 8.0794293968e-03 5.4136809235e-04 -1.5343955488e-04
278                2.8972506047e-02 1.5540901376e-01 3.8671013424e-03 2.0890849258e-02 1.5483387964e-01 4.0205673429e-03 8.0816567896e-03 5.7513411132e-04 -1.5346600052e-04
279                2.9251765234e-02 1.5459718534e-01 3.8680264124e-03 2.1172963366e-02 1.5405968068e-01 4.0212280189e-03 8.0788018683e-03 5.3750466509e-04 -1.5320160648e-04
280                2.8995375649e-02 1.5551663883e-01 3.8695772030e-03 2.0916688144e-02 1.5494413601e-01 4.0227482493e-03 8.0786875052e-03 5.7250282170e-04 -1.5317104632e-04
281                2.9274052741e-02 1.5469537672e-01 3.8675001164e-03 2.1196899882e-02 1.5415484686e-01 4.0206834204e-03 8.0771528589e-03 5.4052985822e-04 -1.5318330402e-04
282                2.8987794655e-02 1.5561958227e-01 3.8675773682e-03 2.0905907853e-02 1.5504439083e-01 4.0209234892e-03 8.0818868016e-03 5.7519143979e-04 -1.5334612107e-04
283                2.9255961945e-02 1.5476986776e-01 3.8685116183e-03 2.1174628706e-02 1.5423216909e-01 4.0216952970e-03 8.0813332397e-03 5.3769867312e-04 -1.5318367871e-04
284                2.8996161957e-02 1.5572880413e-01 3.8703733834e-03 2.0917523518e-02 1.5515613924e-01 4.0239015522e-03 8.0786384395e-03 5.7266489528e-04 -1.5352816874e-04
285                2.9289564707e-02 1.5484179913e-01 3.8678658355e-03 2.1209411217e-02 1.5430246321e-01 4.0212434484e-03 8.0801534896e-03 5.3933592412e-04 -1.5337761288e-04
286                2.8973462965e-02 1.5568239050e-01 3.8677552989e-03 2.0888330156e-02 1.5510764959e-01 4.0210029003e-03 8.0851328089e-03 5.7474091245e-04 -1.5324760135e-04
287                2.9255060692e-02 1.5481870946e-01 3.8692623219e-03 2.1173790684e-02 1.5428066019e-01 4.0222016221e-03 8.0812700083e-03 5.3804927195e-04 -1.5293930016e-04
288                2.9000127691e-02 1.5574109902e-01 3.8702043666e-03 2.0920739311e-02 1.5516697013e-01 4.0230361808e-03 8.0793883794e-03 5.7412888704e-04 -1.5283181416e-04
289                2.9274323940e-02 1.5480324896e-01 3.8692590549e-03 2.1194155067e-02 1.5426211157e-01 4.0220345478e-03 8.0801688730e-03 5.4113738761e-04 -1.5277549286e-04
290                2.8967896342e-02 1.5565820004e-01 3.8696173527e-03 2.0886226945e-02 1.5508197500e-01 4.0223860982e-03 8.0816693964e-03 5.7622503670e-04 -1.5276874550e-04
291                2.9247464573e-02 1.5478231866e-01 3.8699307498e-03 2.1166013162e-02 1.5424470315e-01 4.0224539383e-03 8.0814514110e-03 5.3761550976e-04 -1.5252318853e-04
292                2.8989778322e-02 1.5563585323e-01 3.8712065326e-03 2.0908386806e-02 1.5506394866e-01 4.0235090482e-03 8.0813915161e-03 5.7190456368e-04 -1.5230251561e-04
293                2.9274335324e-02 1.5470971258e-01 3.8690664585e-03 2.1195781739e-02 1.5416828912e-01 4.0212688450e-03 8.0785535851e-03 5.4142345573e-04 -1.5220238644e-04
294                2.8972270833e-02 1.5558899498e-01 3.8705548261e-03 2.0890513751e-02 1.5501226633e-01 4.0227395812e-03 8.0817570821e-03 5.7672865089e-04 -1.5218475513e-04
295                2.9235996270e-02 1.5468398466e-01 3.8702311919e-03 2.1154208360e-02 1.5414563075e-01 4.0222456480e-03 8.0817879096e-03 5.3835390608e-04 -1.5201445608e-04
296                2.8980105005e-02 1.5558053189e-01 3.8715964045e-03 2.0900569355e-02 1.5500734418e-01 4.0239264605e-03 8.0795356499e-03 5.7318771016e-04 -1.5233005606e-04
297                2.9277542978e-02 1.5469609522e-01 3.8693240422e-03 2.1197271172e-02 1.5415650114e-01 4.0215519590e-03 8.0802718063e-03 5.3959408303e-04 -1.5222791678e-04
298                2.8975537793e-02 1.5550801330e-01 3.8696564984e-03 2.0889578211e-02 1.5493462001e-01 4.0219270628e-03 8.0859595823e-03 5.7339328716e-04 -1.5227056437e-04
299                2.9237473483e-02 1.5462797421e-01 3.8703442683e-03 2.1156371353e-02 1.5408974762e-01 4.0226968140e-03 8.0811021296e-03 5.3822658249e-04 -1.5235254571e-04
300                2.8995540644e-02 1.5555546946e-01 3.8715565719e-03 2.0914240518e-02 1.5498260007e-01 4.0241042341e-03 8.0813001261e-03 5.7286938867e-04 -1.5254766225e-04
301                2.9268139866e-02 1.5459682254e-01 3.8688567423e-03 2.1186417523e-02 1.5405694039e-01 4.0214325783e-03 8.0817223437e-03 5.3988214493e-04 -1.5257583601e-04
302                2.8956981129e-02 1.5547589723e-01 3.8685137434e-03 2.0873501390e-02 1.5490073989e-01 4.0212645173e-03 8.0834797395e-03 5.7515734028e-04 -1.5275077392e-04
303                2.9247913695e-02 1.5460156405e-01 3.8695640629e-03 2.1164621099e-02 1.5406480844e-01 4.0222346955e-03 8.0832925958e-03 5.3675561671e-04 -1.5267063261e-04
304                2.8987021525e-02 1.5549226226e-01 3.8695506773e-03 2.0903769351e-02 1.5492110281e-01 4.0225121975e-03 8.0832521737e-03 5.7115945675e-04 -1.5296152017e-04
305                2.9272678689e-02 1.5461755848e-01 3.8679713004e-03 2.1192342253e-02 1.5407763187e-01 4.0212091422e-03 8.0803364361e-03 5.3992660451e-04 -1.5323784180e-04
306                2.8979312604e-02 1.5550961488e-01 3.8680045854e-03 2.0895200815e-02 1.5493340953e-01 4.0217104090e-03 8.0841117890e-03 5.7620534549e-04 -1.5370582355e-04
307                2.9240225959e-02 1.5463749523e-01 3.8678067096e-03 2.1156335397e-02 1.5410031765e-01 4.0217197666e-03 8.0838905623e-03 5.3717757455e-04 -1.5391305702e-04
308                2.8988606086e-02 1.5557603248e-01 3.8689852277e-03 2.0907699682e-02 1.5500419911e-01 4.0235895545e-03 8.0809064036e-03 5.7183337365e-04 -1.5460432677e-04
309                2.9283239085e-02 1.5469596443e-01 3.8656726751e-03 2.1202206254e-02 1.5415707722e-01 4.0204105131e-03 8.0810328311e-03 5.3888721471e-04 -1.5473783805e-04
310                2.8971087980e-02 1.5556901388e-01 3.8668456542e-03 2.0885535929e-02 1.5499523927e-01 4.0218608526e-03 8.0855520502e-03 5.7377460762e-04 -1.5501519832e-04
311                2.9239376583e-02 1.5473063563e-01 3.8674649210e-03 2.1157729680e-02 1.5419305727e-01 4.0225478627e-03 8.0816469027e-03 5.3757836627e-04 -1.5508294167e-04
312                2.8998410599e-02 1.5563629238e-01 3.8683625861e-03 2.0917042639e-02 1.5506380647e-01 4.0238222571e-03 8.0813679602e-03 5.7248591408e-04 -1.5545967103e-04
313                2.9269791565e-02 1.5468519174e-01 3.8657490194e-03 2.1187463343e-02 1.5414498811e-01 4.0210495134e-03 8.0823282220e-03 5.4020362950e-04 -1.5530049400e-04
314                2.8957464379e-02 1.5555252123e-01 3.8660892816e-03 2.0873557970e-02 1.5497700887e-01 4.0214401410e-03 8.0839064095e-03 5.7551235097e-04 -1.5535085940e-04
315                2.9244254906e-02 1.5465481371e-01 3.8679513316e-03 2.1160581243e-02 1.5411773034e-01 4.0229274133e-03 8.0836736631e-03 5.3708337012e-04 -1.5497608165e-04
316                2.8983585757e-02 1.5550188105e-01 3.8693281897e-03 2.0899461207e-02 1.5493011468e-01 4.0242339500e-03 8.0841245495e-03 5.7176637058e-04 -1.5490576032e-04
317                2.9266748911e-02 1.5459521920e-01 3.8673391180e-03 2.1184411883e-02 1.5405480150e-01 4.0219633173e-03 8.0823370284e-03 5.4041770573e-04 -1.5462419934e-04
318                2.8978479289e-02 1.5548611714e-01 3.8676411795e-03 2.0893226978e-02 1.5491019705e-01 4.0222305299e-03 8.0852523108e-03 5.7592008369e-04 -1.5458935037e-04
319                2.9239303557e-02 1.5457308693e-01 3.8682802105e-03 2.1154371631e-02 1.5403472301e-01 4.0225563096e-03 8.0849319258e-03 5.3836392474e-04 -1.5427609916e-04
320                2.8982414853e-02 1.5549157188e-01 3.8696075152e-03 2.0900219026e-02 1.5491878289e-01 4.0240276564e-03 8.0821958266e-03 5.7278898912e-04 -1.5442014122e-04
321                2.9276850684e-02 1.5461319963e-01 3.8676816429e-03 2.1194208987e-02 1.5407373485e-01 4.0218780233e-03 8.0826416968e-03 5.3946477896e-04 -1.5419638038e-04
322                2.8970337562e-02 1.5545728348e-01 3.8680856156e-03 2.0883454921e-02 1.5488341326e-01 4.0223450590e-03 8.0868826403e-03 5.7387021713e-04 -1.5425944345e-04
323                2.9246380417e-02 1.5459231427e-01 3.8683745906e-03 2.1164051559e-02 1.5405355485e-01 4.0223518556e-03 8.0823288574e-03 5.3875941799e-04 -1.5397726499e-04
324                2.9002641838e-02 1.5554839881e-01 3.8703205059e-03 2.0919539832e-02 1.5497511397e-01 4.0243337692e-03 8.0831020055e-03 5.7328484127e-04 -1.5401326331e-04
325                2.9274429718e-02 1.5462787048e-01 3.8680463896e-03 2.1191168690e-02 1.5408769939e-01 4.0218133899e-03 8.0832610276e-03 5.4017108900e-04 -1.5376700028e-04
326                2.8969464429e-02 1.5552913414e-01 3.8671948021e-03 2.0885378486e-02 1.5495376476e-01 4.0211579315e-03 8.0840859425e-03 5.7536937830e-04 -1.5396312940e-04
327                2.9261343111e-02 1.5466779198e-01 3.8684631742e-03 2.1178325802e-02 1.5413103373e-01 4.0222342834e-03 8.0830173087e-03 5.3675824786e-04 -1.5377110915e-04
328                2.8989768361e-02 1.5557658566e-01 3.8695614343e-03 2.0908025155e-02 1.5500477666e-01 4.0233967547e-03 8.0817432055e-03 5.7180899614e-04 -1.5383532040e-04
329                2.9276869058e-02 1.5469201375e-01 3.8681701309e-03 2.1196657472e-02 1.5415085745e-01 4.0220765043e-03 8.0802115859e-03 5.4115629700e-04 -1.5390637343e-04
330                2.8985836852e-02 1.5559598227e-01 3.8682839920e-03 2.0901664364e-02 1.5501979715e-01 4.0221985542e-03 8.0841724878e-03 5.7618511476e-04 -1.5391456221e-04
331                2.9242407842e-02 1.5471158928e-01 3.8683314213e-03 2.1159220208e-02 1.5417412669e-01 4.0221727260e-03 8.0831876341e-03 5.3746259845e-04 -1.5384130472e-04
332                2.8989247703e-02 1.5562029594e-01 3.8701596495e-03 2.0909263606e-02 1.5504790492e-01 4.0241751178e-03 8.0799840970e-03 5.7239102769e-04 -1.5401546833e-04
333                2.9284400302e-02 1.5468610489e-01 3.8678949684e-03 2.1202017432e-02 1.5414638406e-01 4.0219619265e-03 8.0823828705e-03 5.3972082933e-04 -1.5406695808e-04
334                2.8971019935e-02 1.5553166839e-01 3.8678705738e-03 2.0884384044e-02 1.5495744146e-01 4.0220467447e-03 8.0866358916e-03 5.7422693440e-04 -1.5417617093e-04
335                2.9247714610e-02 1.5466817799e-01 3.8673424610e-03 2.1164908323e-02 1.5412994950e-01 4.0213842570e-03 8.0828062864e-03 5.3822849497e-04 -1.5404179596e-04
336                2.9000677553e-02 1.5556268063e-01 3.8697956383e-03 2.0918335190e-02 1.5498906250e-01 4.0239487214e-03 8.0823423635e-03 5.7361813549e-04 -1.5415308300e-04
337                2.9266345624e-02 1.5461409510e-01 3.8684338299e-03 2.1182760469e-02 1.5407419183e-01 4.0223377452e-03 8.0835851544e-03 5.3990326557e-04 -1.5390391532e-04
338                2.8964586518e-02 1.5547954042e-01 3.8680656967e-03 2.0879354222e-02 1.5490514870e-01 4.0220146292e-03 8.0852322954e-03 5.7439172440e-04 -1.5394893247e-04
339                2.9249696202e-02 1.5458383345e-01 3.8682240035e-03 2.1163937278e-02 1.5404729610e-01 4.0219322494e-03 8.0857589243e-03 5.3653734477e-04 -1.5370824596e-04
340                2.8988417604e-02 1.5543928299e-01 3.8704090314e-03 2.0902761486e-02 1.5486838969e-01 4.0241593253e-03 8.0856561178e-03 5.7089329563e-04 -1.5375029390e-04
341                2.9269337472e-02 1.5454011276e-01 3.8683512728e-03 2.1186324260e-02 1.5399933454e-01 4.0219698410e-03 8.0830132119e-03 5.4077821794e-04 -1.5361856820e-04
342                2.8978881864e-02 1.5540219797e-01 3.8679825345e-03 2.0892204071e-02 1.5482691117e-01 4.0215661480e-03 8.0866777932e-03 5.7528679741e-04 -1.5358361352e-04
343                2.9232610727e-02 1.5450053194e-01 3.8682913144e-03 2.1147793745e-02 1.5396281311e-01 4.0217057819e-03 8.0848169822e-03 5.3771883452e-04 -1.5341446746e-04
344                2.8978013440e-02 1.5543104853e-01 3.8705672224e-03 2.0895907705e-02 1.5485923123e-01 4.0242400108e-03 8.0821057352e-03 5.7181729964e-04 -1.5367278835e-04
345                2.9277986045e-02 1.5449517661e-01 3.8682484980e-03 2.1193722967e-02 1.5395678962e-01 4.0218559472e-03 8.0842630780e-03 5.3838699087e-04 -1.5360744916e-04
346                2.8963977645e-02 1.5534484080e-01 3.8667209219e-03 2.0875087706e-02 1.5477087376e-01 4.0206103064e-03 8.0888899390e-03 5.7396704282e-04 -1.5388938446e-04
347                2.9246848622e-02 1.5451941602e-01 3.8675501847e-03 2.1162650188e-02 1.5398176662e-01 4.0215340969e-03 8.0841984341e-03 5.3764939417e-04 -1.5398391220e-04
348                2.8999246124e-02 1.5545410092e-01 3.8689923390e-03 2.0915937951e-02 1.5488086469e-01 4.0231884700e-03 8.0833081723e-03 5.7323622848e-04 -1.5419613100e-04
349                2.9268295904e-02 1.5454200399e-01 3.8678302407e-03 2.1184181035e-02 1.5400255733e-01 4.0221818304e-03 8.0841148696e-03 5.3944666545e-04 -1.5435158966e-04
350                2.8965173034e-02 1.5542139892e-01 3.8672827989e-03 2.0880133427e-02 1.5484636144e-01 4.0219923445e-03 8.0850396065e-03 5.7503747424e-04 -1.5470954565e-04
351                2.9249573365e-02 1.5453908065e-01 3.8670755073e-03 2.1164845928e-02 1.5400273319e-01 4.0216266000e-03 8.0847274377e-03 5.3634745924e-04 -1.5455109269e-04
352                2.8979840932e-02 1.5540077465e-01 3.8692980471e-03 2.0896379688e-02 1.5482958784e-01 4.0238370488e-03 8.0834612447e-03 5.7118680780e-04 -1.5453900167e-04
353                2.9260562397e-02 1.5451536477e-01 3.8673863543e-03 2.1179162213e-02 1.5397455973e-01 4.0218776955e-03 8.0814001840e-03 5.4080503342e-04 -1.5449134121e-04
354                2.8974315526e-02 1.5538085228e-01 3.8680129639e-03 2.0888856354e-02 1.5480510903e-01 4.0224365600e-03 8.0854591720e-03 5.7574325834e-04 -1.5442359618e-04
355                2.9236413676e-02 1.5448963285e-01 3.8677426434e-03 2.1151891920e-02 1.5395164298e-01 4.0218610424e-03 8.0845217566e-03 5.3798987122e-04 -1.5411839904e-04
356                2.8981888261e-02 1.5542970855e-01 3.8695373949e-03 2.0900135264e-02 1.5485722400e-01 4.0239669336e-03 8.0817529974e-03 5.7248454940e-04 -1.5442953871e-04
357                2.9277472432e-02 1.5452384977e-01 3.8677727752e-03 2.1193937576e-02 1.5398490085e-01 4.0219781192e-03 8.0835348563e-03 5.3894892605e-04 -1.5420534395e-04
358                2.8967139206e-02 1.5538338821e-01 3.8680028826e-03 2.0879241450e-02 1.5480982385e-01 4.0221420607e-03 8.0878977564e-03 5.7356436513e-04 -1.5413917808e-04
359                2.9242427204e-02 1.5453921926e-01 3.8687028238e-03 2.1158568001e-02 1.5400062135e-01 4.0228930007e-03 8.0838592030e-03 5.3859791349e-04 -1.5419017687e-04
360                2.9008129047e-02 1.5547075773e-01 3.8702339667e-03 2.0924385353e-02 1.5489764240e-01 4.0245663721e-03 8.0837436940e-03 5.7311533086e-04 -1.5433240532e-04
361                2.9270770170e-02 1.5456350213e-01 3.8678083714e-03 2.1186686964e-02 1.5402308780e-01 4.0221416394e-03 8.0840832065e-03 5.4041432971e-04 -1.5433326795e-04
362                2.8965509212e-02 1.5546453254e-01 3.8679959164e-03 2.0880126003e-02 1.5488990039e-01 4.0224243173e-03 8.0853832096e-03 5.7463215165e-04 -1.5442840088e-04
363                2.9253396782e-02 1.5458131239e-01 3.8686366587e-03 2.1167733448e-02 1.5404463718e-01 4.0227993189e-03 8.0856633345e-03 5.3667521238e-04 -1.5416266026e-04
364                2.8989368202e-02 1.5547674754e-01 3.8694275009e-03 2.0905600986e-02 1.5490511681e-01 4.0236250426e-03 8.0837672162e-03 5.7163073031e-04 -1.5419754169e-04
365                2.9279218084e-02 1.5458719002e-01 3.8680823301e-03 2.1197748472e-02 1.5404593467e-01 4.0221236926e-03 8.0814696123e-03 5.4125534936e-04 -1.5404136254e-04
366                2.8981094387e-02 1.5548557243e-01 3.8675809449e-03 2.0895752479e-02 1.5490911393e-01 4.0216465474e-03 8.0853419077e-03 5.7645849746e-04 -1.5406560255e-04
367                2.9240317206e-02 1.5460107440e-01 3.8690136240e-03 2.1155056568e-02 1.5406372509e-01 4.0230485810e-03 8.0852606379e-03 5.3734930905e-04 -1.5403495697e-04
368                2.8985352706e-02 1.5553125713e-01 3.8703959062e-03 2.0904690203e-02 1.5495893376e-01 4.0245252418e-03 8.0806625032e-03 5.7232336686e-04 -1.5412933567e-04
369                2.9286549808e-02 1.5461674499e-01 3.8683384139e-03 2.1203361279e-02 1.5407816188e-01 4.0222255067e-03 8.0831885286e-03 5.3858311903e-04 -1.5388709278e-04
370                2.8972245267e-02 1.5546819033e-01 3.8687638763e-03 2.0884985726e-02 1.5489453763e-01 4.0225668183e-03 8.0872595410e-03 5.7365269527e-04 -1.5380294194e-04
371                2.9247088215e-02 1.5461392134e-01 3.8686241058e-03 2.1164461614e-02 1.5407537234e-01 4.0223262019e-03 8.0826266018e-03 5.3854899712e-04 -1.5370209617e-04
372                2.9002802036e-02 1.5552849395e-01 3.8706310652e-03 2.0920748623e-02 1.5495527780e-01 4.0243887555e-03 8.0820534123e-03 5.7321615008e-04 -1.5375769033e-04
373                2.9263748123e-02 1.5457867736e-01 3.8686023365e-03 2.1179099653e-02 1.5403834322e-01 4.0222758830e-03 8.0846484702e-03 5.4033414313e-04 -1.5367354650e-04
374                2.8969312966e-02 1.5545535845e-01 3.8687258157e-03 2.0882191108e-02 1.5488070476e-01 4.0225978191e-03 8.0871218573e-03 5.7465369449e-04 -1.5387200342e-04
375                2.9263039741e-02 1.5457502809e-01 3.8688378907e-03 2.1176991890e-02 1.5403892863e-01 4.0223720527e-03 8.0860478509e-03 5.3609945962e-04 -1.5353416197e-04
376                2.8989889307e-02 1.5544761109e-01 3.8704283894e-03 2.0906123457e-02 1.5487615223e-01 4.0238280227e-03 8.0837658494e-03 5.7145885736e-04 -1.5339963336e-04
377                2.9266849071e-02 1.5454669053e-01 3.8692817316e-03 2.1184676586e-02 1.5400550694e-01 4.0225516623e-03 8.0821724859e-03 5.4118359828e-04 -1.5326993079e-04
378                2.8973996560e-02 1.5542258851e-01 3.8694682615e-03 2.0887366114e-02 1.5484744029e-01 4.0226134855e-03 8.0866304461e-03 5.7514822415e-04 -1.5314522401e-04
379                2.9239355471e-02 1.5453525547e-01 3.8695461449e-03 2.1152844042e-02 1.5399852224e-01 4.0225890367e-03 8.0865114295e-03 5.3673322575e-04 -1.5304289184e-04
380                2.8986577444e-02 1.5543878300e-01 3.8707269752e-03 2.0903039015e-02 1.5486635467e-01 4.0238792666e-03 8.0835384284e-03 5.7242832835e-04 -1.5315229142e-04
381                2.9285417705e-02 1.5449942681e-01 3.8689555937e-03 2.1200199852e-02 1.5396050323e-01 4.0218040240e-03 8.0852178527e-03 5.3892358323e-04 -1.5284843034e-04
382                2.8955024352e-02 1.5535372884e-01 3.8690023015e-03 2.0866563642e-02 1.5477993152e-01 4.0218174027e-03 8.0884607099e-03 5.7379732070e-04 -1.5281510122e-04
383                2.9249036540e-02 1.5449946737e-01 3.8698056868e-03 2.1164408507e-02 1.5396209707e-01 4.0225764839e-03 8.0846280335e-03 5.3737030348e-04 -1.5277079709e-04
384                2.8995950110e-02 1.5538816834e-01 3.8697634241e-03 2.0912786925e-02 1.5481435686e-01 4.0227114296e-03 8.0831631844e-03 5.7381148159e-04 -1.5294800554e-04
385                2.9261234457e-02 1.5444906864e-01 3.8686629188e-03 2.1177025241e-02 1.5390857832e-01 4.0216923287e-03 8.0842092164e-03 5.4049032038e-04 -1.5302940989e-04
386                2.8954840344e-02 1.5534608283e-01 3.8686859460e-03 2.0869153215e-02 1.5477139947e-01 4.0221365359e-03 8.0856871292e-03 5.7468336717e-04 -1.5345058992e-04
387                2.9253097935e-02 1.5446082048e-01 3.8689223696e-03 2.1166769612e-02 1.5392510276e-01 4.0223705250e-03 8.0863283231e-03 5.3571772510e-04 -1.5344815537e-04
388                2.8985193635e-02 1.5533934696e-01 3.8698303001e-03 2.0900600393e-02 1.5476793616e-01 4.0236827876e-03 8.0845932415e-03 5.7141080748e-04 -1.5385248756e-04
389                2.9267787640e-02 1.5445965044e-01 3.8669174273e-03 2.1184991805e-02 1.5391891587e-01 4.0208217639e-03 8.0827958351e-03 5.4073457026e-04 -1.5390433662e-04
390                2.8971582559e-02 1.5535150850e-01 3.8682714671e-03 2.0885210206e-02 1.5477604805e-01 4.0222191120e-03 8.0863723523e-03 5.7546044838e-04 -1.5394764491e-04
391                2.9233227682e-02 1.5445882311e-01 3.8688678575e-03 2.1147445911e-02 1.5392214086e-01 4.0228191815e-03 8.0857817713e-03 5.3668225156e-04 -1.5395132400e-04
392                2.8979064691e-02 1.5537884461e-01 3.8693729406e-03 2.0896964131e-02 1.5480686243e-01 4.0237238688e-03 8.0821005599e-03 5.7198218259e-04 -1.5435092812e-04
393                2.9278152991e-02 1.5447398462e-01 3.8666980388e-03 2.1193823529e-02 1.5393507528e-01 4.0208013934e-03 8.0843294623e-03 5.3890934551e-04 -1.5410335453e-04
394                2.8964081338e-02 1.5534153708e-01 3.8673931224e-03 2.0876687465e-02 1.5476802897e-01 4.0215090702e-03 8.0873938727e-03 5.7350811110e-04 -1.5411594784e-04
395                2.9243292158e-02 1.5450048869e-01 3.8689021774e-03 2.1160503614e-02 1.5396238228e-01 4.0229051895e-03 8.0827885442e-03 5.3810641557e-04 -1.5400301210e-04
396                2.9004683520e-02 1.5543706988e-01 3.8698965377e-03 2.0922022206e-02 1.5486393390e-01 4.0241638673e-03 8.0826613137e-03 5.7313597975e-04 -1.5426732965e-04
397                2.9264874670e-02 1.5453598249e-01 3.8679731681e-03 2.1180775822e-02 1.5399570426e-01 4.0221166472e-03 8.0840988479e-03 5.4027823517e-04 -1.5414347903e-04
398                2.8971828748e-02 1.5544488574e-01 3.8680460141e-03 2.0885638348e-02 1.5487072874e-01 4.0224571842e-03 8.0861903996e-03 5.7415700271e-04 -1.5441117005e-04
399                2.9258294987e-02 1.5458786069e-01 3.8679549753e-03 2.1171936549e-02 1.5405105569e-01 4.0222758061e-03 8.0863584381e-03 5.3680499899e-04 -1.5432083075e-04
400                2.8996165568e-02 1.5548659866e-01 3.8693060171e-03 2.0911176184e-02 1.5491526707e-01 4.0238704569e-03 8.0849893838e-03 5.7133158887e-04 -1.5456443977e-04
401                2.9271125598e-02 1.5460570701e-01 3.8673520680e-03 2.1187627570e-02 1.5406514131e-01 4.0219752388e-03 8.0834980283e-03 5.4056569970e-04 -1.5462317075e-04
402                2.8974862877e-02 1.5548116847e-01 3.8680181593e-03 2.0886740366e-02 1.5490624184e-01 4.0226818999e-03 8.0881225110e-03 5.7492662362e-04 -1.5466374059e-04
403                2.9241741859e-02 1.5459598869e-01 3.8677648284e-03 2.1154580975e-02 1.5405846345e-01 4.0222632566e-03 8.0871608844e-03 5.3752524417e-04 -1.5449842823e-04
404                2.8991381029e-02 1.5551152705e-01 3.8691347198e-03 2.0907502602e-02 1.5493967456e-01 4.0237539543e-03 8.0838784263e-03 5.7185249661e-04 -1.5461923454e-04
405                2.9283584508e-02 1.5458795152e-01 3.8676706104e-03 2.1198391264e-02 1.5404907386e-01 4.0221174450e-03 8.0851932448e-03 5.3887765930e-04 -1.5444683467e-04
406                2.8967703627e-02 1.5543075767e-01 3.8676472690e-03 2.0878433140e-02 1.5485652626e-01 4.0220382376e-03 8.0892704865e-03 5.7423141017e-04 -1.5439096853e-04
407                2.9252820681e-02 1.5458439131e-01 3.8683078288e-03 2.1168190863e-02 1.5404610717e-01 4.0224341087e-03 8.0846298186e-03 5.3828414441e-04 -1.5412627985e-04
408                2.9004736168e-02 1.5551322614e-01 3.8688552730e-03 2.0921421717e-02 1.5494004723e-01 4.0228972915e-03 8.0833144512e-03 5.7317891329e-04 -1.5404201850e-04
409                2.9267001492e-02 1.5457873224e-01 3.8684006922e-03 2.1183127904e-02 1.5403849161e-01 4.0222466970e-03 8.0838735875e-03 5.4024063345e-04 -1.5384600474e-04
410                2.8960488696e-02 1.5546423419e-01 3.8689073250e-03 2.0875551956e-02 1.5488905994e-01 4.0228366489e-03 8.0849367404e-03 5.7517424807e-04 -1.5392932385e-04
411                2.9251748612e-02 1.5456434663e-01 3.8685722704e-03 2.1165989009e-02 1.5402775157e-01 4.0221283583e-03 8.0857596025e-03 5.3659506433e-04 -1.5355608791e-04
412                2.8994777479e-02 1.5543449811e-01 3.8705672279e-03 2.0909941570e-02 1.5486324338e-01 4.0241713148e-03 8.0848359088e-03 5.7125472826e-04 -1.5360408692e-04
413                2.9270720388e-02 1.5453458612e-01 3.8681009451e-03 2.1188572954e-02 1.5399317921e-01 4.0215721236e-03 8.0821474338e-03 5.4140690863e-04 -1.5347117844e-04
414                2.8973260489e-02 1.5540115038e-01 3.8687722805e-03 2.0886986890e-02 1.5482541840e-01 4.0221756710e-03 8.0862735986e-03 5.7573198383e-04 -1.5340339050e-04
415                2.9230609166e-02 1.5447836645e-01 3.8695331367e-03 2.1143847216e-02 1.5394095489e-01 4.0227749408e-03 8.0867619498e-03 5.3741155824e-04 -1.5324180402e-04
416                2.8985740262e-02 1.5536747551e-01 3.8705091651e-03 2.0901766526e-02 1.5479507328e-01 4.0241045155e-03 8.0839737359e-03 5.7240223540e-04 -1.5359535044e-04
417                2.9281251387e-02 1.5443004393e-01 3.8686004769e-03 2.1196059148e-02 1.5389151196e-01 4.0218549425e-03 8.0851922394e-03 5.3853196583e-04 -1.5325446557e-04
418                2.8951181841e-02 1.5524316200e-01 3.8687284300e-03 2.0863291357e-02 1.5466943379e-01 4.0218250280e-03 8.0878904840e-03 5.7372821150e-04 -1.5309659807e-04
419                2.9230028873e-02 1.5436113967e-01 3.8703756144e-03 2.1145523443e-02 1.5382265588e-01 4.0232203800e-03 8.0845054298e-03 5.3848378815e-04 -1.5284476559e-04
420                2.8992054697e-02 1.5527912786e-01 3.8714112303e-03 2.0907692197e-02 1.5470617454e-01 4.0243226006e-03 8.0843625000e-03 5.7295332050e-04 -1.5291137032e-04
421                2.9259048891e-02 1.5434391006e-01 3.8691291023e-03 2.1173580560e-02 1.5380418288e-01 4.0219338919e-03 8.0854683316e-03 5.3972717578e-04 -1.5280478968e-04
422                2.8965897211e-02 1.5521862041e-01 3.8690882550e-03 2.0878283988e-02 1.5464446689e-01 4.0220572063e-03 8.0876132228e-03 5.7415351849e-04 -1.5296895127e-04
423                2.9247818245e-02 1.5434868727e-01 3.8696699973e-03 2.1160617111e-02 1.5381205570e-01 4.0223692776e-03 8.0872011345e-03 5.3663156798e-04 -1.5269928034e-04
424                2.8982348830e-02 1.5525403305e-01 3.8709414402e-03 2.0897557731e-02 1.5468327286e-01 4.0238367502e-03 8.0847910991e-03 5.7076019473e-04 -1.5289531006e-04
425                2.9262522562e-02 1.5437077406e-01 3.8686510808e-03 2.1180127477e-02 1.5383023816e-01 4.0216453818e-03 8.0823950850e-03 5.4053590434e-04 -1.5299430101e-04
426                2.8975524089e-02 1.5526917461e-01 3.8689366203e-03 2.0888699415e-02 1.5469415249e-01 4.0221648833e-03 8.0868246738e-03 5.7502211279e-04 -1.5322826301e-04
427                2.9233323308e-02 1.5442385558e-01 3.8684679116e-03 2.1146970992e-02 1.5388739536e-01 4.0217920440e-03 8.0863523163e-03 5.3646021635e-04 -1.5332413245e-04
428                2.8991780189e-02 1.5537266954e-01 3.8694887153e-03 2.0909135105e-02 1.5480196730e-01 4.0231854636e-03 8.0826450842e-03 5.7070224808e-04 -1.5369674834e-04
429                2.9284463878e-02 1.5446676054e-01 3.8677432367e-03 2.1201415832e-02 1.5392841675e-01 4.0213763020e-03 8.0830480463e-03 5.3834378746e-04 -1.5363306523e-04
430                2.8957848331e-02 1.5534783868e-01 3.8686150013e-03 2.0871097727e-02 1.5477464986e-01 4.0224131339e-03 8.0867506046e-03 5.7318881977e-04 -1.5379813261e-04
431                2.9243028916e-02 1.5449758899e-01 3.8683179164e-03 2.1159838288e-02 1.5395979191e-01 4.0220600388e-03 8.0831906284e-03 5.3779707578e-04 -1.5374212240e-04
432                2.9002239089e-02 1.5542778367e-01 3.8681431234e-03 2.0919783032e-02 1.5485460437e-01 4.0220044038e-03 8.0824560569e-03 5.7317929700e-04 -1.5386128037e-04
433                2.9273402515e-02 1.5452253218e-01 3.8673308788e-03 2.1190679384e-02 1.5398250315e-01 4.0211586069e-03 8.0827231312e-03 5.4002902910e-04 -1.5382772809e-04
434                2.8962754798e-02 1.5542391071e-01 3.8676704267e-03 2.0879006507e-02 1.5484906873e-01 4.0218017700e-03 8.0837482910e-03 5.7484198008e-04 -1.5413134324e-04
435                2.9248558268e-02 1.5454978417e-01 3.8680867984e-03 2.1164365475e-02 1.5401290413e-01 4.0221708937e-03 8.0841927934e-03 5.3688003847e-04 -1.5408409538e-04
436                2.8991591945e-02 1.5545292198e-01 3.8693226173e-03 2.0908084864e-02 1.5488143341e-01 4.0235517454e-03 8.0835070810e-03 5.7148857577e-04 -1.5422912809e-04
437                2.9275677752e-02 1.5458067416e-01 3.8674680431e-03 2.1193680210e-02 1.5404032418e-01 4.0217381816e-03 8.0819975414e-03 5.4034997781e-04 -1.5427013846e-04
438                2.8980568677e-02 1.5547504611e-01 3.8680441923e-03 2.0894339349e-02 1.5489944641e-01 4.0223536843e-03 8.0862293275e-03 5.7559969781e-04 -1.5430949206e-04
439                2.9239049133e-02 1.5460205056e-01 3.8678004103e-03 2.1153131450e-02 1.5406416906e-01 4.0220692244e-03 8.0859176824e-03 5.3788149749e-04 -1.5426881403e-04
440                2.8994681670e-02 1.5554350345e-01 3.8691764388e-03 2.0912565141e-02 1.5497131652e-01 4.0238514445e-03 8.0821165290e-03 5.7218692422e-04 -1.5467500570e-04
441                2.9289046881e-02 1.5464927193e-01 3.8671008799e-03 2.1205630996e-02 1.5411044738e-01 4.0215152092e-03 8.0834158853e-03 5.3882455080e-04 -1.5441432928e-04
442                2.8970716174e-02 1.5551027691e-01 3.8680621336e-03 2.0883665438e-02 1.5493667200e-01 4.0225698866e-03 8.0870507354e-03 5.7360491367e-04 -1.5450775295e-04
443                2.9249766902e-02 1.5465900233e-01 3.8685624158e-03 2.1166656634e-02 1.5412049660e-01 4.0229321132e-03 8.0831102686e-03 5.3850572784e-04 -1.5436969735e-04
444                2.9010975263e-02 1.5559503365e-01 3.8694170523e-03 2.0928723049e-02 1.5502202045e-01 4.0238284435e-03 8.0822522142e-03 5.7301320533e-04 -1.5441139116e-04
445                2.9275270305e-02 1.5469681198e-01 3.8680531001e-03 2.1192336203e-02 1.5415692954e-01 4.0223936794e-03 8.0829341025e-03 5.3988243859e-04 -1.5434057932e-04
446                2.8972409614e-02 1.5556267361e-01 3.8688896222e-03 2.0887262917e-02 1.5498811745e-01 4.0234475875e-03 8.0851466974e-03 5.7455615674e-04 -1.5455796529e-04
447                2.9259024587e-02 1.5468256607e-01 3.8681404374e-03 2.1173253314e-02 1.5414567048e-01 4.0224911023e-03 8.0857712724e-03 5.3689558552e-04 -1.5435066490e-04
448                2.8995199105e-02 1.5555955372e-01 3.8694626825e-03 2.0910951017e-02 1.5498879778e-01 4.0237927624e-03 8.0842480884e-03 5.7075594217e-04 -1.5433007995e-04
449                2.9275150057e-02 1.5465908214e-01 3.8681215988e-03 2.1193385209e-02 1.5411819030e-01 4.0222403741e-03 8.0817648480e-03 5.4089184303e-04 -1.5411877533e-04
450                2.8977038306e-02 1.5551094534e-01 3.8695415841e-03 2.0891012019e-02 1.5493560786e-01 4.0236732141e-03 8.0860262878e-03 5.7533748623e-04 -1.5413162995e-04
451                2.9237789576e-02 1.5459777288e-01 3.8687518892e-03 2.1151460282e-02 1.5406008797e-01 4.0227849908e-03 8.0863292938e-03 5.3768490638e-04 -1.5403310165e-04
452                2.8994822824e-02 1.5549329360e-01 3.8686436595e-03 2.0910396413e-02 1.5492097728e-01 4.0229005404e-03 8.0844264113e-03 5.7231632016e-04 -1.5425688092e-04
453                2.9294696247e-02 1.5456391600e-01 3.8678862135e-03 2.1209252993e-02 1.5402549492e-01 4.0218575703e-03 8.0854432541e-03 5.3842108577e-04 -1.5397135678e-04
454                2.8961575456e-02 1.5539936038e-01 3.8686106651e-03 2.0875027130e-02 1.5482513195e-01 4.0224658600e-03 8.0865483263e-03 5.7422843381e-04 -1.5385519487e-04
455                2.9242808453e-02 1.5451841097e-01 3.8692434124e-03 2.1159378451e-02 1.5398013092e-01 4.0228960511e-03 8.0834300018e-03 5.3828005073e-04 -1.5365263863e-04
456                2.8997509164e-02 1.5543581869e-01 3.8700041624e-03 2.0914951296e-02 1.5486227869e-01 4.0237014767e-03 8.0825578677e-03 5.7353999546e-04 -1.5369731423e-04
457                2.9265538067e-02 1.5451809161e-01 3.8671071102e-03 2.1181157548e-02 1.5397791994e-01 4.0205935786e-03 8.0843805188e-03 5.4017167696e-04 -1.5348646839e-04
458                2.8968527878e-02 1.5538775713e-01 3.8694581962e-03 2.0882807015e-02 1.5481397610e-01 4.0227983555e-03 8.0857208623e-03 5.7378102868e-04 -1.5334015931e-04
459                2.9248067828e-02 1.5448902944e-01 3.8693044146e-03 2.1162538106e-02 1.5395179807e-01 4.0223281435e-03 8.0855297221e-03 5.3723136930e-04 -1.5302372889e-04
460                2.8986831861e-02 1.5535942879e-01 3.8712994893e-03 2.0902643176e-02 1.5478801763e-01 4.0243116196e-03 8.0841886851e-03 5.7141115727e-04 -1.5301213026e-04
461                2.9268505998e-02 1.5447298306e-01 3.8686020735e-03 2.1186285698e-02 1.5393222081e-01 4.0214302168e-03 8.0822203003e-03 5.4076225144e-04 -1.5282814324e-04
462                2.8974112884e-02 1.5534072537e-01 3.8694874635e-03 2.0887412074e-02 1.5476573322e-01 4.0222953041e-03 8.0867008096e-03 5.7499215544e-04 -1.5280784062e-04
463                2.9227563631e-02 1.5443742986e-01 3.8695117602e-03 2.1141318531e-02 1.5390001263e-01 4.0223243959e-03 8.0862450995e-03 5.3741722782e-04 -1.5281263562e-04
464                2.8985341810e-02 1.5533695068e-01 3.8704072106e-03 2.0902068892e-02 1.5476581527e-01 4.0235434143e-03 8.0832729185e-03 5.7113541380e-04 -1.5313620370e-04
465                2.9283277032e-02 1.5442290361e-01 3.8685302091e-03 2.1199099404e-02 1.5388469012e-01 4.0216370722e-03 8.0841776279e-03 5.3821349038e-04 -1.5310686310e-04
466                2.8957537585e-02 1.5528469650e-01 3.8698041580e-03 2.0869755186e-02 1.5471182455e-01 4.0231571279e-03 8.0877823992e-03 5.7287194968e-04 -1.5335296984e-04
467                2.9235651113e-02 1.5442742413e-01 3.8688936250e-03 2.1151202188e-02 1.5388974734e-01 4.0223067403e-03 8.0844489249e-03 5.3767679729e-04 -1.5341311530e-04
468                2.8998454367e-02 1.5533958338e-01 3.8690563244e-03 2.0914073207e-02 1.5476728678e-01 4.0227615070e-03 8.0843811600e-03 5.7229659242e-04 -1.5370518255e-04
469                2.9270021802e-02 1.5444365558e-01 3.8678919393e-03 2.1185229161e-02 1.5390455457e-01 4.0215865636e-03 8.0847926410e-03 5.3910101410e-04 -1.5369462437e-04
470                2.8959822644e-02 1.5532462605e-01 3.8680778462e-03 2.0874950377e-02 1.5475016609e-01 4.0219317584e-03 8.0848722671e-03 5.7445995854e-04 -1.5385391212e-04
471                2.9242774254e-02 1.5443609978e-01 3.8686224082e-03 2.1157798484e-02 1.5389956436e-01 4.0223910844e-03 8.0849757699e-03 5.3653541042e-04 -1.5376867623e-04
472                2.8984840304e-02 1.5531833114e-01 3.8697009153e-03 2.0900553211e-02 1.5474716603e-01 4.0235144587e-03 8.0842870934e-03 5.7116511288e-04 -1.5381354336e-04
473                2.9269212582e-02 1.5446700010e-01 3.8673194157e-03 2.1187975240e-02 1.5392614956e-01 4.0211550793e-03 8.0812373422e-03 5.4085053984e-04 -1.5383566355e-04
474                2.8976157865e-02 1.5533913911e-01 3.8687393968e-03 2.0891894806e-02 1.5476358719e-01 4.0226540844e-03 8.0842630591e-03 5.7555191763e-04 -1.5391468760e-04
475                2.9230158858e-02 1.5447544879e-01 3.8683532164e-03 2.1145920273e-02 1.5393729065e-01 4.0221253981e-03 8.0842385843e-03 5.3815814082e-04 -1.5377218171e-04
476                2.8985913992e-02 1.5541605211e-01 3.8691522062e-03 2.0903906749e-02 1.5484387944e-01 4.0233030354e-03 8.0820072436e-03 5.7217267844e-04 -1.5415082926e-04
477                2.9287377061e-02 1.5453553507e-01 3.8677614506e-03 2.1204073854e-02 1.5399749745e-01 4.0218513439e-03 8.0833032063e-03 5.3803761979e-04 -1.5408989330e-04
478                2.8967778209e-02 1.5538652674e-01 3.8683122140e-03 2.0880867030e-02 1.5481303820e-01 4.0226047279e-03 8.0869111796e-03 5.7348853842e-04 -1.5429251396e-04
479                2.9243767780e-02 1.5454446237e-01 3.8683529545e-03 2.1159479431e-02 1.5400579835e-01 4.0227120707e-03 8.0842883488e-03 5.3866401566e-04 -1.5435911620e-04
480                2.9003239506e-02 1.5547112414e-01 3.8690467789e-03 2.0918943054e-02 1.5489851083e-01 4.0237051241e-03 8.0842964517e-03 5.7261330959e-04 -1.5465834514e-04
481                2.9269892391e-02 1.5456410301e-01 3.8673269777e-03 2.1185216885e-02 1.5402455321e-01 4.0219873880e-03 8.0846755063e-03 5.3954979374e-04 -1.5466041030e-04
482                2.8970977800e-02 1.5544101657e-01 3.8678235315e-03 2.0885197483e-02 1.5486604417e-01 4.0225696892e-03 8.0857803171e-03 5.7497240023e-04 -1.5474615776e-04
483                2.9255502042e-02 1.5456166570e-01 3.8681349574e-03 2.1169759278e-02 1.5402453959e-01 4.0225857480e-03 8.0857427634e-03 5.3712611095e-04 -1.5445079060e-04
484                2.8983552092e-02 1.5543815740e-01 3.8695623889e-03 2.0898628654e-02 1.5486725274e-01 4.0241267660e-03 8.0849234376e-03 5.7090466393e-04 -1.5456437707e-04
485                2.9271109705e-02 1.5453511674e-01 3.8676797668e-03 2.1189289628e-02 1.5399362707e-01 4.0219984523e-03 8.0818200776e-03 5.4148966447e-04 -1.5431868549e-04
486                2.8982183507e-02 1.5542548667e-01 3.8672893631e-03 2.0896684762e-02 1.5484886350e-01 4.0215988195e-03 8.0854987447e-03 5.7662317084e-04 -1.5430945647e-04
487                2.9237431619e-02 1.5454279207e-01 3.8683394385e-03 2.1151320696e-02 1.5400518259e-01 4.0224333406e-03 8.0861109233e-03 5.3760948096e-04 -1.5409390212e-04
488                2.8985318060e-02 1.5547332669e-01 3.8689398522e-03 2.0902804441e-02 1.5490142215e-01 4.0230585241e-03 8.0825136188e-03 5.7190453479e-04 -1.5411867187e-04
489                2.9288040283e-02 1.5453363950e-01 3.8683377333e-03 2.1204768208e-02 1.5399561222e-01 4.0222787370e-03 8.0832720757e-03 5.3802728085e-04 -1.5394100365e-04
490                2.8959600566e-02 1.5538134231e-01 3.8688477249e-03 2.0873492558e-02 1.5480671869e-01 4.0227147614e-03 8.0861080087e-03 5.7462361973e-04 -1.5386703647e-04
491                2.9236727492e-02 1.5451786743e-01 3.8684578287e-03 2.1152876826e-02 1.5397960273e-01 4.0221209272e-03 8.0838506665e-03 5.3826470312e-04 -1.5366309844e-04
492                2.8998496042e-02 1.5541761992e-01 3.8704760887e-03 2.0914798038e-02 1.5484483232e-01 4.0240300566e-03 8.0836980044e-03 5.7278759593e-04 -1.5355396792e-04
493                2.9269042968e-02 1.5448299862e-01 3.8688610784e-03 2.1184320075e-02 1.5394310581e-01 4.0223401321e-03 8.0847228928e-03 5.3989281001e-04 -1.5347905363e-04
494                2.8966588636e-02 1.5534844050e-01 3.8688419644e-03 2.0881052568e-02 1.5477363555e-01 4.0224367289e-03 8.0855360684e-03 5.7480494997e-04 -1.5359476451e-04
495                2.9243344450e-02 1.5442858696e-01 3.8682253212e-03 2.1156656000e-02 1.5389148286e-01 4.0215122393e-03 8.0866884507e-03 5.3710410010e-04 -1.5328691815e-04
496                2.8973451248e-02 1.5528358242e-01 3.8705971900e-03 2.0887874483e-02 1.5471244848e-01 4.0239114177e-03 8.0855767649e-03 5.7113394247e-04 -1.5331422767e-04
497                2.9265689239e-02 1.5438410160e-01 3.8694351529e-03 2.1182922296e-02 1.5384384541e-01 4.0225712613e-03 8.0827669424e-03 5.4025618965e-04 -1.5313610836e-04
498                2.8969650500e-02 1.5522779350e-01 3.8691895056e-03 2.0883264218e-02 1.5465229438e-01 4.0221676439e-03 8.0863862827e-03 5.7549911819e-04 -1.5297813826e-04
499                2.9222686237e-02 1.5432702600e-01 3.8693470778e-03 2.1135391124e-02 1.5378890117e-01 4.0221203281e-03 8.0872951131e-03 5.3812483279e-04 -1.5277325036e-04
500                2.8978230395e-02 1.5525494423e-01 3.8712883242e-03 2.0893693048e-02 1.5468382936e-01 4.0242597676e-03 8.0845373469e-03 5.7111486188e-04 -1.5297144343e-04
