# Force           
# CofR            : (0.0000000000e+00 0.0000000000e+00 0.0000000000e+00)
#
# Time            	total_x total_y total_z	pressure_x pressure_y pressure_z	viscous_x viscous_y viscous_z
1                  5.4100512913e-01 5.9044677343e-02 -1.0555354837e-03 5.0113138097e-01 5.9237958934e-02 -1.0610644803e-03 3.9873748162e-02 -1.9328159174e-04 5.5289966558e-06
2                  1.3086227751e-01 1.9808548441e-01 9.4418575303e-03 1.0007866207e-01 1.9653613754e-01 9.4621372856e-03 3.0783615438e-02 1.5493468705e-03 -2.0279755351e-05
3                  -1.0767672712e-01 1.8303734535e-01 7.7877896516e-03 -1.3342140053e-01 1.8210223778e-01 7.8630742682e-03 2.5744673406e-02 9.3510756713e-04 -7.5284616605e-05
4                  -3.7479384486e-02 5.6122183736e-02 2.6041933141e-04 -6.1690413251e-02 5.6364198068e-02 3.3849500180e-04 2.4211028765e-02 -2.4201433135e-04 -7.8075670394e-05
5                  7.5718666497e-02 8.7981969033e-02 8.8500802009e-04 5.3270178568e-02 8.8024103167e-02 9.1139068882e-04 2.2448487929e-02 -4.2134134381e-05 -2.6382668733e-05
6                  8.5371594772e-02 1.7490833792e-01 5.2672056317e-03 6.4977004967e-02 1.7446665613e-01 5.2872207682e-03 2.0394589806e-02 4.4168178317e-04 -2.0015136455e-05
7                  4.0478106112e-02 1.6417727327e-01 5.2798094046e-03 2.2113086667e-02 1.6365887839e-01 5.3321705753e-03 1.8365019446e-02 5.1839487932e-04 -5.2361170701e-05
8                  2.2248084754e-02 1.3368487941e-01 3.2099794694e-03 5.4380388062e-03 1.3324260028e-01 3.2685696781e-03 1.6810045947e-02 4.4227913154e-04 -5.8590208725e-05
9                  3.3031679121e-02 1.5198844511e-01 3.2581555249e-03 1.7480126780e-02 1.5163019155e-01 3.3025203749e-03 1.5551552340e-02 3.5825355955e-04 -4.4364850082e-05
10                 3.7019421002e-02 1.7407804955e-01 4.3742330721e-03 2.2544183632e-02 1.7369066582e-01 4.4170716200e-03 1.4475237370e-02 3.8738372951e-04 -4.2838547879e-05
11                 3.2016841355e-02 1.6115410932e-01 4.3291791263e-03 1.8274132243e-02 1.6080735520e-01 4.3791091243e-03 1.3742709112e-02 3.4675411939e-04 -4.9929997999e-05
12                 3.1582857372e-02 1.5510949383e-01 3.6536076411e-03 1.8381845838e-02 1.5468905628e-01 3.7053117398e-03 1.3201011534e-02 4.2043754927e-04 -5.1704098744e-05
13                 3.4858401990e-02 1.6772142532e-01 3.5867384312e-03 2.2228464053e-02 1.6732750618e-01 3.6389462313e-03 1.2629937937e-02 3.9391913691e-04 -5.2207800118e-05
14                 3.1971811142e-02 1.7868665848e-01 3.9090108531e-03 1.9919138876e-02 1.7822235447e-01 3.9655729693e-03 1.2052672265e-02 4.6430401415e-04 -5.6562116217e-05
15                 2.8868292538e-02 1.7227806975e-01 3.9864923532e-03 1.7189329226e-02 1.7187630010e-01 4.0469633426e-03 1.1678963312e-02 4.0176965107e-04 -6.0470989453e-05
16                 3.0452768299e-02 1.6938297098e-01 3.8701874598e-03 1.8939139369e-02 1.6894445205e-01 3.9327734056e-03 1.1513628930e-02 4.3851893028e-04 -6.2585945749e-05
17                 3.3348922176e-02 1.7688893941e-01 3.8641007370e-03 2.2069530033e-02 1.7648872411e-01 3.9291920773e-03 1.1279392143e-02 4.0021530365e-04 -6.5091340278e-05
18                 3.1151503492e-02 1.8677482319e-01 3.9080672073e-03 2.0272850078e-02 1.8629367371e-01 3.9776785836e-03 1.0878653414e-02 4.8114948471e-04 -6.9611376282e-05
19                 2.8178949043e-02 1.8758793191e-01 3.8462407017e-03 1.7678961655e-02 1.8713991681e-01 3.9188765934e-03 1.0499987387e-02 4.4801510462e-04 -7.2635891642e-05
20                 2.8705170449e-02 1.8547437578e-01 3.7764394889e-03 1.8336556902e-02 1.8498840255e-01 3.8496401166e-03 1.0368613547e-02 4.8597323176e-04 -7.3200627719e-05
21                 3.2339063329e-02 1.8513469178e-01 3.8180732287e-03 2.1977423438e-02 1.8469483198e-01 3.8923716020e-03 1.0361639891e-02 4.3985980818e-04 -7.4298373307e-05
22                 3.2713142625e-02 1.9146158515e-01 3.9117833644e-03 2.2473249699e-02 1.9096730786e-01 3.9898928521e-03 1.0239892925e-02 4.9427729051e-04 -7.8109487653e-05
23                 3.0271305559e-02 1.9745753245e-01 3.9332999302e-03 2.0385244442e-02 1.9699756752e-01 4.0160814605e-03 9.8860611172e-03 4.5996493045e-04 -8.2781530312e-05
24                 2.7994592291e-02 2.0083612722e-01 3.8727416581e-03 1.8442669480e-02 2.0031954522e-01 3.9581357678e-03 9.5519228103e-03 5.1658199670e-04 -8.5394109793e-05
25                 2.9386046144e-02 2.0153613537e-01 3.8245657568e-03 1.9929810374e-02 2.0105644469e-01 3.9103152833e-03 9.4562357696e-03 4.7969068047e-04 -8.5749526571e-05
26                 3.1296620837e-02 2.0279364626e-01 3.8418843017e-03 2.1813290901e-02 2.0227705354e-01 3.9290239382e-03 9.4833299359e-03 5.1659272149e-04 -8.7139636474e-05
27                 3.2158431402e-02 2.0414581087e-01 3.8843850956e-03 2.2709773837e-02 2.0367345963e-01 3.9739675385e-03 9.4486575649e-03 4.7235123702e-04 -8.9582442959e-05
28                 3.0676616276e-02 2.0638219596e-01 3.9113792718e-03 2.1411363376e-02 2.0586066906e-01 4.0044938898e-03 9.2652528998e-03 5.2152690282e-04 -9.3114617937e-05
29                 2.9913301240e-02 2.0838593021e-01 3.9083347592e-03 2.0848720088e-02 2.0789591320e-01 4.0047414653e-03 9.0645811525e-03 4.9001701253e-04 -9.6406706154e-05
30                 2.9772130417e-02 2.1109726230e-01 3.8902480435e-03 2.0827375798e-02 2.1056321991e-01 3.9891353449e-03 8.9447546188e-03 5.3404239105e-04 -9.8887301404e-05
31                 3.0845217139e-02 2.1179488069e-01 3.8801953217e-03 2.1936584898e-02 2.1130328796e-01 3.9803319387e-03 8.9086322416e-03 4.9159272626e-04 -1.0013661703e-04
32                 3.1038469178e-02 2.1316989182e-01 3.8793064465e-03 2.2162002075e-02 2.1263609476e-01 3.9819741464e-03 8.8764671029e-03 5.3379705391e-04 -1.0266769987e-04
33                 3.1118286079e-02 2.1354526298e-01 3.8916603522e-03 2.2303915792e-02 2.1304244781e-01 3.9970217312e-03 8.8143702871e-03 5.0281517636e-04 -1.0536137895e-04
34                 3.0458833060e-02 2.1455907841e-01 3.9105626561e-03 2.1730980453e-02 2.1401211306e-01 4.0185529277e-03 8.7278526069e-03 5.4696534389e-04 -1.0799027163e-04
35                 3.0644590504e-02 2.1418920029e-01 3.9209078926e-03 2.2003824867e-02 2.1367615114e-01 4.0311822283e-03 8.6407656372e-03 5.1304914591e-04 -1.1027433568e-04
36                 3.0560351667e-02 2.1475630660e-01 3.9126182996e-03 2.1980561340e-02 2.1420308824e-01 4.0255050148e-03 8.5797903267e-03 5.5321836157e-04 -1.1288671515e-04
37                 3.0891285424e-02 2.1433182443e-01 3.9016831557e-03 2.2352682178e-02 2.1380716312e-01 4.0167178721e-03 8.5386032460e-03 5.2466130992e-04 -1.1503471644e-04
38                 3.0623459593e-02 2.1494390272e-01 3.9013151048e-03 2.2118057452e-02 2.1438149364e-01 4.0187933978e-03 8.5054021406e-03 5.6240908658e-04 -1.1747829302e-04
39                 3.0849591160e-02 2.1408678973e-01 3.9144627744e-03 2.2387377866e-02 2.1355904906e-01 4.0342575962e-03 8.4622132939e-03 5.2774066410e-04 -1.1979482177e-04
40                 3.0581528116e-02 2.1433668903e-01 3.9236918165e-03 2.2166731598e-02 2.1376993365e-01 4.0460008014e-03 8.4147965182e-03 5.6675538407e-04 -1.2230898489e-04
41                 3.0786757920e-02 2.1322955209e-01 3.9246229891e-03 2.2403830244e-02 2.1268843658e-01 4.0488437055e-03 8.3829276755e-03 5.4111551428e-04 -1.2422071640e-04
42                 3.0490478564e-02 2.1324437836e-01 3.9179835126e-03 2.2131591629e-02 2.1266829688e-01 4.0445254108e-03 8.3588869348e-03 5.7608147750e-04 -1.2654189822e-04
43                 3.0731785312e-02 2.1195420568e-01 3.9165287531e-03 2.2398962736e-02 2.1141253022e-01 4.0448996848e-03 8.3328225759e-03 5.4167546060e-04 -1.2837093173e-04
44                 3.0460577371e-02 2.1173163955e-01 3.9173868767e-03 2.2161404745e-02 2.1115202176e-01 4.0480139802e-03 8.2991726262e-03 5.7961778120e-04 -1.3062710354e-04
45                 3.0625164605e-02 2.0999920521e-01 3.9233429170e-03 2.2338572463e-02 2.0944577510e-01 4.0557528816e-03 8.2865921421e-03 5.5343010239e-04 -1.3240996466e-04
46                 3.0265746326e-02 2.0948876594e-01 3.9246337863e-03 2.1996519628e-02 2.0889976580e-01 4.0590806429e-03 8.2692266978e-03 5.8900014050e-04 -1.3444685660e-04
47                 3.0519968252e-02 2.0760497867e-01 3.9241010710e-03 2.2259181289e-02 2.0705208428e-01 4.0602787573e-03 8.2607869631e-03 5.5289439083e-04 -1.3617768623e-04
48                 3.0225716425e-02 2.0670774936e-01 3.9198122356e-03 2.1986947264e-02 2.0611916406e-01 4.0576651151e-03 8.2387691613e-03 5.8858529569e-04 -1.3785287944e-04
49                 3.0340965035e-02 2.0444297158e-01 3.9185018044e-03 2.2107708206e-02 2.0387755893e-01 4.0577070681e-03 8.2332568290e-03 5.6541265210e-04 -1.3920526375e-04
50                 2.9955634019e-02 2.0339643742e-01 3.9215382526e-03 2.1734482552e-02 2.0279372557e-01 4.0625245454e-03 8.2211514666e-03 6.0271185338e-04 -1.4098629271e-04
51                 3.0196271394e-02 2.0093091170e-01 3.9227083720e-03 2.1975332633e-02 2.0036518331e-01 4.0650054522e-03 8.2209387608e-03 5.6572838962e-04 -1.4229708016e-04
52                 2.9885340454e-02 1.9970734183e-01 3.9181192754e-03 2.1679795423e-02 1.9910444314e-01 4.0619597630e-03 8.2055450309e-03 6.0289869333e-04 -1.4384048761e-04
53                 3.0039315843e-02 1.9713606994e-01 3.9137439258e-03 2.1832913412e-02 1.9656128232e-01 4.0588151924e-03 8.2064024310e-03 5.7478762609e-04 -1.4507126650e-04
54                 2.9667762792e-02 1.9582216804e-01 3.9151659129e-03 2.1466950978e-02 1.9521487184e-01 4.0616221848e-03 8.2008118134e-03 6.0729620319e-04 -1.4645627190e-04
55                 2.9879383004e-02 1.9328143789e-01 3.9163687183e-03 2.1676589280e-02 1.9270861586e-01 4.0637834641e-03 8.2027937242e-03 5.7282203170e-04 -1.4741474579e-04
56                 2.9618778960e-02 1.9210377909e-01 3.9137893285e-03 2.1428922103e-02 1.9149659004e-01 4.0623510766e-03 8.1898568573e-03 6.0718904851e-04 -1.4856174813e-04
57                 2.9787634612e-02 1.8958671333e-01 3.9080072638e-03 2.1594024797e-02 1.8900947908e-01 4.0576745295e-03 8.1936098143e-03 5.7723424644e-04 -1.4966726578e-04
58                 2.9428555515e-02 1.8848373260e-01 3.9099101844e-03 2.1238702771e-02 1.8787425670e-01 4.0603309497e-03 8.1898527442e-03 6.0947589363e-04 -1.5042076538e-04
59                 2.9669897443e-02 1.8608980652e-01 3.9076031169e-03 2.1477164144e-02 1.8551479451e-01 4.0591212687e-03 8.1927332995e-03 5.7501200551e-04 -1.5151815177e-04
60                 2.9429819438e-02 1.8507578078e-01 3.9050806525e-03 2.1246040359e-02 1.8447037476e-01 4.0574382401e-03 8.1837790789e-03 6.0540601814e-04 -1.5235758761e-04
61                 2.9599967436e-02 1.8281644543e-01 3.9001767958e-03 2.1414474494e-02 1.8224044277e-01 4.0530695901e-03 8.1854929422e-03 5.7600265958e-04 -1.5289279426e-04
62                 2.9267683717e-02 1.8199192718e-01 3.9018163145e-03 2.1084766068e-02 1.8138321009e-01 4.0553148386e-03 8.1829176490e-03 6.0871708916e-04 -1.5349852409e-04
63                 2.9512250009e-02 1.7988356422e-01 3.9022122127e-03 2.1326791594e-02 1.7931144045e-01 4.0560250443e-03 8.1854584144e-03 5.7212376686e-04 -1.5381283162e-04
64                 2.9282062142e-02 1.7917629251e-01 3.8983382999e-03 2.1103719877e-02 1.7857345619e-01 4.0524876078e-03 8.1783422649e-03 6.0283632329e-04 -1.5414930796e-04
65                 2.9475086360e-02 1.7718017174e-01 3.8962746404e-03 2.1294505564e-02 1.7660874957e-01 4.0508280172e-03 8.1805807962e-03 5.7142217003e-04 -1.5455337684e-04
66                 2.9159605921e-02 1.7658969898e-01 3.8939681175e-03 2.0981244337e-02 1.7598717649e-01 4.0487414410e-03 8.1783615836e-03 6.0252248360e-04 -1.5477332343e-04
67                 2.9399088221e-02 1.7465695640e-01 3.8964739481e-03 2.1220497870e-02 1.7408975087e-01 4.0512474376e-03 8.1785903513e-03 5.6720553082e-04 -1.5477348947e-04
68                 2.9160980787e-02 1.7423907265e-01 3.8920709411e-03 2.0991223532e-02 1.7363800825e-01 4.0471736430e-03 8.1697572550e-03 6.0106440670e-04 -1.5510270186e-04
69                 2.9395590787e-02 1.7246131696e-01 3.8901468585e-03 2.1222955524e-02 1.7189340561e-01 4.0452199621e-03 8.1726352628e-03 5.6791134798e-04 -1.5507310355e-04
70                 2.9078702359e-02 1.7220966345e-01 3.8874112170e-03 2.0909913469e-02 1.7161016374e-01 4.0425369128e-03 8.1687888905e-03 5.9949971758e-04 -1.5512569581e-04
71                 2.9343436615e-02 1.7053796326e-01 3.8909401173e-03 2.1174594868e-02 1.6997470287e-01 4.0462931172e-03 8.1688417470e-03 5.6326038368e-04 -1.5535299993e-04
72                 2.9110174005e-02 1.7032113799e-01 3.8875452207e-03 2.0946943117e-02 1.6972677381e-01 4.0431638835e-03 8.1632308874e-03 5.9436417480e-04 -1.5561866276e-04
73                 2.9334492461e-02 1.6877470597e-01 3.8845572315e-03 2.1170150771e-02 1.6821156013e-01 4.0405489838e-03 8.1643416894e-03 5.6314584426e-04 -1.5599175229e-04
74                 2.9049390357e-02 1.6877220637e-01 3.8832642360e-03 2.0891503988e-02 1.6817552011e-01 4.0396512289e-03 8.1578863681e-03 5.9668625840e-04 -1.5638699296e-04
75                 2.9313436657e-02 1.6725140189e-01 3.8855122386e-03 2.1152837000e-02 1.6669013170e-01 4.0423398070e-03 8.1605996568e-03 5.6127018585e-04 -1.5682756843e-04
76                 2.9054795368e-02 1.6734925303e-01 3.8815730363e-03 2.0902262122e-02 1.6675443125e-01 4.0388179871e-03 8.1525332457e-03 5.9482177998e-04 -1.5724495086e-04
77                 2.9318977765e-02 1.6600283393e-01 3.8799033007e-03 2.1164990483e-02 1.6544326211e-01 4.0373693190e-03 8.1539872829e-03 5.5957182356e-04 -1.5746601821e-04
78                 2.9038517455e-02 1.6608032921e-01 3.8781736142e-03 2.0887189850e-02 1.6548948049e-01 4.0356034296e-03 8.1513276055e-03 5.9084872439e-04 -1.5742981538e-04
79                 2.9278808526e-02 1.6479149683e-01 3.8797280794e-03 2.1127030442e-02 1.6423309043e-01 4.0373245431e-03 8.1517780833e-03 5.5840639696e-04 -1.5759646377e-04
80                 2.9047725524e-02 1.6507606965e-01 3.8760711886e-03 2.0905768300e-02 1.6448441673e-01 4.0340456163e-03 8.1419572243e-03 5.9165292106e-04 -1.5797442767e-04
81                 2.9297643607e-02 1.6378644316e-01 3.8751495114e-03 2.1150366134e-02 1.6322744458e-01 4.0326094011e-03 8.1472774738e-03 5.5899858415e-04 -1.5745988975e-04
82                 2.9005126295e-02 1.6412543073e-01 3.8754381337e-03 2.0862411278e-02 1.6353474709e-01 4.0329651305e-03 8.1427150163e-03 5.9068364847e-04 -1.5752699679e-04
83                 2.9296884522e-02 1.6289362405e-01 3.8777307739e-03 2.1151219549e-02 1.6233799935e-01 4.0349988840e-03 8.1456649730e-03 5.5562469132e-04 -1.5726811011e-04
84                 2.9035923953e-02 1.6325008619e-01 3.8746360262e-03 2.0899923711e-02 1.6266377441e-01 4.0316639719e-03 8.1360002416e-03 5.8631177777e-04 -1.5702794570e-04
85                 2.9279944733e-02 1.6202355414e-01 3.8744793058e-03 2.1141450767e-02 1.6146630152e-01 4.0310367743e-03 8.1384939660e-03 5.5725261461e-04 -1.5655746856e-04
86                 2.8999663979e-02 1.6242357087e-01 3.8730275137e-03 2.0864564703e-02 1.6183420267e-01 4.0297032194e-03 8.1350992757e-03 5.8936820931e-04 -1.5667570570e-04
87                 2.9263044745e-02 1.6125935233e-01 3.8762978411e-03 2.1123854659e-02 1.6070579172e-01 4.0326739784e-03 8.1391900865e-03 5.5356061418e-04 -1.5637613726e-04
88                 2.9023529185e-02 1.6172765125e-01 3.8728619029e-03 2.0892893344e-02 1.6114332691e-01 4.0292943674e-03 8.1306358409e-03 5.8432434464e-04 -1.5643246447e-04
89                 2.9290529589e-02 1.6057317602e-01 3.8732681268e-03 2.1156877901e-02 1.6001966586e-01 4.0296370181e-03 8.1336516883e-03 5.5351016151e-04 -1.5636889125e-04
90                 2.8991771847e-02 1.6100126704e-01 3.8711582270e-03 2.0859680620e-02 1.6041524811e-01 4.0274070396e-03 8.1320912269e-03 5.8601893425e-04 -1.5624881266e-04
91                 2.9258710406e-02 1.5988859898e-01 3.8739486158e-03 2.1124841958e-02 1.5933800083e-01 4.0302081619e-03 8.1338684474e-03 5.5059815096e-04 -1.5625954607e-04
92                 2.9015783695e-02 1.6036915694e-01 3.8702206366e-03 2.0892400179e-02 1.5978292739e-01 4.0269475413e-03 8.1233835162e-03 5.8622954942e-04 -1.5672690474e-04
93                 2.9262126088e-02 1.5927873496e-01 3.8714732357e-03 2.1132895422e-02 1.5872470480e-01 4.0279437610e-03 8.1292306663e-03 5.5403016588e-04 -1.5647052538e-04
94                 2.8970346102e-02 1.5986083611e-01 3.8703623425e-03 2.0844986589e-02 1.5927614442e-01 4.0267919171e-03 8.1253595130e-03 5.8469168994e-04 -1.5642957454e-04
95                 2.9263199793e-02 1.5866508839e-01 3.8717671868e-03 2.1132721958e-02 1.5811568642e-01 4.0280934310e-03 8.1304778357e-03 5.4940196186e-04 -1.5632624418e-04
96                 2.9006270173e-02 1.5920073782e-01 3.8705142686e-03 2.0885437977e-02 1.5861668495e-01 4.0267699079e-03 8.1208321958e-03 5.8405287276e-04 -1.5625563937e-04
97                 2.9254539520e-02 1.5817888463e-01 3.8698306685e-03 2.1129741151e-02 1.5762534571e-01 4.0258000031e-03 8.1247983691e-03 5.5353892107e-04 -1.5596933462e-04
98                 2.8978067723e-02 1.5874716855e-01 3.8692224946e-03 2.0859055758e-02 1.5816116676e-01 4.0253350291e-03 8.1190119646e-03 5.8600179966e-04 -1.5611253444e-04
99                 2.9243680965e-02 1.5762270616e-01 3.8717371004e-03 2.1119165169e-02 1.5707165244e-01 4.0274716928e-03 8.1245157958e-03 5.5105372284e-04 -1.5573459232e-04
100                2.8980002214e-02 1.5834683798e-01 3.8695606181e-03 2.0865407496e-02 1.5776486249e-01 4.0256126230e-03 8.1145947183e-03 5.8197548699e-04 -1.5605200491e-04
101                2.9249847510e-02 1.5728769132e-01 3.8693051407e-03 2.1128361599e-02 1.5673742075e-01 4.0251522132e-03 8.1214859113e-03 5.5027056503e-04 -1.5584707247e-04
102                2.8982242328e-02 1.5784812985e-01 3.8675129814e-03 2.0862932091e-02 1.5726788834e-01 4.0235902375e-03 8.1193102368e-03 5.8024151361e-04 -1.5607725615e-04
103                2.9236267207e-02 1.5688212228e-01 3.8696072673e-03 2.1112355474e-02 1.5633529566e-01 4.0254242026e-03 8.1239117330e-03 5.4682662316e-04 -1.5581693529e-04
104                2.8983926115e-02 1.5758489147e-01 3.8681411209e-03 2.0872576770e-02 1.5700524894e-01 4.0245054788e-03 8.1113493449e-03 5.7964253394e-04 -1.5636435784e-04
105                2.9252465947e-02 1.5657237750e-01 3.8684535365e-03 2.1132195186e-02 1.5602305633e-01 4.0245290598e-03 8.1202707612e-03 5.4932117259e-04 -1.5607552324e-04
106                2.8970744246e-02 1.5723293417e-01 3.8700095512e-03 2.0853787695e-02 1.5665325583e-01 4.0260879323e-03 8.1169565506e-03 5.7967834013e-04 -1.5607838104e-04
107                2.9235635094e-02 1.5626089876e-01 3.8678019280e-03 2.1114400856e-02 1.5571513269e-01 4.0238486902e-03 8.1212342372e-03 5.4576606417e-04 -1.5604676216e-04
108                2.8995022029e-02 1.5696031993e-01 3.8667751240e-03 2.0883460106e-02 1.5638278912e-01 4.0228893739e-03 8.1115619227e-03 5.7753081181e-04 -1.5611424986e-04
109                2.9251703289e-02 1.5602499122e-01 3.8663269166e-03 2.1134176761e-02 1.5547707722e-01 4.0221312427e-03 8.1175265276e-03 5.4791400069e-04 -1.5580432604e-04
110                2.8958596567e-02 1.5671125596e-01 3.8690063241e-03 2.0846804523e-02 1.5613110727e-01 4.0251337828e-03 8.1117920445e-03 5.8014868850e-04 -1.5612745867e-04
111                2.9222853464e-02 1.5577804729e-01 3.8680295051e-03 2.1104778542e-02 1.5523045606e-01 4.0240254448e-03 8.1180749226e-03 5.4759123668e-04 -1.5599593962e-04
112                2.8994662211e-02 1.5656825164e-01 3.8665414276e-03 2.0886669225e-02 1.5598940785e-01 4.0228890104e-03 8.1079929857e-03 5.7884378095e-04 -1.5634758281e-04
113                2.9248301424e-02 1.5566759458e-01 3.8643232777e-03 2.1134626963e-02 1.5511955383e-01 4.0205080075e-03 8.1136744602e-03 5.4804075451e-04 -1.5618472982e-04
114                2.8968855810e-02 1.5641180951e-01 3.8668615440e-03 2.0858774992e-02 1.5583263521e-01 4.0231070248e-03 8.1100808182e-03 5.7917429340e-04 -1.5624548080e-04
115                2.9222327497e-02 1.5553295986e-01 3.8666723958e-03 2.1107025331e-02 1.5498781831e-01 4.0228594079e-03 8.1153021663e-03 5.4514155330e-04 -1.5618701213e-04
116                2.8991626071e-02 1.5632852800e-01 3.8662024080e-03 2.0887768910e-02 1.5575138559e-01 4.0229487732e-03 8.1038571606e-03 5.7714241593e-04 -1.5674636519e-04
117                2.9244079895e-02 1.5548942012e-01 3.8642718679e-03 2.1133267999e-02 1.5494130884e-01 4.0206463374e-03 8.1108118961e-03 5.4811127616e-04 -1.5637446959e-04
118                2.8971510295e-02 1.5630497901e-01 3.8658934739e-03 2.0863129169e-02 1.5572785789e-01 4.0225405140e-03 8.1083811253e-03 5.7712112396e-04 -1.5664704013e-04
119                2.9241314044e-02 1.5541621123e-01 3.8655803027e-03 2.1128982903e-02 1.5487208727e-01 4.0222402543e-03 8.1123311411e-03 5.4412395363e-04 -1.5665995165e-04
120                2.9002722556e-02 1.5622852406e-01 3.8647498810e-03 2.0899793884e-02 1.5565224334e-01 4.0216350405e-03 8.1029286718e-03 5.7628071864e-04 -1.5688515957e-04
121                2.9248923135e-02 1.5542897701e-01 3.8634953445e-03 2.1139975216e-02 1.5488317740e-01 4.0201365849e-03 8.1089479188e-03 5.4579961070e-04 -1.5664124040e-04
122                2.8962707276e-02 1.5619024906e-01 3.8648608206e-03 2.0858231493e-02 1.5561286197e-01 4.0218361264e-03 8.1044757831e-03 5.7738708489e-04 -1.5697530576e-04
123                2.9237451845e-02 1.5531933851e-01 3.8660431648e-03 2.1126719412e-02 1.5477464191e-01 4.0227445442e-03 8.1107324335e-03 5.4469659654e-04 -1.5670137940e-04
124                2.9001120526e-02 1.5621456018e-01 3.8654990996e-03 2.0900546128e-02 1.5563852069e-01 4.0222697920e-03 8.1005743978e-03 5.7603948875e-04 -1.5677069239e-04
125                2.9263481306e-02 1.5532667657e-01 3.8635417043e-03 2.1156831654e-02 1.5478043970e-01 4.0200272333e-03 8.1066496525e-03 5.4623686374e-04 -1.5648552907e-04
126                2.8968644185e-02 1.5614059451e-01 3.8656531894e-03 2.0865048274e-02 1.5556333258e-01 4.0219108988e-03 8.1035959110e-03 5.7726193496e-04 -1.5625770938e-04
127                2.9235691222e-02 1.5527179412e-01 3.8666475148e-03 2.1125387378e-02 1.5472859120e-01 4.0226011731e-03 8.1103038443e-03 5.4320292158e-04 -1.5595365830e-04
128                2.8992768957e-02 1.5608533588e-01 3.8658506525e-03 2.0893256013e-02 1.5550850307e-01 4.0219271523e-03 8.0995129433e-03 5.7683280724e-04 -1.5607649982e-04
129                2.9260803213e-02 1.5518831995e-01 3.8646425728e-03 2.1155565511e-02 1.5464152535e-01 4.0199652073e-03 8.1052377020e-03 5.4679460182e-04 -1.5532263449e-04
130                2.8968751499e-02 1.5601599461e-01 3.8659465914e-03 2.0866017661e-02 1.5543766328e-01 4.0210351927e-03 8.1027338378e-03 5.7833132673e-04 -1.5508860129e-04
131                2.9214041790e-02 1.5513070960e-01 3.8683208517e-03 2.1106689545e-02 1.5458667129e-01 4.0231421374e-03 8.1073522451e-03 5.4403831455e-04 -1.5482128569e-04
132                2.8995503720e-02 1.5591404282e-01 3.8672775669e-03 2.0895286992e-02 1.5533966059e-01 4.0219780634e-03 8.1002167273e-03 5.7438222970e-04 -1.5470049656e-04
133                2.9251572564e-02 1.5506714936e-01 3.8672920112e-03 2.1148061485e-02 1.5452273254e-01 4.0213149978e-03 8.1035110797e-03 5.4441682267e-04 -1.5402298652e-04
134                2.8956033904e-02 1.5581044577e-01 3.8655438746e-03 2.0856344903e-02 1.5523229166e-01 4.0197927374e-03 8.0996890014e-03 5.7815411136e-04 -1.5424886279e-04
135                2.9222910299e-02 1.5492497190e-01 3.8694980483e-03 2.1117782421e-02 1.5437986416e-01 4.0232929700e-03 8.1051278780e-03 5.4510774189e-04 -1.5379492168e-04
136                2.8984520963e-02 1.5582173652e-01 3.8667796477e-03 2.0888237779e-02 1.5524528063e-01 4.0205576404e-03 8.0962831843e-03 5.7645589645e-04 -1.5377799271e-04
137                2.9240393945e-02 1.5496873652e-01 3.8691254967e-03 2.1140327890e-02 1.5442242484e-01 4.0223815502e-03 8.1000660546e-03 5.4631168355e-04 -1.5325605352e-04
138                2.8962774460e-02 1.5574990647e-01 3.8667614298e-03 2.0863884336e-02 1.5517218475e-01 4.0201387885e-03 8.0988901241e-03 5.7772171926e-04 -1.5337735870e-04
139                2.9224746498e-02 1.5492467795e-01 3.8702028871e-03 2.1120467426e-02 1.5438242632e-01 4.0233319602e-03 8.1042790724e-03 5.4225162711e-04 -1.5312907311e-04
140                2.8985126245e-02 1.5579342753e-01 3.8671820679e-03 2.0890744353e-02 1.5521763347e-01 4.0209042597e-03 8.0943818920e-03 5.7579406108e-04 -1.5372219180e-04
141                2.9250953115e-02 1.5498440705e-01 3.8689077010e-03 2.1151451424e-02 1.5443853209e-01 4.0223292330e-03 8.0995016910e-03 5.4587495760e-04 -1.5342153209e-04
142                2.8976976487e-02 1.5579232768e-01 3.8664113145e-03 2.0879333833e-02 1.5521479935e-01 4.0203515430e-03 8.0976426545e-03 5.7752832795e-04 -1.5394022855e-04
143                2.9236467635e-02 1.5492750156e-01 3.8689368175e-03 2.1134756654e-02 1.5438443937e-01 4.0230854992e-03 8.1017109813e-03 5.4306218901e-04 -1.5414868178e-04
144                2.8976545858e-02 1.5582122791e-01 3.8660476659e-03 2.0883610756e-02 1.5524541246e-01 4.0208096038e-03 8.0929351013e-03 5.7581545430e-04 -1.5476193791e-04
145                2.9245258814e-02 1.5497130912e-01 3.8672208068e-03 2.1146066589e-02 1.5442832639e-01 4.0222770605e-03 8.0991922252e-03 5.4298272782e-04 -1.5505625376e-04
146                2.8964617061e-02 1.5572100951e-01 3.8650304197e-03 2.0868765561e-02 1.5514445974e-01 4.0208967738e-03 8.0958514997e-03 5.7654976390e-04 -1.5586635414e-04
147                2.9231711471e-02 1.5489016586e-01 3.8674936745e-03 2.1129424113e-02 1.5434808835e-01 4.0232225393e-03 8.1022873576e-03 5.4207751851e-04 -1.5572886477e-04
148                2.8987623857e-02 1.5576823002e-01 3.8650943831e-03 2.0894893626e-02 1.5519302660e-01 4.0214376736e-03 8.0927302310e-03 5.7520341993e-04 -1.5634329048e-04
149                2.9245992163e-02 1.5487962942e-01 3.8653301317e-03 2.1149005069e-02 1.5433452663e-01 4.0217155587e-03 8.0969870933e-03 5.4510279736e-04 -1.5638542704e-04
150                2.8958178441e-02 1.5567683537e-01 3.8640625582e-03 2.0861941899e-02 1.5509951377e-01 4.0206973917e-03 8.0962365421e-03 5.7732160436e-04 -1.5663483352e-04
151                2.9225043779e-02 1.5485457005e-01 3.8657736122e-03 2.1123406161e-02 1.5431201151e-01 4.0222754636e-03 8.1016376175e-03 5.4255854716e-04 -1.5650185142e-04
152                2.8994503051e-02 1.5571732848e-01 3.8635928284e-03 2.0903010113e-02 1.5514194404e-01 4.0208801152e-03 8.0914929379e-03 5.7538444213e-04 -1.5728728683e-04
153                2.9250332472e-02 1.5488997734e-01 3.8655318350e-03 2.1153122251e-02 1.5434489234e-01 4.0219951336e-03 8.0972102207e-03 5.4508499650e-04 -1.5646329867e-04
154                2.8969117099e-02 1.5573042006e-01 3.8644952434e-03 2.0872786219e-02 1.5515301147e-01 4.0210756465e-03 8.0963308799e-03 5.7740859553e-04 -1.5658040309e-04
155                2.9228936450e-02 1.5492345293e-01 3.8671643169e-03 2.1128700434e-02 1.5438001381e-01 4.0234515167e-03 8.1002360158e-03 5.4343911597e-04 -1.5628719984e-04
156                2.9002455548e-02 1.5579214258e-01 3.8647989617e-03 2.0910438819e-02 1.5521627136e-01 4.0211775795e-03 8.0920167293e-03 5.7587122001e-04 -1.5637861774e-04
157                2.9259650356e-02 1.5501697649e-01 3.8658435752e-03 2.1162316754e-02 1.5447180662e-01 4.0216226814e-03 8.0973336025e-03 5.4516986573e-04 -1.5577910627e-04
158                2.8976562083e-02 1.5584626023e-01 3.8642320593e-03 2.0881203467e-02 1.5526993478e-01 4.0202607392e-03 8.0953586158e-03 5.7632545003e-04 -1.5602867983e-04
159                2.9242047503e-02 1.5502159977e-01 3.8691799552e-03 2.1140885422e-02 1.5447876916e-01 4.0245857400e-03 8.1011620803e-03 5.4283061728e-04 -1.5540578474e-04
160                2.9003950012e-02 1.5595929404e-01 3.8651654104e-03 2.0911627784e-02 1.5538309238e-01 4.0206524226e-03 8.0923222285e-03 5.7620165565e-04 -1.5548701222e-04
161                2.9256432917e-02 1.5508837473e-01 3.8669194088e-03 2.1159894758e-02 1.5454185976e-01 4.0220400836e-03 8.0965381590e-03 5.4651497014e-04 -1.5512067477e-04
162                2.8973928127e-02 1.5593148994e-01 3.8656158630e-03 2.0878200860e-02 1.5535383072e-01 4.0207196676e-03 8.0957272670e-03 5.7765922272e-04 -1.5510380462e-04
163                2.9254267927e-02 1.5510795021e-01 3.8689531051e-03 2.1152520410e-02 1.5456590983e-01 4.0237441686e-03 8.1017475170e-03 5.4204037718e-04 -1.5479106354e-04
164                2.8999000454e-02 1.5594503706e-01 3.8657368965e-03 2.0907297954e-02 1.5536843714e-01 4.0211682255e-03 8.0917025002e-03 5.7659992436e-04 -1.5543132909e-04
165                2.9252907624e-02 1.5513391498e-01 3.8666597418e-03 2.1155677034e-02 1.5458822345e-01 4.0215108056e-03 8.0972305899e-03 5.4569153536e-04 -1.5485106382e-04
166                2.8973097093e-02 1.5596917865e-01 3.8675491214e-03 2.0877061269e-02 1.5539150876e-01 4.0226036842e-03 8.0960358239e-03 5.7766988604e-04 -1.5505456286e-04
167                2.9247518233e-02 1.5510566119e-01 3.8669021493e-03 2.1144963872e-02 1.5456188487e-01 4.0218756173e-03 8.1025543610e-03 5.4377632108e-04 -1.5497346802e-04
168                2.8999022007e-02 1.5601659894e-01 3.8681169625e-03 2.0906999208e-02 1.5544057427e-01 4.0233552925e-03 8.0920227990e-03 5.7602466869e-04 -1.5523833004e-04
169                2.9258185296e-02 1.5518741189e-01 3.8658469028e-03 2.1159105543e-02 1.5464120417e-01 4.0210379823e-03 8.0990797524e-03 5.4620772044e-04 -1.5519107945e-04
170                2.8976204912e-02 1.5599590100e-01 3.8660609933e-03 2.0879620022e-02 1.5541963367e-01 4.0218786312e-03 8.0965848903e-03 5.7626733667e-04 -1.5581763793e-04
171                2.9258087936e-02 1.5516413328e-01 3.8652743327e-03 2.1154648576e-02 1.5462098456e-01 4.0208065357e-03 8.1034393599e-03 5.4314871988e-04 -1.5553220295e-04
172                2.9007966020e-02 1.5608653720e-01 3.8669642884e-03 2.0914991421e-02 1.5551041282e-01 4.0228941152e-03 8.0929745986e-03 5.7612437770e-04 -1.5592982683e-04
173                2.9253953387e-02 1.5522254998e-01 3.8656218147e-03 2.1156574102e-02 1.5467591390e-01 4.0214367084e-03 8.0973792848e-03 5.4663607671e-04 -1.5581489372e-04
174                2.8970146208e-02 1.5603105379e-01 3.8660020183e-03 2.0873516388e-02 1.5545421539e-01 4.0218367704e-03 8.0966298203e-03 5.7683839467e-04 -1.5583475209e-04
175                2.9242709941e-02 1.5519685989e-01 3.8664246065e-03 2.1138994179e-02 1.5465415487e-01 4.0220628371e-03 8.1037157611e-03 5.4270502474e-04 -1.5563823062e-04
176                2.9007890382e-02 1.5602097106e-01 3.8668103266e-03 2.0913875966e-02 1.5544705078e-01 4.0228460972e-03 8.0940144165e-03 5.7392028385e-04 -1.5603577063e-04
177                2.9247822947e-02 1.5515477089e-01 3.8654293128e-03 2.1149615854e-02 1.5460907933e-01 4.0208865045e-03 8.0982070934e-03 5.4569156177e-04 -1.5545719175e-04
178                2.8967189123e-02 1.5594110801e-01 3.8668938285e-03 2.0869491570e-02 1.5536341830e-01 4.0225047250e-03 8.0976975524e-03 5.7768971372e-04 -1.5561089644e-04
179                2.9240091284e-02 1.5509957542e-01 3.8664182312e-03 2.1135950196e-02 1.5455532512e-01 4.0218708318e-03 8.1041410883e-03 5.4425029682e-04 -1.5545260065e-04
180                2.9006366142e-02 1.5595272060e-01 3.8655522140e-03 2.0912057134e-02 1.5537748295e-01 4.0210442766e-03 8.0943090083e-03 5.7523764919e-04 -1.5549206263e-04
181                2.9246237372e-02 1.5510098879e-01 3.8647557015e-03 2.1147539583e-02 1.5455570169e-01 4.0198824178e-03 8.0986977891e-03 5.4528710746e-04 -1.5512671632e-04
182                2.8949615779e-02 1.5583057104e-01 3.8668703250e-03 2.0852682154e-02 1.5525370858e-01 4.0221150743e-03 8.0969336253e-03 5.7686245510e-04 -1.5524474926e-04
183                2.9229180857e-02 1.5501300865e-01 3.8679209894e-03 2.1125321383e-02 1.5446957086e-01 4.0229872454e-03 8.1038594734e-03 5.4343779246e-04 -1.5506625598e-04
184                2.9016274909e-02 1.5591472802e-01 3.8666175536e-03 2.0921172602e-02 1.5533909471e-01 4.0219357231e-03 8.0951023062e-03 5.7563331721e-04 -1.5531816943e-04
185                2.9254948206e-02 1.5505427198e-01 3.8641521696e-03 2.1156332872e-02 1.5450658719e-01 4.0193443605e-03 8.0986153341e-03 5.4768478726e-04 -1.5519219081e-04
186                2.8959983032e-02 1.5587187354e-01 3.8660878612e-03 2.0862545021e-02 1.5529310100e-01 4.0212136624e-03 8.0974380111e-03 5.7877253394e-04 -1.5512580113e-04
187                2.9225528681e-02 1.5510013012e-01 3.8682869682e-03 2.1123046448e-02 1.5455709706e-01 4.0233153741e-03 8.1024822332e-03 5.4303306318e-04 -1.5502840594e-04
188                2.9013547931e-02 1.5590709436e-01 3.8664952226e-03 2.0919720435e-02 1.5533165055e-01 4.0221238985e-03 8.0938274965e-03 5.7544380597e-04 -1.5562867596e-04
189                2.9256108536e-02 1.5517415194e-01 3.8661871458e-03 2.1159168858e-02 1.5462885210e-01 4.0214834217e-03 8.0969396772e-03 5.4529983643e-04 -1.5529627585e-04
190                2.8977426239e-02 1.5597826495e-01 3.8657352268e-03 2.0880008659e-02 1.5540012144e-01 4.0214066368e-03 8.0974175800e-03 5.7814350702e-04 -1.5567141004e-04
191                2.9235555919e-02 1.5520455218e-01 3.8688944831e-03 2.1133645929e-02 1.5465994916e-01 4.0244283823e-03 8.1019099897e-03 5.4460302633e-04 -1.5553389928e-04
192                2.9013675132e-02 1.5608347333e-01 3.8648556708e-03 2.0919884855e-02 1.5550672841e-01 4.0207753244e-03 8.0937902775e-03 5.7674491412e-04 -1.5591965356e-04
193                2.9253951603e-02 1.5528225711e-01 3.8645398519e-03 2.1155717595e-02 1.5473664515e-01 4.0202395751e-03 8.0982340074e-03 5.4561196571e-04 -1.5569972313e-04
194                2.8968808327e-02 1.5600542063e-01 3.8648914965e-03 2.0871076706e-02 1.5542854021e-01 4.0211842753e-03 8.0977316206e-03 5.7688042575e-04 -1.5629277877e-04
195                2.9242527641e-02 1.5520245303e-01 3.8689386237e-03 2.1138715952e-02 1.5465869495e-01 4.0248370843e-03 8.1038116890e-03 5.4375808548e-04 -1.5589846061e-04
196                2.9014693934e-02 1.5608749074e-01 3.8659010980e-03 2.0920232161e-02 1.5551091109e-01 4.0221801674e-03 8.0944617724e-03 5.7657965179e-04 -1.5627906940e-04
197                2.9242976433e-02 1.5517456702e-01 3.8662333001e-03 2.1143790525e-02 1.5462776903e-01 4.0221538653e-03 8.0991859076e-03 5.4679798536e-04 -1.5592056512e-04
198                2.8952361510e-02 1.5592125570e-01 3.8653804091e-03 2.0852836116e-02 1.5534356227e-01 4.0213293002e-03 8.0995253938e-03 5.7769343300e-04 -1.5594889107e-04
199                2.9242592093e-02 1.5512553678e-01 3.8682228075e-03 2.1136407236e-02 1.5458366914e-01 4.0239033455e-03 8.1061848575e-03 5.4186763647e-04 -1.5568053804e-04
200                2.9017778118e-02 1.5593411300e-01 3.8650498145e-03 2.0922030172e-02 1.5535889754e-01 4.0212957410e-03 8.0957479456e-03 5.7521545614e-04 -1.5624592649e-04
201                2.9242437579e-02 1.5510772728e-01 3.8665214361e-03 2.1141664289e-02 1.5456044095e-01 4.0222390895e-03 8.1007732906e-03 5.4728632861e-04 -1.5571765345e-04
202                2.8967411591e-02 1.5590294138e-01 3.8658695842e-03 2.0867307439e-02 1.5532552083e-01 4.0219875240e-03 8.1001041515e-03 5.7742054937e-04 -1.5611793984e-04
203                2.9241079789e-02 1.5507433580e-01 3.8666493247e-03 2.1135711700e-02 1.5452980563e-01 4.0225881800e-03 8.1053680885e-03 5.4453017567e-04 -1.5593885526e-04
204                2.9011194013e-02 1.5597303181e-01 3.8660564633e-03 2.0915881030e-02 1.5539669333e-01 4.0222012809e-03 8.0953129825e-03 5.7633847711e-04 -1.5614481760e-04
205                2.9253967550e-02 1.5516587416e-01 3.8655816597e-03 2.1153611880e-02 1.5461913471e-01 4.0214075430e-03 8.1003556693e-03 5.4673945118e-04 -1.5582588332e-04
206                2.8966305818e-02 1.5594200391e-01 3.8679612034e-03 2.0868016517e-02 1.5536526962e-01 4.0239340490e-03 8.0982893017e-03 5.7673428976e-04 -1.5597284556e-04
207                2.9244514277e-02 1.5517693803e-01 3.8665582032e-03 2.1139477974e-02 1.5463295988e-01 4.0222729938e-03 8.1050363032e-03 5.4397814612e-04 -1.5571479055e-04
208                2.9027669657e-02 1.5610373348e-01 3.8662161050e-03 2.0931546841e-02 1.5552707075e-01 4.0220881889e-03 8.0961228160e-03 5.7666272499e-04 -1.5587208386e-04
209                2.9272836439e-02 1.5526666179e-01 3.8635126202e-03 2.1172373516e-02 1.5471885145e-01 4.0190731746e-03 8.1004629232e-03 5.4781034456e-04 -1.5556055444e-04
210                2.8973375435e-02 1.5607973831e-01 3.8666894658e-03 2.0875643919e-02 1.5550223290e-01 4.0220848765e-03 8.0977315160e-03 5.7750541344e-04 -1.5539541073e-04
211                2.9242212634e-02 1.5530331062e-01 3.8685494940e-03 2.1136997866e-02 1.5475969317e-01 4.0236769617e-03 8.1052147680e-03 5.4361744938e-04 -1.5512746771e-04
212                2.9024785960e-02 1.5616364740e-01 3.8674010509e-03 2.0929826639e-02 1.5558924953e-01 4.0231137659e-03 8.0949593215e-03 5.7439787129e-04 -1.5571271506e-04
213                2.9271122308e-02 1.5532388680e-01 3.8637112193e-03 2.1171530959e-02 1.5477787359e-01 4.0191876019e-03 8.0995913498e-03 5.4601321126e-04 -1.5547638260e-04
214                2.8974200042e-02 1.5610914919e-01 3.8665781832e-03 2.0875776568e-02 1.5553110574e-01 4.0222550309e-03 8.0984234744e-03 5.7804345213e-04 -1.5567684770e-04
215                2.9240153789e-02 1.5530604185e-01 3.8664210032e-03 2.1133671742e-02 1.5476108467e-01 4.0221079143e-03 8.1064820463e-03 5.4495717662e-04 -1.5568691118e-04
216                2.9025682716e-02 1.5617283428e-01 3.8672560084e-03 2.0929106362e-02 1.5559773566e-01 4.0230695343e-03 8.0965763537e-03 5.7509861109e-04 -1.5581352599e-04
217                2.9268733929e-02 1.5531715343e-01 3.8655768223e-03 2.1167826908e-02 1.5477083828e-01 4.0213912178e-03 8.1009070211e-03 5.4631515635e-04 -1.5581439551e-04
218                2.8968367488e-02 1.5603830333e-01 3.8656693048e-03 2.0867823346e-02 1.5546109262e-01 4.0216136515e-03 8.1005441419e-03 5.7721070413e-04 -1.5594434670e-04
219                2.9227520731e-02 1.5528448076e-01 3.8687169612e-03 2.1119773780e-02 1.5474135717e-01 4.0244863436e-03 8.1077469511e-03 5.4312359343e-04 -1.5576938247e-04
220                2.9029300696e-02 1.5608871817e-01 3.8672664806e-03 2.0929967957e-02 1.5551471464e-01 4.0232399605e-03 8.0993327386e-03 5.7400353125e-04 -1.5597347988e-04
221                2.9268166813e-02 1.5520427680e-01 3.8655730482e-03 2.1167085866e-02 1.5465585947e-01 4.0212222387e-03 8.1010809469e-03 5.4841733053e-04 -1.5564919044e-04
222                2.8971068498e-02 1.5599030719e-01 3.8634691976e-03 2.0870520264e-02 1.5541199832e-01 4.0186750709e-03 8.1005482341e-03 5.7830886536e-04 -1.5520587329e-04
223                2.9222312011e-02 1.5522778040e-01 3.8709772912e-03 2.1115709682e-02 1.5468397825e-01 4.0256744793e-03 8.1066023289e-03 5.4380214631e-04 -1.5469718813e-04
224                2.9025250725e-02 1.5597864356e-01 3.8672749051e-03 2.0927483615e-02 1.5540408977e-01 4.0222366837e-03 8.0977671100e-03 5.7455378806e-04 -1.5496177855e-04
225                2.9262779417e-02 1.5520238922e-01 3.8671573026e-03 2.1162617769e-02 1.5465629977e-01 4.0214723900e-03 8.1001616477e-03 5.4608945658e-04 -1.5431508735e-04
226                2.8973702189e-02 1.5595551264e-01 3.8664611248e-03 2.0874237845e-02 1.5537733527e-01 4.0209410055e-03 8.0994643447e-03 5.7817736280e-04 -1.5447988065e-04
227                2.9221625805e-02 1.5515057532e-01 3.8708645029e-03 2.1116224584e-02 1.5460613053e-01 4.0251812802e-03 8.1054012218e-03 5.4444479422e-04 -1.5431677732e-04
228                2.9020213710e-02 1.5594781995e-01 3.8672833292e-03 2.0922058595e-02 1.5537363862e-01 4.0216628079e-03 8.0981551158e-03 5.7418133320e-04 -1.5437947871e-04
229                2.9251539574e-02 1.5519481508e-01 3.8669197966e-03 2.1151685598e-02 1.5464995597e-01 4.0211492289e-03 8.0998539756e-03 5.4485911253e-04 -1.5422943234e-04
230                2.8972147204e-02 1.5588975300e-01 3.8663516081e-03 2.0873150060e-02 1.5531319442e-01 4.0208962346e-03 8.0989971436e-03 5.7655857223e-04 -1.5454462650e-04
231                2.9230487334e-02 1.5513283888e-01 3.8692974886e-03 2.1124496110e-02 1.5458965306e-01 4.0236273714e-03 8.1059912240e-03 5.4318582016e-04 -1.5432988279e-04
232                2.9032130655e-02 1.5603108700e-01 3.8673712573e-03 2.0934596928e-02 1.5545653965e-01 4.0221176222e-03 8.0975337270e-03 5.7454734344e-04 -1.5474636492e-04
233                2.9261705893e-02 1.5522630087e-01 3.8678176725e-03 2.1162522080e-02 1.5467950945e-01 4.0223583563e-03 8.0991838137e-03 5.4679141499e-04 -1.5454068380e-04
234                2.8982426076e-02 1.5596022909e-01 3.8664822391e-03 2.0883882905e-02 1.5538309461e-01 4.0212331991e-03 8.0985431712e-03 5.7713448421e-04 -1.5475095992e-04
235                2.9229637799e-02 1.5525057123e-01 3.8693463889e-03 2.1125148392e-02 1.5470876917e-01 4.0240124812e-03 8.1044894067e-03 5.4180206656e-04 -1.5466609222e-04
236                2.9026867906e-02 1.5604871966e-01 3.8670305548e-03 2.0931397720e-02 1.5547489689e-01 4.0222087973e-03 8.0954701860e-03 5.7382277198e-04 -1.5517824247e-04
237                2.9265273550e-02 1.5526622216e-01 3.8673831903e-03 2.1166347903e-02 1.5472014489e-01 4.0220647678e-03 8.0989256472e-03 5.4607727240e-04 -1.5468157749e-04
238                2.8973445617e-02 1.5602785964e-01 3.8661797201e-03 2.0874468734e-02 1.5544996312e-01 4.0211620709e-03 8.0989768830e-03 5.7789652202e-04 -1.5498235077e-04
239                2.9224721003e-02 1.5526405620e-01 3.8697016970e-03 2.1121275523e-02 1.5471988028e-01 4.0245696512e-03 8.1034454800e-03 5.4417592936e-04 -1.5486795414e-04
240                2.9025177187e-02 1.5603366012e-01 3.8667158628e-03 2.0929105424e-02 1.5545779792e-01 4.0217560638e-03 8.0960717623e-03 5.7586220340e-04 -1.5504020102e-04
241                2.9248817577e-02 1.5527854416e-01 3.8671483817e-03 2.1148039575e-02 1.5473192104e-01 4.0221639078e-03 8.1007780017e-03 5.4662312092e-04 -1.5501552615e-04
242                2.8989120281e-02 1.5597345660e-01 3.8652079811e-03 2.0887604073e-02 1.5539730174e-01 4.0206057276e-03 8.1015162083e-03 5.7615485218e-04 -1.5539774652e-04
243                2.9239736924e-02 1.5524850654e-01 3.8692101827e-03 2.1133254659e-02 1.5470504952e-01 4.0244068108e-03 8.1064822650e-03 5.4345701558e-04 -1.5519662808e-04
244                2.9018642078e-02 1.5606106342e-01 3.8654177907e-03 2.0921969421e-02 1.5548577821e-01 4.0208811913e-03 8.0966726567e-03 5.7528521286e-04 -1.5546340058e-04
245                2.9247686401e-02 1.5525078132e-01 3.8661164538e-03 2.1148114021e-02 1.5470296675e-01 4.0214495721e-03 8.0995723805e-03 5.4781456925e-04 -1.5533311826e-04
246                2.8985771342e-02 1.5599268239e-01 3.8678355613e-03 2.0884998499e-02 1.5541550140e-01 4.0231410238e-03 8.1007728433e-03 5.7718098914e-04 -1.5530546244e-04
247                2.9233099054e-02 1.5527549707e-01 3.8695704329e-03 2.1126847859e-02 1.5473274466e-01 4.0248821783e-03 8.1062511953e-03 5.4275240970e-04 -1.5531174531e-04
248                2.9019489298e-02 1.5601572002e-01 3.8655305573e-03 2.0921984663e-02 1.5544110714e-01 4.0213472163e-03 8.0975046347e-03 5.7461288226e-04 -1.5581665902e-04
249                2.9260862555e-02 1.5522584206e-01 3.8632392729e-03 2.1158998972e-02 1.5468012226e-01 4.0186291342e-03 8.1018635828e-03 5.4571979769e-04 -1.5538986124e-04
250                2.8983824322e-02 1.5600422610e-01 3.8678618882e-03 2.0884974288e-02 1.5542718136e-01 4.0231578335e-03 8.0988500336e-03 5.7704473864e-04 -1.5529594530e-04
