# Moment          
# CofR            : (0.0000000000e+00 0.0000000000e+00 0.0000000000e+00)
#
# Time            	total_x total_y total_z	pressure_x pressure_y pressure_z	viscous_x viscous_y viscous_z
1                  -8.1620990875e-03 8.0136129271e-02 1.5845975758e-02 -8.1906278149e-03 7.4080555381e-02 1.5900421163e-02 2.8528727328e-05 6.0555738902e-03 -5.4445405002e-05
2                  -2.8330141325e-02 1.9603445010e-02 2.7983226352e-03 -2.8097231425e-02 1.4913000742e-02 2.9704641373e-03 -2.3290990000e-04 4.6904442672e-03 -1.7214150210e-04
3                  -2.5989500385e-02 -1.5665721036e-02 -4.7438184042e-03 -2.5848921608e-02 -1.9590761800e-02 -4.6432909602e-03 -1.4057877638e-04 3.9250407646e-03 -1.0052744394e-04
4                  -7.5476408296e-03 -5.2967233187e-03 2.9628810067e-04 -7.5829511846e-03 -8.9797782420e-03 3.1947280079e-04 3.5310355005e-05 3.6830549233e-03 -2.3184700114e-05
5                  -1.2083894225e-02 1.1410851010e-02 4.0847476944e-03 -1.2090661209e-02 7.9954670969e-03 4.1146987850e-03 6.7669847241e-06 3.4153839127e-03 -2.9951090588e-05
6                  -2.4620939004e-02 1.2767505390e-02 2.4892122391e-03 -2.4553800453e-02 9.6607851092e-03 2.5468370609e-03 -6.7138550440e-05 3.1067202806e-03 -5.7624821714e-05
7                  -2.2858892888e-02 6.1152415232e-03 4.8826860939e-04 -2.2779587083e-02 3.3136057518e-03 5.4820621531e-04 -7.9305805566e-05 2.8016357714e-03 -5.9937605921e-05
8                  -1.8317936505e-02 3.4527681860e-03 7.7588325078e-04 -1.8249024965e-02 8.8613894709e-04 8.2785512714e-04 -6.8911539978e-05 2.5666292390e-03 -5.1971876355e-05
9                  -2.0972120097e-02 5.0991459093e-03 1.5026396889e-03 -2.0915990358e-02 2.7213030748e-03 1.5456273417e-03 -5.6129739234e-05 2.3778428344e-03 -4.2987652781e-05
10                 -2.4116819112e-02 5.7051211849e-03 1.0253743303e-03 -2.4055185379e-02 3.4855724228e-03 1.0703615740e-03 -6.1633732277e-05 2.2195487622e-03 -4.4987243645e-05
11                 -2.2147320700e-02 4.9452703711e-03 4.3312621213e-04 -2.2091135376e-02 2.8347085402e-03 4.7569232283e-04 -5.6185323836e-05 2.1105618309e-03 -4.2566110704e-05
12                 -2.1239177901e-02 4.8581833647e-03 6.3048894888e-04 -2.1171520497e-02 2.8287397988e-03 6.7427563771e-04 -6.7657403897e-05 2.0294435659e-03 -4.3786688834e-05
13                 -2.3031842212e-02 5.3339880737e-03 1.0980373858e-03 -2.2968380871e-02 3.3885171793e-03 1.1384342090e-03 -6.3461341116e-05 1.9454708944e-03 -4.0396823245e-05
14                 -2.4570351741e-02 4.9300457493e-03 8.8415064669e-04 -2.4496564293e-02 3.0696148383e-03 9.2622304649e-04 -7.3787447178e-05 1.8604309109e-03 -4.2072399793e-05
15                 -2.3568741797e-02 4.4910927541e-03 4.8966264043e-04 -2.3504028282e-02 2.6855939125e-03 5.2944597071e-04 -6.4713515229e-05 1.8054988416e-03 -3.9783330276e-05
16                 -2.3163154192e-02 4.7236448158e-03 4.6473001743e-04 -2.3093279062e-02 2.9433493378e-03 5.0621358742e-04 -6.9875129758e-05 1.7802954780e-03 -4.1483569997e-05
17                 -2.4224946735e-02 5.1338378193e-03 8.3750835943e-04 -2.4160716397e-02 3.3872230149e-03 8.7630601163e-04 -6.4230338832e-05 1.7466148044e-03 -3.8797652200e-05
18                 -2.5579622765e-02 4.8003915248e-03 9.1643026792e-04 -2.5503781006e-02 3.1128864614e-03 9.5647107067e-04 -7.5841758885e-05 1.6875050635e-03 -4.0040802751e-05
19                 -2.5571687786e-02 4.3756630475e-03 7.5438524659e-04 -2.5500890111e-02 2.7424441860e-03 7.9209694565e-04 -7.0797674758e-05 1.6332188615e-03 -3.7711699063e-05
20                 -2.5260593131e-02 4.4679556109e-03 5.3858511456e-04 -2.5184104705e-02 2.8548182124e-03 5.7854127115e-04 -7.6488426054e-05 1.6131373985e-03 -3.9956156586e-05
21                 -2.5229638068e-02 5.0071133218e-03 6.2369122773e-04 -2.5160229840e-02 3.3950694778e-03 6.6247541874e-04 -6.9408227767e-05 1.6120438440e-03 -3.8784191010e-05
22                 -2.6132983797e-02 5.0424285016e-03 7.6451195932e-04 -2.6055505452e-02 3.4489526275e-03 8.0467657473e-04 -7.7478344988e-05 1.5934758741e-03 -4.0164615404e-05
23                 -2.6850350899e-02 4.6736071347e-03 8.6143093125e-04 -2.6778432189e-02 3.1310220305e-03 8.9914577624e-04 -7.1918710274e-05 1.5425851043e-03 -3.7714844982e-05
24                 -2.7238277345e-02 4.3458631521e-03 7.6522642124e-04 -2.7157336138e-02 2.8513537795e-03 8.0438275878e-04 -8.0941207335e-05 1.4945093726e-03 -3.9156337537e-05
25                 -2.7287112449e-02 4.5634729306e-03 7.2600263431e-04 -2.7211638020e-02 3.0825354163e-03 7.6411654137e-04 -7.5474428866e-05 1.4809375143e-03 -3.8113907058e-05
26                 -2.7500827848e-02 4.8423628331e-03 6.5182929910e-04 -2.7419850307e-02 3.3582533609e-03 6.9191153820e-04 -8.0977541733e-05 1.4841094722e-03 -4.0082239104e-05
27                 -2.7639445061e-02 4.9628522640e-03 6.8935697239e-04 -2.7565825348e-02 3.4842970190e-03 7.2766534524e-04 -7.3619712186e-05 1.4785552450e-03 -3.8308372847e-05
28                 -2.7883822292e-02 4.7388957480e-03 6.5525364367e-04 -2.7802707061e-02 3.2866810323e-03 6.9515230982e-04 -8.1115231248e-05 1.4522147157e-03 -3.9898666143e-05
29                 -2.8083685694e-02 4.6190686886e-03 6.8425547439e-04 -2.8007201894e-02 3.1957802074e-03 7.2271864433e-04 -7.6483800002e-05 1.4232884812e-03 -3.8463169932e-05
30                 -2.8438373088e-02 4.6072643727e-03 6.4293578560e-04 -2.8355231646e-02 3.2011790804e-03 6.8297515076e-04 -8.3141441321e-05 1.4060852923e-03 -4.0039365163e-05
31                 -2.8492241688e-02 4.7716247256e-03 6.4954742287e-04 -2.8415937949e-02 3.3704725664e-03 6.8776140337e-04 -7.6303738971e-05 1.4011521592e-03 -3.8213980499e-05
32                 -2.8651653889e-02 4.7980021247e-03 5.9355485129e-04 -2.8569050360e-02 3.4007105423e-03 6.3365344680e-04 -8.2603529050e-05 1.3972915824e-03 -4.0098595511e-05
33                 -2.8660430142e-02 4.8022325547e-03 5.9175878506e-04 -2.8582796687e-02 3.4134552523e-03 6.3032874881e-04 -7.7633455818e-05 1.3887773024e-03 -3.8569963744e-05
34                 -2.8780542284e-02 4.7081478441e-03 5.3658820864e-04 -2.8696515554e-02 3.3317567448e-03 5.7652070764e-04 -8.4026729623e-05 1.3763910993e-03 -3.9932499004e-05
35                 -2.8679112367e-02 4.7337318414e-03 5.3092362399e-04 -2.8600233499e-02 3.3699014252e-03 5.6879802698e-04 -7.8878867884e-05 1.3638304162e-03 -3.7874402987e-05
36                 -2.8728943751e-02 4.7230541749e-03 4.7715230374e-04 -2.8643478228e-02 3.3671890742e-03 5.1670528903e-04 -8.5465523330e-05 1.3558651007e-03 -3.9552985294e-05
37                 -2.8626175564e-02 4.7694780248e-03 4.7641968244e-04 -2.8545532173e-02 3.4186485138e-03 5.1438166126e-04 -8.0643390731e-05 1.3508295110e-03 -3.7961978827e-05
38                 -2.8688563865e-02 4.7294303364e-03 4.3492428474e-04 -2.8602294813e-02 3.3829619182e-03 4.7454566248e-04 -8.6269051362e-05 1.3464684183e-03 -3.9621377736e-05
39                 -2.8537204373e-02 4.7624819173e-03 4.3359690613e-04 -2.8456117320e-02 3.4224632822e-03 4.7117625090e-04 -8.1087053200e-05 1.3400186351e-03 -3.7579344771e-05
40                 -2.8553635135e-02 4.7241360219e-03 3.8539327105e-04 -2.8466940473e-02 3.3900106710e-03 4.2442939419e-04 -8.6694661445e-05 1.3341253509e-03 -3.9036123138e-05
41                 -2.8358514470e-02 4.7528939221e-03 3.8655200582e-04 -2.8276127455e-02 3.4229917200e-03 4.2387577340e-04 -8.2387014252e-05 1.3299022021e-03 -3.7323767576e-05
42                 -2.8372572946e-02 4.7112202046e-03 3.4097557843e-04 -2.8284404907e-02 3.3852528586e-03 3.7991243524e-04 -8.8168038570e-05 1.3259673460e-03 -3.8936856810e-05
43                 -2.8157401490e-02 4.7451664553e-03 3.4264014342e-04 -2.8074357745e-02 3.4226874361e-03 3.7950968227e-04 -8.3043745618e-05 1.3224790191e-03 -3.6869538844e-05
44                 -2.8128207385e-02 4.7042175313e-03 2.9470382350e-04 -2.8039546541e-02 3.3857288020e-03 3.3317545424e-04 -8.8660843940e-05 1.3184887293e-03 -3.8471630736e-05
45                 -2.7871784615e-02 4.7318726201e-03 2.9169492782e-04 -2.7787455938e-02 3.4154384024e-03 3.2838471091e-04 -8.4328677109e-05 1.3164342177e-03 -3.6689783093e-05
46                 -2.7811961398e-02 4.6825858424e-03 2.4329777252e-04 -2.7722221289e-02 3.3686997554e-03 2.8154206591e-04 -8.9740108799e-05 1.3138860870e-03 -3.8244293395e-05
47                 -2.7528423766e-02 4.7144956652e-03 2.4100530507e-04 -2.7443998526e-02 3.4016885202e-03 2.7711754878e-04 -8.4425240169e-05 1.3128071450e-03 -3.6112243703e-05
48                 -2.7438665923e-02 4.6703499480e-03 1.9105486701e-04 -2.7348615487e-02 3.3607315085e-03 2.2868187254e-04 -9.0050435659e-05 1.3096184395e-03 -3.7627005527e-05
49                 -2.7108920452e-02 4.6971950848e-03 1.9034031190e-04 -2.7023199086e-02 3.3872613119e-03 2.2620328942e-04 -8.5721365979e-05 1.3099337728e-03 -3.5862977520e-05
50                 -2.7001864661e-02 4.6407155395e-03 1.4233545685e-04 -2.6910826370e-02 3.3332123822e-03 1.7960206243e-04 -9.1038291081e-05 1.3075031573e-03 -3.7266605574e-05
51                 -2.6666421417e-02 4.6724920755e-03 1.4227502434e-04 -2.6580352751e-02 3.3654495590e-03 1.7753344410e-04 -8.6068666216e-05 1.3070425165e-03 -3.5258419759e-05
52                 -2.6528527677e-02 4.6315139798e-03 9.9192343718e-05 -2.6437454547e-02 3.3261635502e-03 1.3580212684e-04 -9.1073130506e-05 1.3053504296e-03 -3.6609783117e-05
53                 -2.6167763452e-02 4.6568343158e-03 1.0296702768e-04 -2.6081020543e-02 3.3508258696e-03 1.3791460515e-04 -8.6742908925e-05 1.3060084462e-03 -3.4947577472e-05
54                 -2.6054796514e-02 4.6045520555e-03 6.1625453559e-05 -2.5963023828e-02 3.3005913424e-03 9.7917187044e-05 -9.1772686334e-05 1.3039607131e-03 -3.6291733485e-05
55                 -2.5693302954e-02 4.6369642335e-03 7.3844580753e-05 -2.5606802503e-02 3.3322683090e-03 1.0819792953e-04 -8.6500450997e-05 1.3046959245e-03 -3.4353348773e-05
56                 -2.5573886215e-02 4.5940070314e-03 3.9096034272e-05 -2.5482358059e-02 3.2912569758e-03 7.4818149776e-05 -9.1528156190e-05 1.3027500556e-03 -3.5722115504e-05
57                 -2.5229414547e-02 4.6234588049e-03 5.2619647983e-05 -2.5142494452e-02 3.3199551779e-03 8.6685898550e-05 -8.6920094560e-05 1.3035036269e-03 -3.4066250567e-05
58                 -2.5122666286e-02 4.5751091817e-03 2.3117083746e-05 -2.5031071919e-02 3.2722794423e-03 5.8540184577e-05 -9.1594367246e-05 1.3028297394e-03 -3.5423100831e-05
59                 -2.4797522486e-02 4.6083045393e-03 4.1333527374e-05 -2.4711073604e-02 3.3052845640e-03 7.4862884061e-05 -8.6448882373e-05 1.3030199753e-03 -3.3529356686e-05
60                 -2.4706381268e-02 4.5735444569e-03 1.4695981887e-05 -2.4615189294e-02 3.2722872078e-03 4.9583925109e-05 -9.1191973663e-05 1.3012572490e-03 -3.4887943222e-05
61                 -2.4393903745e-02 4.6011476810e-03 3.4457363779e-05 -2.4307051006e-02 3.2993341674e-03 6.7801074152e-05 -8.6852738739e-05 1.3018135137e-03 -3.3343710373e-05
62                 -2.4331328068e-02 4.5521227789e-03 9.4349610116e-06 -2.4239733028e-02 3.2508980340e-03 4.4251719567e-05 -9.1595040406e-05 1.3012247449e-03 -3.4816758556e-05
63                 -2.4045766770e-02 4.5892048094e-03 3.3525267587e-05 -2.3959550236e-02 3.2878867585e-03 6.6418237127e-05 -8.6216533839e-05 1.3013180510e-03 -3.2892969540e-05
64                 -2.3983747888e-02 4.5560275673e-03 1.2053102177e-05 -2.3893473675e-02 3.2555627428e-03 4.6243798985e-05 -9.0274212271e-05 1.3004648245e-03 -3.4190696808e-05
65                 -2.3700306363e-02 4.5843227984e-03 3.6667469182e-05 -2.3614237893e-02 3.2840399293e-03 6.9419866811e-05 -8.6068469352e-05 1.3002828691e-03 -3.2752397629e-05
66                 -2.3674875976e-02 4.5369262143e-03 1.2630172306e-05 -2.3583557506e-02 3.2370210596e-03 4.6997044941e-05 -9.1318470285e-05 1.2999051547e-03 -3.4366872635e-05
67                 -2.3412006464e-02 4.5768096153e-03 3.9008934356e-05 -2.3326780843e-02 3.2769038272e-03 7.1289470827e-05 -8.5225620348e-05 1.2999057881e-03 -3.2280536471e-05
68                 -2.3378797556e-02 4.5404888958e-03 1.8998184172e-05 -2.3288668371e-02 3.2415230567e-03 5.2823906022e-05 -9.0129185275e-05 1.2989658391e-03 -3.3825721851e-05
69                 -2.3136118062e-02 4.5729984012e-03 4.5093277881e-05 -2.3050409513e-02 3.2744535383e-03 7.7407467948e-05 -8.5708549266e-05 1.2985448628e-03 -3.2314190067e-05
70                 -2.3132382086e-02 4.5281605422e-03 2.4582964274e-05 -2.3041846980e-02 3.2297456461e-03 5.8475977200e-05 -9.0535106060e-05 1.2984148961e-03 -3.3893012926e-05
71                 -2.2904514218e-02 4.5664026418e-03 5.2352974195e-05 -2.2819444384e-02 3.2684332476e-03 8.4333703804e-05 -8.5069834073e-05 1.2979693943e-03 -3.1980729609e-05
72                 -2.2904850090e-02 4.5333122754e-03 3.3485224430e-05 -2.2814691336e-02 3.2363265827e-03 6.7067686411e-05 -9.0158753492e-05 1.2969856928e-03 -3.3582461981e-05
73                 -2.2693270694e-02 4.5662290365e-03 5.9581474711e-05 -2.2608119405e-02 3.2690001141e-03 9.1522629946e-05 -8.5151288860e-05 1.2972289224e-03 -3.1941155235e-05
74                 -2.2709893243e-02 4.5219913928e-03 4.0823689710e-05 -2.2619742138e-02 3.2252186157e-03 7.4439429223e-05 -9.0151105044e-05 1.2967727771e-03 -3.3615739514e-05
75                 -2.2508106223e-02 4.5626006972e-03 6.9833873028e-05 -2.2423836488e-02 3.2661726394e-03 1.0140619575e-04 -8.4269735440e-05 1.2964280579e-03 -3.1572322725e-05
76                 -2.2521241903e-02 4.5259167262e-03 5.0906910496e-05 -2.2431639431e-02 3.2300495087e-03 8.4202090118e-05 -8.9602472018e-05 1.2958672176e-03 -3.3295179622e-05
77                 -2.2335382706e-02 4.5586366859e-03 7.5397516977e-05 -2.2250792199e-02 3.2630072113e-03 1.0706973266e-04 -8.4590507452e-05 1.2956294746e-03 -3.1672215683e-05
78                 -2.2362694780e-02 4.5228830085e-03 5.7316286541e-05 -2.2272851298e-02 3.2275017137e-03 9.0684258061e-05 -8.9843482275e-05 1.2953812948e-03 -3.3367971520e-05
79                 -2.2174356535e-02 4.5563745391e-03 8.6365560906e-05 -2.2090054023e-02 3.2614519103e-03 1.1778385182e-04 -8.4302512043e-05 1.2949226288e-03 -3.1418290910e-05
80                 -2.2220442012e-02 4.5183277208e-03 6.6525794050e-05 -2.2130981665e-02 3.2242169430e-03 9.9617175889e-05 -8.9460347546e-05 1.2941107778e-03 -3.3091381840e-05
81                 -2.2041778854e-02 4.5564034154e-03 9.4065258090e-05 -2.1957213022e-02 3.2621493949e-03 1.2554901615e-04 -8.4565832747e-05 1.2942540205e-03 -3.1483758065e-05
82                 -2.2085493861e-02 4.5192926118e-03 7.4013872503e-05 -2.1996038943e-02 3.2251081967e-03 1.0715858607e-04 -8.9454917837e-05 1.2941844152e-03 -3.3144713572e-05
83                 -2.1913349240e-02 4.5534083879e-03 1.0189381667e-04 -2.1829097279e-02 3.2601133956e-03 1.3319683662e-04 -8.4251960420e-05 1.2932949923e-03 -3.1303019943e-05
84                 -2.1966621234e-02 4.5168705210e-03 8.0926402894e-05 -2.1877042078e-02 3.2242947645e-03 1.1391716450e-04 -8.9579155755e-05 1.2925757565e-03 -3.2990761606e-05
85                 -2.1791400851e-02 4.5514955516e-03 1.0802393460e-04 -2.1706907396e-02 3.2583744961e-03 1.3939817233e-04 -8.4493455258e-05 1.2931210555e-03 -3.1374237731e-05
86                 -2.1853886576e-02 4.5137059791e-03 8.6182508138e-05 -2.1764623292e-02 3.2211085278e-03 1.1919559233e-04 -8.9263283409e-05 1.2925974514e-03 -3.3013084195e-05
87                 -2.1696403699e-02 4.5528434747e-03 1.1389054689e-04 -2.1612586864e-02 3.2608014885e-03 1.4499475030e-04 -8.3816835840e-05 1.2920419862e-03 -3.1104203407e-05
88                 -2.1744081364e-02 4.5146008612e-03 9.3906267079e-05 -2.1655253452e-02 3.2223954101e-03 1.2666062427e-04 -8.8827911387e-05 1.2922054511e-03 -3.2754357194e-05
89                 -2.1585075092e-02 4.5481345839e-03 1.1922911067e-04 -2.1500811439e-02 3.2562964902e-03 1.5050832032e-04 -8.4263653300e-05 1.2918380937e-03 -3.1279209654e-05
90                 -2.1664396053e-02 4.5103380830e-03 9.6132207807e-05 -2.1574718529e-02 3.2187906155e-03 1.2914040251e-04 -8.9677524303e-05 1.2915474675e-03 -3.3008194707e-05
91                 -2.1494167081e-02 4.5503866619e-03 1.2579629051e-04 -2.1410506222e-02 3.2585967205e-03 1.5678903371e-04 -8.3660859006e-05 1.2917899413e-03 -3.0992743193e-05
92                 -2.1575844607e-02 4.5099562905e-03 1.0266552274e-04 -2.1487152482e-02 3.2191046346e-03 1.3534715027e-04 -8.8692124849e-05 1.2908516559e-03 -3.2681627531e-05
93                 -2.1420143532e-02 4.5504082291e-03 1.2903400046e-04 -2.1336291019e-02 3.2592522854e-03 1.6013601257e-04 -8.3852513214e-05 1.2911559437e-03 -3.1102012111e-05
94                 -2.1492575737e-02 4.5088895243e-03 1.0651886176e-04 -2.1403703340e-02 3.2177047298e-03 1.3930566246e-04 -8.8872397016e-05 1.2911847946e-03 -3.2786800700e-05
95                 -2.1331989064e-02 4.5457452774e-03 1.3316126517e-04 -2.1248496665e-02 3.2549770055e-03 1.6407960419e-04 -8.3492398692e-05 1.2907682719e-03 -3.0918339013e-05
96                 -2.1419798427e-02 4.5103938155e-03 1.0829355221e-04 -2.1330783810e-02 3.2207740681e-03 1.4093777179e-04 -8.9014617400e-05 1.2896197475e-03 -3.2644219578e-05
97                 -2.1253682122e-02 4.5459832408e-03 1.3665788118e-04 -2.1169718517e-02 3.2554963573e-03 1.6771126364e-04 -8.3963605762e-05 1.2904868835e-03 -3.1053382458e-05
98                 -2.1356781680e-02 4.5016642592e-03 1.1173515007e-04 -2.1268017251e-02 3.2118425786e-03 1.4446785221e-04 -8.8764429189e-05 1.2898216806e-03 -3.2732702137e-05
99                 -2.1204905876e-02 4.5450572868e-03 1.4045818046e-04 -2.1121585914e-02 3.2549662740e-03 1.7127590748e-04 -8.3319962050e-05 1.2900910128e-03 -3.0817727023e-05
100                -2.1293897982e-02 4.5092554837e-03 1.1675770186e-04 -2.1205518622e-02 3.2196625199e-03 1.4925971638e-04 -8.8379360326e-05 1.2895929638e-03 -3.2502014522e-05
101                -2.1144044529e-02 4.5443046256e-03 1.4303005062e-04 -2.1060206788e-02 3.2543925644e-03 1.7405142591e-04 -8.3837741107e-05 1.2899120612e-03 -3.1021375286e-05
102                -2.1256916964e-02 4.5030787210e-03 1.1763678478e-04 -2.1168088771e-02 3.2136840604e-03 1.5039206532e-04 -8.8828193618e-05 1.2893946606e-03 -3.2755280542e-05
103                -2.1100183720e-02 4.5431463168e-03 1.4751846103e-04 -2.1017008523e-02 3.2526910845e-03 1.7836614360e-04 -8.3175196208e-05 1.2904552323e-03 -3.0847682566e-05
104                -2.1207727495e-02 4.5047929737e-03 1.2220185189e-04 -2.1119797221e-02 3.2155578091e-03 1.5467987853e-04 -8.7930274334e-05 1.2892351646e-03 -3.2478026647e-05
105                -2.1067167699e-02 4.5472686978e-03 1.4827535576e-04 -2.0983791563e-02 3.2573374976e-03 1.7925148333e-04 -8.3376135403e-05 1.2899312002e-03 -3.0976127570e-05
106                -2.1165821981e-02 4.5067235379e-03 1.2355573338e-04 -2.1077702254e-02 3.2169964172e-03 1.5619866427e-04 -8.8119727438e-05 1.2897271206e-03 -3.2642930882e-05
107                -2.1028028152e-02 4.5404102141e-03 1.5001153016e-04 -2.0944777565e-02 3.2510880096e-03 1.8090123244e-04 -8.3250586556e-05 1.2893222045e-03 -3.0889702287e-05
108                -2.1137272385e-02 4.5042299452e-03 1.2513508352e-04 -2.1048661014e-02 3.2159418762e-03 1.5774080216e-04 -8.8611371012e-05 1.2882880690e-03 -3.2605718637e-05
109                -2.0991542336e-02 4.5417762396e-03 1.5267211585e-04 -2.0908041019e-02 3.2518176659e-03 1.8367319839e-04 -8.3501317600e-05 1.2899585737e-03 -3.1001082549e-05
110                -2.1111459509e-02 4.5024103578e-03 1.2564627102e-04 -2.1023496752e-02 3.2132470109e-03 1.5823123332e-04 -8.7962756580e-05 1.2891633468e-03 -3.2584962300e-05
111                -2.0974027545e-02 4.5448301909e-03 1.5420150326e-04 -2.0891298628e-02 3.2554115833e-03 1.8492144509e-04 -8.2728917221e-05 1.2894186076e-03 -3.0719941826e-05
112                -2.1072205960e-02 4.5043992540e-03 1.3049770127e-04 -2.0984077513e-02 3.2157200954e-03 1.6296025237e-04 -8.8128447092e-05 1.2886791586e-03 -3.2462551099e-05
113                -2.0955872833e-02 4.5394359973e-03 1.5584234906e-04 -2.0872157801e-02 3.2503721363e-03 1.8681857175e-04 -8.3715032143e-05 1.2890638610e-03 -3.0976222693e-05
114                -2.1074312185e-02 4.5044048512e-03 1.3057477522e-04 -2.0985695656e-02 3.2158223357e-03 1.6322024771e-04 -8.8616528960e-05 1.2885825155e-03 -3.2645472485e-05
115                -2.0940617614e-02 4.5416290773e-03 1.5897075264e-04 -2.0857437236e-02 3.2524902650e-03 1.8976623763e-04 -8.3180377316e-05 1.2891388122e-03 -3.0795484994e-05
116                -2.1062452424e-02 4.5040620133e-03 1.3412003760e-04 -2.0974432796e-02 3.2161269562e-03 1.6654956707e-04 -8.8019627915e-05 1.2879350571e-03 -3.2429529467e-05
117                -2.0944932664e-02 4.5431781269e-03 1.6112905833e-04 -2.0861626524e-02 3.2542035623e-03 1.9199537168e-04 -8.3306139890e-05 1.2889745645e-03 -3.0866313348e-05
118                -2.1060040233e-02 4.5071510695e-03 1.3727256301e-04 -2.0972161689e-02 3.2184516654e-03 1.6975603845e-04 -8.7878543920e-05 1.2886994041e-03 -3.2483475436e-05
119                -2.0943340468e-02 4.5421161161e-03 1.6286152130e-04 -2.0859934525e-02 3.2538119663e-03 1.9369950167e-04 -8.3405942784e-05 1.2883041498e-03 -3.0837980371e-05
120                -2.1063908993e-02 4.5049168336e-03 1.3851869839e-04 -2.0975540457e-02 3.2170194126e-03 1.7103680813e-04 -8.8368536220e-05 1.2878974210e-03 -3.2518109748e-05
121                -2.0938765388e-02 4.5424400281e-03 1.6502608266e-04 -2.0855532967e-02 3.2534868281e-03 1.9589013817e-04 -8.3232420402e-05 1.2889532000e-03 -3.0864055505e-05
122                -2.1063507728e-02 4.5049301712e-03 1.3987689466e-04 -2.0975522051e-02 3.2167464872e-03 1.7243479975e-04 -8.7985676701e-05 1.2881836840e-03 -3.2557905097e-05
123                -2.0945207599e-02 4.5448370050e-03 1.6621277308e-04 -2.0862498497e-02 3.2563887876e-03 1.9689915797e-04 -8.2709101645e-05 1.2884482174e-03 -3.0686384887e-05
124                -2.1054907494e-02 4.5074563008e-03 1.4236606054e-04 -2.0967177620e-02 3.2194991501e-03 1.7474604820e-04 -8.7729874824e-05 1.2879571508e-03 -3.2379987663e-05
125                -2.0944980185e-02 4.5440765276e-03 1.6632599115e-04 -2.0861457206e-02 3.2559284317e-03 1.9725047638e-04 -8.3522979377e-05 1.2881480958e-03 -3.0924485227e-05
126                -2.1070702550e-02 4.5077082929e-03 1.4211709671e-04 -2.0982318399e-02 3.2197455214e-03 1.7473548276e-04 -8.8384151251e-05 1.2879627714e-03 -3.2618386048e-05
127                -2.0943160732e-02 4.5445779273e-03 1.6904408310e-04 -2.0860403373e-02 3.2560599286e-03 1.9979447531e-04 -8.2757359521e-05 1.2885179987e-03 -3.0750392217e-05
128                -2.1068445168e-02 4.5033356950e-03 1.4161607228e-04 -2.0980623746e-02 3.2159528099e-03 1.7408335249e-04 -8.7821421789e-05 1.2873828852e-03 -3.2467280214e-05
129                -2.0936144605e-02 4.5472911928e-03 1.6696557401e-04 -2.0853365009e-02 3.2584540489e-03 1.9776487086e-04 -8.2779596210e-05 1.2888371439e-03 -3.0799296846e-05
130                -2.1044433828e-02 4.5045147823e-03 1.4046476614e-04 -2.0956605294e-02 3.2160457548e-03 1.7299974539e-04 -8.7828534074e-05 1.2884690275e-03 -3.2534979246e-05
131                -2.0913697727e-02 4.5417080678e-03 1.6663890175e-04 -2.0830568175e-02 3.2536013356e-03 1.9750063617e-04 -8.3129551555e-05 1.2881067322e-03 -3.0861734423e-05
132                -2.1034598318e-02 4.5055583119e-03 1.3990810105e-04 -2.0946345306e-02 3.2181173798e-03 1.7242710235e-04 -8.8253012436e-05 1.2874409321e-03 -3.2519001298e-05
133                -2.0898867435e-02 4.5395827345e-03 1.6483929182e-04 -2.0815600994e-02 3.2513407308e-03 1.9576015734e-04 -8.3266441196e-05 1.2882420037e-03 -3.0920865520e-05
134                -2.1019265789e-02 4.5021064843e-03 1.3729299419e-04 -2.0931490211e-02 3.2141253240e-03 1.6978325211e-04 -8.7775578245e-05 1.2879811604e-03 -3.2490257914e-05
135                -2.0877362360e-02 4.5444357507e-03 1.6554152949e-04 -2.0794689290e-02 3.2564293528e-03 1.9622364974e-04 -8.2673070609e-05 1.2880063979e-03 -3.0682120246e-05
136                -2.0992443715e-02 4.5022557408e-03 1.3848977863e-04 -2.0904253241e-02 3.2148056001e-03 1.7093744175e-04 -8.8190474032e-05 1.2874501406e-03 -3.2447663123e-05
137                -2.0872968633e-02 4.5391301075e-03 1.6392716914e-04 -2.0789314719e-02 3.2519767759e-03 1.9486265612e-04 -8.3653914178e-05 1.2871533316e-03 -3.0935486986e-05
138                -2.1001774919e-02 4.5001365813e-03 1.3862270811e-04 -2.0913061557e-02 3.2130252728e-03 1.7127318188e-04 -8.8713361775e-05 1.2871113085e-03 -3.2650473766e-05
139                -2.0874166151e-02 4.5387042267e-03 1.6629994759e-04 -2.0791278291e-02 3.2508192935e-03 1.9702691835e-04 -8.2887860276e-05 1.2878849332e-03 -3.0726970766e-05
140                -2.1004283195e-02 4.5034064142e-03 1.3957808855e-04 -2.0916463412e-02 3.2161949755e-03 1.7197881016e-04 -8.7819783063e-05 1.2872114387e-03 -3.2400721616e-05
141                -2.0878167464e-02 4.5446939118e-03 1.6640735405e-04 -2.0795356941e-02 3.2568899743e-03 1.9716833822e-04 -8.2810522654e-05 1.2878039375e-03 -3.0760984167e-05
142                -2.0998831039e-02 4.5020889583e-03 1.4009577060e-04 -2.0910763659e-02 3.2145242592e-03 1.7264194763e-04 -8.8067380756e-05 1.2875646991e-03 -3.2546177033e-05
143                -2.0875818841e-02 4.5383661578e-03 1.6610212942e-04 -2.0792457806e-02 3.2512324429e-03 1.9694880045e-04 -8.3361035054e-05 1.2871337149e-03 -3.0846671034e-05
144                -2.0998719043e-02 4.5046259292e-03 1.3992234325e-04 -2.0910394238e-02 3.2179129384e-03 1.7243972041e-04 -8.8324804588e-05 1.2867129908e-03 -3.2517377158e-05
145                -2.0868414133e-02 4.5385994287e-03 1.6503509072e-04 -2.0785303247e-02 3.2510598695e-03 1.9590082487e-04 -8.3110885277e-05 1.2875395592e-03 -3.0865734154e-05
146                -2.0993217240e-02 4.4995606591e-03 1.3767110062e-04 -2.0905276614e-02 3.2124512551e-03 1.7021461511e-04 -8.7940626694e-05 1.2871094040e-03 -3.2543514487e-05
147                -2.0858501955e-02 4.5438469687e-03 1.6613146761e-04 -2.0775948290e-02 3.2561907608e-03 1.9679627380e-04 -8.2553664676e-05 1.2876562079e-03 -3.0664806190e-05
148                -2.0976758943e-02 4.5013853058e-03 1.3895524499e-04 -2.0888805058e-02 3.2143472285e-03 1.7138687928e-04 -8.7953884868e-05 1.2870380773e-03 -3.2431634291e-05
149                -2.0855833935e-02 4.5383768129e-03 1.6406453700e-04 -2.0772317241e-02 3.2513131748e-03 1.9498942482e-04 -8.3516693410e-05 1.2870636381e-03 -3.0924887816e-05
150                -2.0981800674e-02 4.5027040232e-03 1.3883574233e-04 -2.0893354057e-02 3.2155070645e-03 1.7142470217e-04 -8.8446617357e-05 1.2871969587e-03 -3.2588959839e-05
151                -2.0854832498e-02 4.5403598321e-03 1.6666678364e-04 -2.0772169601e-02 3.2528365432e-03 1.9734033911e-04 -8.2662897084e-05 1.2875232889e-03 -3.0673555475e-05
152                -2.0991333121e-02 4.5020031862e-03 1.3917368825e-04 -2.0903568867e-02 3.2153922752e-03 1.7154755625e-04 -8.7764254134e-05 1.2866109110e-03 -3.2373867996e-05
153                -2.0869800037e-02 4.5465584622e-03 1.6686191754e-04 -2.0786890393e-02 3.2593535627e-03 1.9761853187e-04 -8.2909644248e-05 1.2872048995e-03 -3.0756614326e-05
154                -2.0999604078e-02 4.5023165887e-03 1.4134903384e-04 -2.0911288869e-02 3.2152707381e-03 1.7389657484e-04 -8.8315209402e-05 1.2870458506e-03 -3.2547540993e-05
155                -2.0886899392e-02 4.5422358853e-03 1.6910717713e-04 -2.0803689649e-02 3.2556460915e-03 1.9989523460e-04 -8.3209743000e-05 1.2865897938e-03 -3.0788057463e-05
156                -2.1026697451e-02 4.5056333687e-03 1.4293873016e-04 -2.0938170910e-02 3.2192905800e-03 1.7545064116e-04 -8.8526541084e-05 1.2863427888e-03 -3.2511911000e-05
157                -2.0906409563e-02 4.5453419776e-03 1.6958316640e-04 -2.0823392947e-02 3.2580358987e-03 2.0038260468e-04 -8.3016615508e-05 1.2873060789e-03 -3.0799438282e-05
158                -2.1038245218e-02 4.5039277292e-03 1.4398208135e-04 -2.0950215840e-02 3.2171476041e-03 1.7649445106e-04 -8.8029377902e-05 1.2867801251e-03 -3.2512369708e-05
159                -2.0919375684e-02 4.5447518276e-03 1.7158506600e-04 -2.0836742427e-02 3.2575126582e-03 2.0222131675e-04 -8.2633257108e-05 1.2872391694e-03 -3.0636250749e-05
160                -2.1040143450e-02 4.5074935299e-03 1.4519421313e-04 -2.0952322776e-02 3.2205513722e-03 1.7756082916e-04 -8.7820674320e-05 1.2869421577e-03 -3.2366616030e-05
161                -2.0918484889e-02 4.5448545316e-03 1.6996891884e-04 -2.0835053042e-02 3.2576902737e-03 2.0084413061e-04 -8.3431847186e-05 1.2871642580e-03 -3.0875211766e-05
162                -2.1043633248e-02 4.5056347590e-03 1.4475350861e-04 -2.0955273466e-02 3.2190154997e-03 1.7728604336e-04 -8.8359781877e-05 1.2866192594e-03 -3.2532534744e-05
163                -2.0914417117e-02 4.5431352561e-03 1.7167011833e-04 -2.0831303193e-02 3.2556991036e-03 2.0240958610e-04 -8.3113923350e-05 1.2874361526e-03 -3.0739467771e-05
164                -2.1043441981e-02 4.5053884091e-03 1.4387131510e-04 -2.0955536406e-02 3.2189874557e-03 1.7625300372e-04 -8.7905575192e-05 1.2864009533e-03 -3.2381688626e-05
165                -2.0911860462e-02 4.5467168844e-03 1.6989393964e-04 -2.0828666410e-02 3.2593878705e-03 2.0068932594e-04 -8.3194051962e-05 1.2873290139e-03 -3.0795386294e-05
166                -2.1028572745e-02 4.5055825011e-03 1.4436159242e-04 -2.0940565669e-02 3.2186348622e-03 1.7682760394e-04 -8.8007076212e-05 1.2869476389e-03 -3.2466011512e-05
167                -2.0910848853e-02 4.5419087177e-03 1.7080626509e-04 -2.0827596660e-02 3.2552380576e-03 2.0159021918e-04 -8.3252193002e-05 1.2866706602e-03 -3.0783954087e-05
168                -2.1037817898e-02 4.5064210442e-03 1.4513341994e-04 -2.0949557909e-02 3.2203339718e-03 1.7757881563e-04 -8.8259988889e-05 1.2860870724e-03 -3.2445395697e-05
169                -2.0908679751e-02 4.5443841690e-03 1.7164409983e-04 -2.0825271704e-02 3.2570134120e-03 2.0251073455e-04 -8.3408046865e-05 1.2873707571e-03 -3.0866634718e-05
170                -2.1043094038e-02 4.5055178537e-03 1.4452454845e-04 -2.0955159282e-02 3.2190800547e-03 1.7700462896e-04 -8.7934756184e-05 1.2864377989e-03 -3.2480080509e-05
171                -2.0920798556e-02 4.5448117795e-03 1.7162736935e-04 -2.0837905060e-02 3.2578849055e-03 2.0231046264e-04 -8.2893496109e-05 1.2869268740e-03 -3.0683093290e-05
172                -2.1038255750e-02 4.5078425439e-03 1.4650595430e-04 -2.0950428978e-02 3.2212910665e-03 1.7890574960e-04 -8.7826771508e-05 1.2865514774e-03 -3.2399795296e-05
173                -2.0921969345e-02 4.5448197664e-03 1.7130801016e-04 -2.0838370813e-02 3.2581260404e-03 2.0221627029e-04 -8.3598532310e-05 1.2866937260e-03 -3.0908260124e-05
174                -2.1055896672e-02 4.5058264145e-03 1.4396238369e-04 -2.0967679584e-02 3.2194141093e-03 1.7650854720e-04 -8.8217088391e-05 1.2864123052e-03 -3.2546163510e-05
175                -2.0919690977e-02 4.5419275032e-03 1.7022533428e-04 -2.0836631929e-02 3.2549086552e-03 2.0097258965e-04 -8.3059047786e-05 1.2870188480e-03 -3.0747255369e-05
176                -2.1038717910e-02 4.5041708913e-03 1.4290171430e-04 -2.0950753934e-02 3.2178501162e-03 1.7533266342e-04 -8.7963975922e-05 1.2863207752e-03 -3.2430949127e-05
177                -2.0910959004e-02 4.5465271514e-03 1.6774241439e-04 -2.0827815792e-02 3.2592892844e-03 1.9853398867e-04 -8.3143212544e-05 1.2872378670e-03 -3.0791574283e-05
178                -2.1026950690e-02 4.5049253601e-03 1.4132394171e-04 -2.0938980659e-02 3.2181481295e-03 1.7380309260e-04 -8.7970030470e-05 1.2867772305e-03 -3.2479150893e-05
179                -2.0894653935e-02 4.5395203277e-03 1.6772375802e-04 -2.0811351015e-02 3.2529706460e-03 1.9851663214e-04 -8.3302919936e-05 1.2865496816e-03 -3.0792874116e-05
180                -2.1019459036e-02 4.5035951740e-03 1.4139330608e-04 -2.0931200207e-02 3.2173453665e-03 1.7386076027e-04 -8.8258829422e-05 1.2862498075e-03 -3.2467454193e-05
181                -2.0887839648e-02 4.5424029350e-03 1.6719570703e-04 -2.0804676051e-02 3.2553524794e-03 1.9803179031e-04 -8.3163597716e-05 1.2870504556e-03 -3.0836083278e-05
182                -2.1013284764e-02 4.5027606187e-03 1.4149443285e-04 -2.0925193889e-02 3.2162703755e-03 1.7400649011e-04 -8.8090875536e-05 1.2864902431e-03 -3.2512057256e-05
183                -2.0890998735e-02 4.5428769191e-03 1.6938263187e-04 -2.0808114663e-02 3.2562268511e-03 2.0005794931e-04 -8.2884071576e-05 1.2866500680e-03 -3.0675317440e-05
184                -2.1012388896e-02 4.5031783183e-03 1.4366024306e-04 -2.0924408195e-02 3.2167720810e-03 1.7606271818e-04 -8.7980700651e-05 1.2864062373e-03 -3.2402475125e-05
185                -2.0895381561e-02 4.5436237915e-03 1.7009008139e-04 -2.0812082836e-02 3.2571913981e-03 2.0094592603e-04 -8.3298725240e-05 1.2864323934e-03 -3.0855844637e-05
186                -2.1029568868e-02 4.5066537989e-03 1.4525288700e-04 -2.0941026432e-02 3.2203272633e-03 1.7783261304e-04 -8.8542436403e-05 1.2863265356e-03 -3.2579726042e-05
187                -2.0914609536e-02 4.5416366995e-03 1.7340061916e-04 -2.0831626363e-02 3.2550351898e-03 2.0413354346e-04 -8.2983172496e-05 1.2866015097e-03 -3.0732924299e-05
188                -2.1051172333e-02 4.5067034956e-03 1.4717514393e-04 -2.0963155674e-02 3.2209088885e-03 1.7959123197e-04 -8.8016658722e-05 1.2857946071e-03 -3.2416088032e-05
189                -2.0937472211e-02 4.5474941124e-03 1.7398911956e-04 -2.0854195217e-02 3.2610471600e-03 2.0485014041e-04 -8.3276993865e-05 1.2864469524e-03 -3.0861020852e-05
190                -2.1070316429e-02 4.5071382995e-03 1.4791207131e-04 -2.0982183616e-02 3.2207881262e-03 1.8043102046e-04 -8.8132813242e-05 1.2863501733e-03 -3.2518949148e-05
191                -2.0954301528e-02 4.5449650872e-03 1.7517760929e-04 -2.0871156123e-02 3.2591411710e-03 2.0596918687e-04 -8.3145404705e-05 1.2858239162e-03 -3.0791577585e-05
192                -2.1083301068e-02 4.5081676393e-03 1.4827539504e-04 -2.0995001289e-02 3.2227506864e-03 1.8078765825e-04 -8.8299779050e-05 1.2854169530e-03 -3.2512263207e-05
193                -2.0961275356e-02 4.5430595626e-03 1.7344388143e-04 -2.0877906059e-02 3.2567645022e-03 2.0434169841e-04 -8.3369296450e-05 1.2862950604e-03 -3.0897816979e-05
194                -2.1086587083e-02 4.5074917688e-03 1.4640363606e-04 -2.0998456959e-02 3.2214667445e-03 1.7897309303e-04 -8.8130123603e-05 1.2860250243e-03 -3.2569456970e-05
195                -2.0959036410e-02 4.5480225366e-03 1.7326887740e-04 -2.0876233047e-02 3.2614768689e-03 2.0393676057e-04 -8.2803362282e-05 1.2865456677e-03 -3.0667883177e-05
196                -2.1080271084e-02 4.5081433033e-03 1.4440085760e-04 -2.0992204408e-02 3.2222015779e-03 1.7684590305e-04 -8.8066675940e-05 1.2859417253e-03 -3.2445045448e-05
197                -2.0950760694e-02 4.5440086819e-03 1.6978829642e-04 -2.0867054969e-02 3.2579496499e-03 2.0073875788e-04 -8.3705725733e-05 1.2860590320e-03 -3.0950461459e-05
198                -2.1074589090e-02 4.5052427765e-03 1.4331184614e-04 -2.0986113355e-02 3.2193053771e-03 1.7590756550e-04 -8.8475735034e-05 1.2859373994e-03 -3.2595719363e-05
199                -2.0944056930e-02 4.5411454167e-03 1.6933651349e-04 -2.0861012270e-02 3.2546055706e-03 2.0005569275e-04 -8.3044660408e-05 1.2865398461e-03 -3.0719179260e-05
200                -2.1069720824e-02 4.5062111441e-03 1.4061034618e-04 -2.0981764854e-02 3.2203863604e-03 1.7301775344e-04 -8.7955969860e-05 1.2858247837e-03 -3.2407407263e-05
201                -2.0934460613e-02 4.5481295745e-03 1.6739000702e-04 -2.0851245368e-02 3.2614049316e-03 1.9817813211e-04 -8.3215244697e-05 1.2867246430e-03 -3.0788125087e-05
202                -2.1054184792e-02 4.5048363156e-03 1.4119573382e-04 -2.0966012599e-02 3.2185438724e-03 1.7371045964e-04 -8.8172193371e-05 1.2862924432e-03 -3.2514725815e-05
203                -2.0928164376e-02 4.5416048059e-03 1.6837015575e-04 -2.0844832183e-02 3.2553461371e-03 1.9913272552e-04 -8.3332193110e-05 1.2862586687e-03 -3.0762569772e-05
204                -2.1061871910e-02 4.5057726415e-03 1.4072078262e-04 -2.0973615731e-02 3.2204069203e-03 1.7315267833e-04 -8.8256179112e-05 1.2853657211e-03 -3.2431895711e-05
205                -2.0921952611e-02 4.5449306848e-03 1.6878746347e-04 -2.0838422764e-02 3.2580227872e-03 1.9966189075e-04 -8.3529847516e-05 1.2869078975e-03 -3.0874427272e-05
206                -2.1060950985e-02 4.5054116787e-03 1.4266991622e-04 -2.0972786762e-02 3.2194563033e-03 1.7516086673e-04 -8.8164222565e-05 1.2859553754e-03 -3.2490950518e-05
207                -2.0934363676e-02 4.5451894433e-03 1.7140065910e-04 -2.0851440264e-02 3.2584645941e-03 2.0204392782e-04 -8.2923412372e-05 1.2867248492e-03 -3.0643268718e-05
208                -2.1056916197e-02 4.5065620245e-03 1.4494695047e-04 -2.0968994070e-02 3.2208696365e-03 1.7731336914e-04 -8.7922127065e-05 1.2856923880e-03 -3.2366418673e-05
209                -2.0931846153e-02 4.5453038422e-03 1.7170472723e-04 -2.0848307041e-02 3.2589595602e-03 2.0257592749e-04 -8.3539112071e-05 1.2863442820e-03 -3.0871200264e-05
210                -2.1065222292e-02 4.5070268107e-03 1.4609873768e-04 -2.0976921505e-02 3.2212029784e-03 1.7862320642e-04 -8.8300786794e-05 1.2858238323e-03 -3.2524468742e-05
211                -2.0936365944e-02 4.5422617241e-03 1.7313390606e-04 -2.0853225720e-02 3.2554871770e-03 2.0385637885e-04 -8.3140223625e-05 1.2867745471e-03 -3.0722472793e-05
212                -2.1062682435e-02 4.5069348595e-03 1.4599450281e-04 -2.0974658413e-02 3.2209902525e-03 1.7843265842e-04 -8.8024022077e-05 1.2859446070e-03 -3.2438155608e-05
213                -2.0939924718e-02 4.5477310819e-03 1.7181587954e-04 -2.0856619295e-02 3.2608649249e-03 2.0261465278e-04 -8.3305422281e-05 1.2868661570e-03 -3.0798773241e-05
214                -2.1051481313e-02 4.5067253038e-03 1.4660148752e-04 -2.0963612750e-02 3.2201613720e-03 1.7908782923e-04 -8.7868563628e-05 1.2865639317e-03 -3.2486341713e-05
215                -2.0931462170e-02 4.5416712404e-03 1.7199685036e-04 -2.0848334329e-02 3.2551355574e-03 2.0274366133e-04 -8.3127840791e-05 1.2865356830e-03 -3.0746810968e-05
216                -2.1053645088e-02 4.5083980435e-03 1.4496550564e-04 -2.0965487919e-02 3.2223128610e-03 1.7742530155e-04 -8.8157169120e-05 1.2860851825e-03 -3.2459795901e-05
217                -2.0925423213e-02 4.5444337451e-03 1.7023355449e-04 -2.0842029544e-02 3.2572996325e-03 2.0108294406e-04 -8.3393669385e-05 1.2871341126e-03 -3.0849389567e-05
218                -2.1047592762e-02 4.5048163503e-03 1.4439937684e-04 -2.0959496775e-02 3.2182660363e-03 1.7693044649e-04 -8.8095986667e-05 1.2865503140e-03 -3.2531069645e-05
219                -2.0925688996e-02 4.5430834617e-03 1.7095687802e-04 -2.0842609134e-02 3.2559945716e-03 2.0165267434e-04 -8.3079861952e-05 1.2870888901e-03 -3.0695796323e-05
220                -2.1036984736e-02 4.5085075818e-03 1.4495081405e-04 -2.0949206062e-02 3.2218766027e-03 1.7733426168e-04 -8.7778673149e-05 1.2866309791e-03 -3.2383447629e-05
221                -2.0919797606e-02 4.5454899496e-03 1.6858281419e-04 -2.0836355571e-02 3.2586923551e-03 1.9944584628e-04 -8.3442035434e-05 1.2867975945e-03 -3.0863032097e-05
222                -2.1042505184e-02 4.5069676607e-03 1.4329931306e-04 -2.0954287001e-02 3.2204323828e-03 1.7583043446e-04 -8.8218183395e-05 1.2865352779e-03 -3.2531121397e-05
223                -2.0915694213e-02 4.5420449182e-03 1.7058289336e-04 -2.0832550628e-02 3.2551941778e-03 2.0130398046e-04 -8.3143584852e-05 1.2868507405e-03 -3.0721087101e-05
224                -2.1040250251e-02 4.5059738324e-03 1.4496054375e-04 -2.0952113777e-02 3.2201298514e-03 1.7742346383e-04 -8.8136474686e-05 1.2858439810e-03 -3.2462920081e-05
225                -2.0922444518e-02 4.5463180143e-03 1.7067388624e-04 -2.0839306670e-02 3.2596675732e-03 2.0146361767e-04 -8.3137848036e-05 1.2866504411e-03 -3.0789731433e-05
226                -2.1037330681e-02 4.5052766390e-03 1.4571542466e-04 -2.0949507431e-02 3.2188496261e-03 1.7818417450e-04 -8.7823250149e-05 1.2864270129e-03 -3.2468749844e-05
227                -2.0918103578e-02 4.5434275412e-03 1.7254319958e-04 -2.0835013942e-02 3.2571905779e-03 2.0330729629e-04 -8.3089635892e-05 1.2862369633e-03 -3.0764096705e-05
228                -2.1045467507e-02 4.5097023779e-03 1.4706706722e-04 -2.0957308828e-02 3.2242131264e-03 1.7954673088e-04 -8.8158678948e-05 1.2854892515e-03 -3.2479663652e-05
229                -2.0928330496e-02 4.5452829371e-03 1.7184818496e-04 -2.0844887982e-02 3.2589437541e-03 2.0272611171e-04 -8.3442513354e-05 1.2863391830e-03 -3.0877926750e-05
230                -2.1053407860e-02 4.5054231651e-03 1.4635098254e-04 -2.0965347415e-02 3.2198059150e-03 1.7889423604e-04 -8.8060444970e-05 1.2856172502e-03 -3.2543253503e-05
231                -2.0935424350e-02 4.5438390318e-03 1.7351990704e-04 -2.0852496460e-02 3.2576800203e-03 2.0422259271e-04 -8.2927889685e-05 1.2861590114e-03 -3.0702685677e-05
232                -2.1052753436e-02 4.5097871805e-03 1.4785986139e-04 -2.0964912723e-02 3.2241238466e-03 1.8028218518e-04 -8.7840713051e-05 1.2856633339e-03 -3.2422323793e-05
233                -2.0945063934e-02 4.5445123317e-03 1.7165174629e-04 -2.0861626167e-02 3.2588752425e-03 2.0254862538e-04 -8.3437767570e-05 1.2856370892e-03 -3.0896879093e-05
234                -2.1062128050e-02 4.5085746459e-03 1.4729547136e-04 -2.0973877629e-02 3.2230017711e-03 1.7987070887e-04 -8.8250420341e-05 1.2855728748e-03 -3.2575237513e-05
235                -2.0947451635e-02 4.5416469217e-03 1.7245244308e-04 -2.0864348522e-02 3.2557272246e-03 2.0317997186e-04 -8.3103112741e-05 1.2859196970e-03 -3.0727528781e-05
236                -2.1063931334e-02 4.5075244598e-03 1.4581587464e-04 -2.0975965662e-02 3.2220331050e-03 1.7826533349e-04 -8.7965672364e-05 1.2854913549e-03 -3.2449458854e-05
237                -2.0950598925e-02 4.5462856924e-03 1.6972748218e-04 -2.0867304224e-02 3.2604641197e-03 2.0054789321e-04 -8.3294701219e-05 1.2858215726e-03 -3.0820411034e-05
238                -2.1048765612e-02 4.5078447037e-03 1.4614480134e-04 -2.0960914385e-02 3.2216812017e-03 1.7861176825e-04 -8.7851226180e-05 1.2861635020e-03 -3.2466966914e-05
239                -2.0938544158e-02 4.5410237351e-03 1.7015810214e-04 -2.0855376523e-02 3.2555260497e-03 2.0088177379e-04 -8.3167635333e-05 1.2854976854e-03 -3.0723671649e-05
240                -2.1055280343e-02 4.5078125518e-03 1.4317832068e-04 -2.0966826353e-02 3.2224346056e-03 1.7566850201e-04 -8.8453990398e-05 1.2853779462e-03 -3.2490181333e-05
241                -2.0932992277e-02 4.5433253533e-03 1.6775707781e-04 -2.0849430773e-02 3.2571447352e-03 1.9861531628e-04 -8.3561504136e-05 1.2861806181e-03 -3.0858238476e-05
242                -2.1041966124e-02 4.5051568235e-03 1.4324472074e-04 -2.0953737360e-02 3.2191137504e-03 1.7576894330e-04 -8.8228763778e-05 1.2860430731e-03 -3.2524222566e-05
243                -2.0929683571e-02 4.5418706679e-03 1.6809568746e-04 -2.0846622959e-02 3.2558078345e-03 1.9877259054e-04 -8.3060612125e-05 1.2860628334e-03 -3.0676903075e-05
244                -2.1034612425e-02 4.5082025364e-03 1.4277004133e-04 -2.0946645803e-02 3.2219929446e-03 1.7517210448e-04 -8.7966621878e-05 1.2862095918e-03 -3.2402063149e-05
245                -2.0925020032e-02 4.5437669530e-03 1.6583728595e-04 -2.0841624719e-02 3.2574090517e-03 1.9670144144e-04 -8.3395312724e-05 1.2863579013e-03 -3.0864155485e-05
246                -2.1036976694e-02 4.5085163451e-03 1.4123853521e-04 -2.0948553603e-02 3.2219771277e-03 1.7381531918e-04 -8.8423091104e-05 1.2865392174e-03 -3.2576783972e-05
247                -2.0916909108e-02 4.5404020311e-03 1.6739906785e-04 -2.0833776108e-02 3.2538611633e-03 1.9810354519e-04 -8.3133000082e-05 1.2865408678e-03 -3.0704477340e-05
248                -2.1031636318e-02 4.5064503320e-03 1.4178170552e-04 -2.0943467370e-02 3.2203347289e-03 1.7421757612e-04 -8.8168947727e-05 1.2861156031e-03 -3.2435870597e-05
249                -2.0922356461e-02 4.5439271736e-03 1.6646736450e-04 -2.0839073715e-02 3.2573527565e-03 1.9723837928e-04 -8.3282746192e-05 1.2865744171e-03 -3.0771014773e-05
250                -2.1023262829e-02 4.5070206705e-03 1.4388008846e-04 -2.0935341290e-02 3.2200722738e-03 1.7633953481e-04 -8.7921538901e-05 1.2869483967e-03 -3.2459446346e-05
251                -2.0915648530e-02 4.5417867188e-03 1.7002797191e-04 -2.0832502838e-02 3.2555979459e-03 2.0074372568e-04 -8.3145692515e-05 1.2861887729e-03 -3.0715753772e-05
252                -2.1039780561e-02 4.5122939507e-03 1.4503528936e-04 -2.0951659901e-02 3.2265193923e-03 1.7743897279e-04 -8.8120660062e-05 1.2857745584e-03 -3.2403683428e-05
253                -2.0925277027e-02 4.5433473612e-03 1.6990618484e-04 -2.0841811918e-02 3.2571371926e-03 2.0074200843e-04 -8.3465109572e-05 1.2862101686e-03 -3.0835823589e-05
254                -2.1038762154e-02 4.5055143488e-03 1.4649741328e-04 -2.0950519906e-02 3.2194558424e-03 1.7902949002e-04 -8.8242247572e-05 1.2860585064e-03 -3.2532076743e-05
255                -2.0929640079e-02 4.5451504157e-03 1.7334482155e-04 -2.0846761750e-02 3.2590470274e-03 2.0396657178e-04 -8.2878329010e-05 1.2861033883e-03 -3.0621750225e-05
256                -2.1044541740e-02 4.5112353520e-03 1.4706884595e-04 -2.0956749164e-02 3.2253239686e-03 1.7942887751e-04 -8.7792576962e-05 1.2859113834e-03 -3.2360031562e-05
257                -2.0930950914e-02 4.5430135193e-03 1.7054533763e-04 -2.0847467917e-02 3.2569901393e-03 2.0140769689e-04 -8.3482996515e-05 1.2860233800e-03 -3.0862359257e-05
258                -2.1041711029e-02 4.5085639476e-03 1.4679079516e-04 -2.0953437187e-02 3.2225209941e-03 1.7932983023e-04 -8.8273842458e-05 1.2860429535e-03 -3.2539035069e-05
259                -2.0922764057e-02 4.5425890909e-03 1.7281288477e-04 -2.0839651055e-02 3.2562896016e-03 2.0350643790e-04 -8.3113001912e-05 1.2862994893e-03 -3.0693553126e-05
260                -2.1045563061e-02 4.5078445610e-03 1.4529511712e-04 -2.0957624141e-02 3.2223170381e-03 1.7771594080e-04 -8.7938920025e-05 1.2855275229e-03 -3.2420823680e-05
261                -2.0926228793e-02 4.5447660352e-03 1.6970438032e-04 -2.0843034766e-02 3.2582186212e-03 2.0050399108e-04 -8.3194027110e-05 1.2865474140e-03 -3.0799610758e-05
262                -2.1025674774e-02 4.5066110191e-03 1.4590059594e-04 -2.0938032829e-02 3.2198736619e-03 1.7836744075e-04 -8.7641945350e-05 1.2867373572e-03 -3.2466844817e-05
263                -2.0915483501e-02 4.5430629023e-03 1.7038767652e-04 -2.0832618046e-02 3.2566357363e-03 2.0109956739e-04 -8.2865455069e-05 1.2864271660e-03 -3.0711890864e-05
264                -2.1033778859e-02 4.5097085177e-03 1.4346946738e-04 -2.0945850404e-02 3.2238451453e-03 1.7590709806e-04 -8.7928455044e-05 1.2858633724e-03 -3.2437630673e-05
265                -2.0906688177e-02 4.5426895702e-03 1.6815319248e-04 -2.0823277926e-02 3.2558812846e-03 1.9901866454e-04 -8.3410251287e-05 1.2868082856e-03 -3.0865472066e-05
266                -2.1020751887e-02 4.5034742627e-03 1.4309291893e-04 -2.0932713158e-02 3.2173575822e-03 1.7562665239e-04 -8.8038728545e-05 1.2861166805e-03 -3.2533733457e-05
267                -2.0903620426e-02 4.5434977939e-03 1.6974369521e-04 -2.0820694904e-02 3.2570370211e-03 2.0040793840e-04 -8.2925522027e-05 1.2864607728e-03 -3.0664243181e-05
268                -2.1013729603e-02 4.5075494617e-03 1.4438044492e-04 -2.0925954746e-02 3.2214718829e-03 1.7678155861e-04 -8.7774856598e-05 1.2860775788e-03 -3.2401113692e-05
269                -2.0902442879e-02 4.5435072874e-03 1.6831407278e-04 -2.0819100906e-02 3.2572277198e-03 1.9917858558e-04 -8.3341972766e-05 1.2862795676e-03 -3.0864512798e-05
270                -2.1020993287e-02 4.5066627007e-03 1.4431437461e-04 -2.0932724160e-02 3.2207354689e-03 1.7689290050e-04 -8.8269126851e-05 1.2859272318e-03 -3.2578525891e-05
271                -2.0900252659e-02 4.5404731789e-03 1.7152307651e-04 -2.0817232417e-02 3.2539040490e-03 2.0224833669e-04 -8.3020241660e-05 1.2865691300e-03 -3.0725260182e-05
272                -2.1029182323e-02 4.5067280906e-03 1.4443985744e-04 -2.0941483597e-02 3.2211781432e-03 1.7684838281e-04 -8.7698726318e-05 1.2855499473e-03 -3.2408525370e-05
273                -2.0909035562e-02 4.5430961789e-03 1.6932644760e-04 -2.0825819086e-02 3.2567607720e-03 2.0013738684e-04 -8.3216476095e-05 1.2863354069e-03 -3.0810939235e-05
274                -2.1009381879e-02 4.5044068984e-03 1.4626688699e-04 -2.0921661751e-02 3.2180452510e-03 1.7873690004e-04 -8.7720127756e-05 1.2863616474e-03 -3.2470013055e-05
275                -2.0898335197e-02 4.5397769273e-03 1.7133091423e-04 -2.0815276360e-02 3.2535494734e-03 2.0205872543e-04 -8.3058837059e-05 1.2862274539e-03 -3.0727811200e-05
276                -2.1022209246e-02 4.5098836438e-03 1.4470972718e-04 -2.0934223066e-02 3.2242448241e-03 1.7713810712e-04 -8.7986179972e-05 1.2856388197e-03 -3.2428379938e-05
277                -2.0900581903e-02 4.5427625848e-03 1.7030395473e-04 -2.0817039921e-02 3.2563579821e-03 2.0115312840e-04 -8.3541982356e-05 1.2864046027e-03 -3.0849173669e-05
278                -2.1018220688e-02 4.5053866243e-03 1.4706054942e-04 -2.0930165827e-02 3.2195012741e-03 1.7954814055e-04 -8.8054860935e-05 1.2858853502e-03 -3.2487591129e-05
279                -2.0912927058e-02 4.5419604566e-03 1.7372947998e-04 -2.0829861783e-02 3.2558988919e-03 2.0438364969e-04 -8.3065274337e-05 1.2860615647e-03 -3.0654169709e-05
280                -2.1030360591e-02 4.5087003114e-03 1.4949793871e-04 -2.0942529329e-02 3.2229658241e-03 1.8185814423e-04 -8.7831261461e-05 1.2857344872e-03 -3.2360205516e-05
281                -2.0927978108e-02 4.5433018054e-03 1.7377635073e-04 -2.0844632268e-02 3.2571754618e-03 2.0458696871e-04 -8.3345840333e-05 1.2861263435e-03 -3.0810617979e-05
282                -2.1048242551e-02 4.5081644086e-03 1.5004162338e-04 -2.0960226570e-02 3.2222236596e-03 1.8253904442e-04 -8.8015981782e-05 1.2859407490e-03 -3.2497421039e-05
283                -2.0930902481e-02 4.5427776127e-03 1.7722732660e-04 -2.0847739668e-02 3.2561947049e-03 2.0794695701e-04 -8.3162812428e-05 1.2865829078e-03 -3.0719630411e-05
284                -2.1065017366e-02 4.5078694532e-03 1.4972107866e-04 -2.0977132504e-02 3.2222140596e-03 1.8213466215e-04 -8.7884862598e-05 1.2856553936e-03 -3.2413583497e-05
285                -2.0954252469e-02 4.5474559865e-03 1.7363852163e-04 -2.0871050333e-02 3.2609443519e-03 2.0442217621e-04 -8.3202135220e-05 1.2865116346e-03 -3.0783654575e-05
286                -2.1058447512e-02 4.5069975241e-03 1.4901626169e-04 -2.0970462377e-02 3.2205493641e-03 1.8151906062e-04 -8.7985135218e-05 1.2864481601e-03 -3.2502798925e-05
287                -2.0949161294e-02 4.5429541683e-03 1.7389052523e-04 -2.0865968391e-02 3.2565984969e-03 2.0462161578e-04 -8.3192902488e-05 1.2863556714e-03 -3.0731090547e-05
288                -2.1078785858e-02 4.5105084569e-03 1.4587011110e-04 -2.0990559444e-02 3.2249398548e-03 1.7832482303e-04 -8.8226414191e-05 1.2855686021e-03 -3.2454711932e-05
289                -2.0955592632e-02 4.5461614882e-03 1.7063979125e-04 -2.0872082341e-02 3.2598362949e-03 2.0150175294e-04 -8.3510291141e-05 1.2863251933e-03 -3.0861961681e-05
290                -2.1070134307e-02 4.5055173746e-03 1.4582169559e-04 -2.0981774482e-02 3.2201100224e-03 1.7838201374e-04 -8.8359824375e-05 1.2854073521e-03 -3.2560318150e-05
291                -2.0958091466e-02 4.5422872011e-03 1.7085384233e-04 -2.0874888645e-02 3.2561070321e-03 2.0155912202e-04 -8.3202820572e-05 1.2861801691e-03 -3.0705279689e-05
292                -2.1068017443e-02 4.5094210906e-03 1.4462296550e-04 -2.0980297390e-02 3.2234641309e-03 1.7699570495e-04 -8.7720053152e-05 1.2859569598e-03 -3.2372739454e-05
293                -2.0949370967e-02 4.5453812566e-03 1.6846999895e-04 -2.0865889429e-02 3.2593440487e-03 1.9934178746e-04 -8.3481538280e-05 1.2860372079e-03 -3.0871788506e-05
294                -2.1061797159e-02 4.5072832910e-03 1.4337578251e-04 -2.0973436803e-02 3.2216733036e-03 1.7593493953e-04 -8.8360355941e-05 1.2856099874e-03 -3.2559157023e-05
295                -2.0935939123e-02 4.5401534911e-03 1.7020020109e-04 -2.0852635449e-02 3.2536374713e-03 2.0093787447e-04 -8.3303673993e-05 1.2865160198e-03 -3.0737673374e-05
296                -2.1055302120e-02 4.5064870457e-03 1.4378455017e-04 -2.0967356600e-02 3.2207316070e-03 1.7621816834e-04 -8.7945520610e-05 1.2857554387e-03 -3.2433618167e-05
297                -2.0940087530e-02 4.5457010002e-03 1.6790161388e-04 -2.0856843416e-02 3.2592379129e-03 1.9869577946e-04 -8.3244113564e-05 1.2864630873e-03 -3.0794165582e-05
298                -2.1033354503e-02 4.5076916893e-03 1.4449154245e-04 -2.0945684454e-02 3.2210814800e-03 1.7695561592e-04 -8.7670049326e-05 1.2866102093e-03 -3.2464073463e-05
299                -2.0915758329e-02 4.5388445349e-03 1.6962775043e-04 -2.0832599368e-02 3.2524467336e-03 2.0041689126e-04 -8.3158960476e-05 1.2863978013e-03 -3.0789140833e-05
300                -2.1036849755e-02 4.5082900501e-03 1.4265328798e-04 -2.0948962244e-02 3.2221455316e-03 1.7508166831e-04 -8.7887510980e-05 1.2861445186e-03 -3.2428380329e-05
301                -2.0903204585e-02 4.5433151600e-03 1.6781589851e-04 -2.0819895092e-02 3.2564485699e-03 1.9865798977e-04 -8.3309493066e-05 1.2868665901e-03 -3.0842091259e-05
302                -2.1016238815e-02 4.5021996328e-03 1.4201182539e-04 -2.0928152429e-02 3.2160688527e-03 1.7456045547e-04 -8.8086386401e-05 1.2861307801e-03 -3.2548630073e-05
303                -2.0898377807e-02 4.5406752288e-03 1.6943715763e-04 -2.0815396225e-02 3.2538173973e-03 2.0014522573e-04 -8.2981581736e-05 1.2868578315e-03 -3.0708068107e-05
304                -2.1010794881e-02 4.5063699613e-03 1.4444832081e-04 -2.0923168374e-02 3.2197635309e-03 1.7682659936e-04 -8.7626507339e-05 1.2866064304e-03 -3.2378278547e-05
305                -2.0899053443e-02 4.5430604955e-03 1.6827812692e-04 -2.0815824741e-02 3.2564736146e-03 1.9914675170e-04 -8.3228702091e-05 1.2865868809e-03 -3.0868624773e-05
306                -2.1015166644e-02 4.5060963718e-03 1.4404609835e-04 -2.0926852551e-02 3.2199746728e-03 1.7664810938e-04 -8.8314092693e-05 1.2861216990e-03 -3.2602011032e-05
307                -2.0895783271e-02 4.5392924034e-03 1.7108544682e-04 -2.0812726100e-02 3.2523307370e-03 2.0184070278e-04 -8.3057171065e-05 1.2869616664e-03 -3.0755255957e-05
308                -2.1026542251e-02 4.5058259469e-03 1.4454395988e-04 -2.0938717905e-02 3.2198400418e-03 1.7698466177e-04 -8.7824345715e-05 1.2859859051e-03 -3.2440701892e-05
309                -2.0918074578e-02 4.5457107658e-03 1.6982289809e-04 -2.0834968124e-02 3.2591362030e-03 2.0065385728e-04 -8.3106453461e-05 1.2865745628e-03 -3.0830959193e-05
310                -2.1028939718e-02 4.5059415547e-03 1.4662988597e-04 -2.0941096000e-02 3.2195773895e-03 1.7915976323e-04 -8.7843717886e-05 1.2863641653e-03 -3.2529877266e-05
311                -2.0924377324e-02 4.5396898634e-03 1.7160505041e-04 -2.0841251391e-02 3.2532737368e-03 2.0240836823e-04 -8.3125932844e-05 1.2864161265e-03 -3.0803317823e-05
312                -2.1048606074e-02 4.5091553160e-03 1.4429974237e-04 -2.0960723440e-02 3.2232231853e-03 1.7676637969e-04 -8.7882634193e-05 1.2859321307e-03 -3.2466637317e-05
313                -2.0923258636e-02 4.5437770418e-03 1.6821792383e-04 -2.0839853214e-02 3.2571368189e-03 1.9910050731e-04 -8.3405422510e-05 1.2866402230e-03 -3.0882583476e-05
314                -2.1038740926e-02 4.5036279884e-03 1.4186014616e-04 -2.0950560903e-02 3.2177960836e-03 1.7443903208e-04 -8.8180022760e-05 1.2858319048e-03 -3.2578885919e-05
315                -2.0924882415e-02 4.5410146956e-03 1.6835140286e-04 -2.0841786745e-02 3.2545349645e-03 1.9906490967e-04 -8.3095670058e-05 1.2864797312e-03 -3.0713506808e-05
316                -2.1035617756e-02 4.5075166063e-03 1.4293562619e-04 -2.0947904368e-02 3.2212278484e-03 1.7532093316e-04 -8.7713387961e-05 1.2862887579e-03 -3.2385306970e-05
317                -2.0925348151e-02 4.5438308380e-03 1.6673084613e-04 -2.0841992512e-02 3.2573119733e-03 1.9758059071e-04 -8.3355639246e-05 1.2865188647e-03 -3.0849744575e-05
318                -2.1045599871e-02 4.5093979818e-03 1.4158663678e-04 -2.0957390091e-02 3.2234255707e-03 1.7412781317e-04 -8.8209779922e-05 1.2859724111e-03 -3.2541176392e-05
319                -2.0924540482e-02 4.5411151705e-03 1.6941137667e-04 -2.0841222681e-02 3.2543864876e-03 2.0016654065e-04 -8.3317801090e-05 1.2867286829e-03 -3.0755163978e-05
320                -2.1052559373e-02 4.5067398576e-03 1.4342028773e-04 -2.0964614975e-02 3.2208477780e-03 1.7583930724e-04 -8.7944398060e-05 1.2858920797e-03 -3.2419019512e-05
321                -2.0945194074e-02 4.5469081361e-03 1.6831522017e-04 -2.0861998245e-02 3.2603211640e-03 1.9910201414e-04 -8.3195829942e-05 1.2865869721e-03 -3.0786793977e-05
322                -2.1049783616e-02 4.5081363175e-03 1.4534831072e-04 -2.0961977475e-02 3.2217489679e-03 1.7781703042e-04 -8.7806140563e-05 1.2863873496e-03 -3.2468719703e-05
323                -2.0937183268e-02 4.5418465052e-03 1.7189481112e-04 -2.0853838156e-02 3.2554986731e-03 2.0267670817e-04 -8.3345112348e-05 1.2863478321e-03 -3.0781897045e-05
324                -2.1068822320e-02 4.5108881008e-03 1.4539626668e-04 -2.0980818918e-02 3.2246876529e-03 1.7780039980e-04 -8.8003401881e-05 1.2862004479e-03 -3.2404133118e-05
325                -2.0945762161e-02 4.5468997502e-03 1.7110476072e-04 -2.0862461396e-02 3.2600829560e-03 2.0191745090e-04 -8.3300765511e-05 1.2868167942e-03 -3.0812690179e-05
326                -2.1063671428e-02 4.5061247253e-03 1.4624886250e-04 -2.0975438294e-02 3.2202899640e-03 1.7876607032e-04 -8.8233134558e-05 1.2858347613e-03 -3.2517207816e-05
327                -2.0949042805e-02 4.5446015674e-03 1.7334941662e-04 -2.0865990957e-02 3.2581128172e-03 2.0401551649e-04 -8.3051847773e-05 1.2864887501e-03 -3.0666099861e-05
328                -2.1066405947e-02 4.5085218542e-03 1.4754485828e-04 -2.0978680434e-02 3.2225226604e-03 1.7991706667e-04 -8.7725513453e-05 1.2859991938e-03 -3.2372208384e-05
329                -2.0953263671e-02 4.5458524597e-03 1.7171751330e-04 -2.0869788003e-02 3.2596294983e-03 2.0259630287e-04 -8.3475668578e-05 1.2862229614e-03 -3.0878789574e-05
330                -2.1068689672e-02 4.5101683756e-03 1.4717746613e-04 -2.0980364213e-02 3.2243450103e-03 1.7973131918e-04 -8.8325459226e-05 1.2858233653e-03 -3.2553853054e-05
331                -2.0946158717e-02 4.5407288955e-03 1.7293342728e-04 -2.0862978548e-02 3.2541900588e-03 2.0365782826e-04 -8.3180168555e-05 1.2865388367e-03 -3.0724400979e-05
332                -2.1070026652e-02 4.5073483281e-03 1.4536314318e-04 -2.0982163315e-02 3.2217954807e-03 1.7777992143e-04 -8.7863336672e-05 1.2855528474e-03 -3.2416778249e-05
333                -2.0946389645e-02 4.5473586750e-03 1.7044912481e-04 -2.0863097746e-02 3.2607588700e-03 2.0126083942e-04 -8.3291898887e-05 1.2865998050e-03 -3.0811714614e-05
334                -2.1047342145e-02 4.5076145986e-03 1.4589537139e-04 -2.0959398394e-02 3.2212202836e-03 1.7839104812e-04 -8.7943750976e-05 1.2863943150e-03 -3.2495676730e-05
335                -2.0936316490e-02 4.5412600422e-03 1.7035724134e-04 -2.0853063367e-02 3.2548478872e-03 2.0112289945e-04 -8.3253122358e-05 1.2864121550e-03 -3.0765658117e-05
336                -2.1055137964e-02 4.5098628099e-03 1.4340688955e-04 -2.0967063353e-02 3.2238938624e-03 1.7587847789e-04 -8.8074610330e-05 1.2859689475e-03 -3.2471588347e-05
337                -2.0925872702e-02 4.5440268856e-03 1.6823869715e-04 -2.0842591519e-02 3.2571641803e-03 1.9908982531e-04 -8.3281183051e-05 1.2868627053e-03 -3.0851128163e-05
338                -2.1038956139e-02 4.5053139459e-03 1.4266226699e-04 -2.0950981351e-02 3.2192326445e-03 1.7519956554e-04 -8.7974787702e-05 1.2860813013e-03 -3.2537298544e-05
339                -2.0920478285e-02 4.5420419265e-03 1.6919649731e-04 -2.0837530854e-02 3.2550618139e-03 1.9990214939e-04 -8.2947430946e-05 1.2869801125e-03 -3.0705652077e-05
340                -2.1027373614e-02 4.5077119970e-03 1.4342762627e-04 -2.0939864635e-02 3.2210120366e-03 1.7580849926e-04 -8.7508979158e-05 1.2866999604e-03 -3.2380872994e-05
341                -2.0913649113e-02 4.5439160096e-03 1.6643890491e-04 -2.0830254106e-02 3.2571586976e-03 1.9733725708e-04 -8.3395007645e-05 1.2867573119e-03 -3.0898352170e-05
342                -2.1025266766e-02 4.5085903952e-03 1.4229494297e-04 -2.0937175410e-02 3.2222584123e-03 1.7484176510e-04 -8.8091355817e-05 1.2863319830e-03 -3.2546822139e-05
343                -2.0901090968e-02 4.5388025828e-03 1.6923203244e-04 -2.0817853978e-02 3.2519677720e-03 1.9999340386e-04 -8.3236990460e-05 1.2868348109e-03 -3.0761371417e-05
344                -2.1029101743e-02 4.5050829570e-03 1.4181933624e-04 -2.0941413380e-02 3.2190050165e-03 1.7422352058e-04 -8.7688363020e-05 1.2860779405e-03 -3.2404184333e-05
345                -2.0908356572e-02 4.5464127291e-03 1.6750530570e-04 -2.0825367350e-02 3.2595087897e-03 1.9827768053e-04 -8.2989221764e-05 1.2869039394e-03 -3.0772374828e-05
346                -2.1013537955e-02 4.5059447897e-03 1.4427107147e-04 -2.0925664005e-02 3.2192113190e-03 1.7678918492e-04 -8.7873949930e-05 1.2867334707e-03 -3.2518113457e-05
347                -2.0908757068e-02 4.5408639159e-03 1.7024067400e-04 -2.0825662008e-02 3.2541787772e-03 2.0102181224e-04 -8.3095059570e-05 1.2866851387e-03 -3.0781138240e-05
348                -2.1038317161e-02 4.5090308765e-03 1.4461857794e-04 -2.0950292849e-02 3.2228652731e-03 1.7710946690e-04 -8.8024312722e-05 1.2861656034e-03 -3.2490888965e-05
349                -2.0917593208e-02 4.5452710354e-03 1.6946282498e-04 -2.0834471917e-02 3.2583701509e-03 2.0031181446e-04 -8.3121291708e-05 1.2869008845e-03 -3.0848989481e-05
350                -2.1032876447e-02 4.5050900797e-03 1.4371981314e-04 -2.0944690296e-02 3.2192826891e-03 1.7629742549e-04 -8.8186150650e-05 1.2858073907e-03 -3.2577612353e-05
351                -2.0917351822e-02 4.5416769277e-03 1.6983297890e-04 -2.0834404318e-02 3.2550347021e-03 2.0053779462e-04 -8.2947503734e-05 1.2866422256e-03 -3.0704815719e-05
352                -2.1025974973e-02 4.5057012672e-03 1.4398378483e-04 -2.0938369988e-02 3.2195483207e-03 1.7637790673e-04 -8.7604985467e-05 1.2861529465e-03 -3.2394121894e-05
353                -2.0915305625e-02 4.5425889388e-03 1.6702035015e-04 -2.0831874917e-02 3.2562959360e-03 1.9790012723e-04 -8.3430708170e-05 1.2862930028e-03 -3.0879777072e-05
354                -2.1027510400e-02 4.5079616282e-03 1.4311970062e-04 -2.0939255522e-02 3.2220720569e-03 1.7567083295e-04 -8.8254878104e-05 1.2858895713e-03 -3.2551132322e-05
355                -2.0907155514e-02 4.5394996246e-03 1.7025447479e-04 -2.0823851114e-02 3.2528602629e-03 2.0100056584e-04 -8.3304399984e-05 1.2866393616e-03 -3.0746091047e-05
356                -2.1037543460e-02 4.5059926831e-03 1.4334835174e-04 -2.0949691889e-02 3.2202047823e-03 1.7576299524e-04 -8.7851570663e-05 1.2857879008e-03 -3.2414643497e-05
357                -2.0923888225e-02 4.5465627914e-03 1.6883502695e-04 -2.0840742878e-02 3.2600108400e-03 1.9959969394e-04 -8.3145346641e-05 1.2865519514e-03 -3.0764666988e-05
358                -2.1030990149e-02 4.5075127720e-03 1.4533399859e-04 -2.0943159977e-02 3.2211488069e-03 1.7779666676e-04 -8.7830171815e-05 1.2863639650e-03 -3.2462668163e-05
359                -2.0925269481e-02 4.5405010948e-03 1.7118721256e-04 -2.0841923541e-02 3.2540214784e-03 2.0196797063e-04 -8.3345939709e-05 1.2864796164e-03 -3.0780758068e-05
360                -2.1052880258e-02 4.5119897313e-03 1.4551556241e-04 -2.0964930943e-02 3.2258253613e-03 1.7794835367e-04 -8.7949315118e-05 1.2861643699e-03 -3.2432791263e-05
361                -2.0933332660e-02 4.5456831915e-03 1.7021626329e-04 -2.0849939022e-02 3.2589431866e-03 2.0107221247e-04 -8.3393638312e-05 1.2867400049e-03 -3.0855949184e-05
362                -2.1053384833e-02 4.5059498305e-03 1.4505655960e-04 -2.0965339576e-02 3.2200903068e-03 1.7756808917e-04 -8.8045256390e-05 1.2858595237e-03 -3.2511529579e-05
363                -2.0938007128e-02 4.5435555285e-03 1.7224412358e-04 -2.0854968826e-02 3.2567999326e-03 2.0292764208e-04 -8.3038302297e-05 1.2867555959e-03 -3.0683518507e-05
364                -2.1054363460e-02 4.5083392378e-03 1.4683463401e-04 -2.0966644316e-02 3.2221735033e-03 1.7920822091e-04 -8.7719143479e-05 1.2861657345e-03 -3.2373586903e-05
365                -2.0941335683e-02 4.5464168704e-03 1.7067330404e-04 -2.0857851633e-02 3.2601176717e-03 2.0156260253e-04 -8.3484049274e-05 1.2862991988e-03 -3.0889298483e-05
366                -2.1058056184e-02 4.5094614959e-03 1.4591378571e-04 -2.0969646395e-02 3.2235566544e-03 1.7848710659e-04 -8.8409788884e-05 1.2859048415e-03 -3.2573320879e-05
367                -2.0936626175e-02 4.5418156098e-03 1.7225875185e-04 -2.0853481433e-02 3.2550619509e-03 2.0298177209e-04 -8.3144742509e-05 1.2867536590e-03 -3.0723020241e-05
368                -2.1064812489e-02 4.5067932575e-03 1.4547613138e-04 -2.0976902175e-02 3.2213269744e-03 1.7789168340e-04 -8.7910313660e-05 1.2854662831e-03 -3.2415552020e-05
369                -2.0945976898e-02 4.5478325421e-03 1.7096788290e-04 -2.0862951135e-02 3.2612780386e-03 2.0172192756e-04 -8.3025763449e-05 1.2865545035e-03 -3.0754044658e-05
370                -2.1048326249e-02 4.5075995595e-03 1.4712755384e-04 -2.0960475235e-02 3.2212759340e-03 1.7960248829e-04 -8.7851014645e-05 1.2863236255e-03 -3.2474934449e-05
371                -2.0938580427e-02 4.5415543713e-03 1.7169595011e-04 -2.0855249162e-02 3.2552665414e-03 2.0249468410e-04 -8.3331264528e-05 1.2862878299e-03 -3.0798733991e-05
372                -2.1059087527e-02 4.5107026897e-03 1.4498815353e-04 -2.0971077767e-02 3.2248557509e-03 1.7744508622e-04 -8.8009760304e-05 1.2858469388e-03 -3.2456932697e-05
373                -2.0929194063e-02 4.5436664619e-03 1.6950469085e-04 -2.0845790332e-02 3.2566971273e-03 2.0037495289e-04 -8.3403731192e-05 1.2869693346e-03 -3.0870262041e-05
374                -2.1044106021e-02 4.5062575659e-03 1.4423707447e-04 -2.0956036035e-02 3.2199556559e-03 1.7677034422e-04 -8.8069986812e-05 1.2863019099e-03 -3.2533269746e-05
375                -2.0927707120e-02 4.5447920763e-03 1.7084308273e-04 -2.0844783458e-02 3.2578311834e-03 2.0152053495e-04 -8.2923661658e-05 1.2869608928e-03 -3.0677452225e-05
376                -2.1036494607e-02 4.5084244594e-03 1.4473402130e-04 -2.0948878273e-02 3.2221290253e-03 1.7714114194e-04 -8.7616334345e-05 1.2862954341e-03 -3.2407120638e-05
377                -2.0922712061e-02 4.5434298700e-03 1.6827727775e-04 -2.0839245262e-02 3.2569613960e-03 1.9919532900e-04 -8.3466799519e-05 1.2864684740e-03 -3.0918051248e-05
378                -2.1035789606e-02 4.5076085721e-03 1.4422915724e-04 -2.0947710411e-02 3.2213777122e-03 1.7678175783e-04 -8.8079195516e-05 1.2862308599e-03 -3.2552600588e-05
379                -2.0914455009e-02 4.5400879419e-03 1.7020552266e-04 -2.0831422861e-02 3.2529844715e-03 2.0093451247e-04 -8.3032147808e-05 1.2871034703e-03 -3.0728989812e-05
380                -2.1035944770e-02 4.5063782408e-03 1.4289265755e-04 -2.0948147844e-02 3.2201411562e-03 1.7533720137e-04 -8.7796926001e-05 1.2862370846e-03 -3.2444543816e-05
381                -2.0913163172e-02 4.5478464852e-03 1.6852130916e-04 -2.0830108701e-02 3.2608135804e-03 1.9931756079e-04 -8.3054471060e-05 1.2870329048e-03 -3.0796251630e-05
382                -2.1017608281e-02 4.5043672103e-03 1.4414900984e-04 -2.0929743079e-02 3.2177558218e-03 1.7665613614e-04 -8.7865202325e-05 1.2866113884e-03 -3.2507126301e-05
383                -2.0908864413e-02 4.5411966022e-03 1.6884672757e-04 -2.0825775938e-02 3.2545377805e-03 1.9958839321e-04 -8.3088475105e-05 1.2866588216e-03 -3.0741665637e-05
384                -2.1026079577e-02 4.5081528276e-03 1.4238341321e-04 -2.0937976240e-02 3.2220723191e-03 1.7487808003e-04 -8.8103337098e-05 1.2860805084e-03 -3.2494666825e-05
385                -2.0898531130e-02 4.5429376213e-03 1.6723604770e-04 -2.0815136737e-02 3.2560419412e-03 1.9812344780e-04 -8.3394392893e-05 1.2868956801e-03 -3.0887400102e-05
386                -2.1017279220e-02 4.5035681201e-03 1.4213452273e-04 -2.0929224269e-02 3.2174666645e-03 1.7468650102e-04 -8.8054950941e-05 1.2861014556e-03 -3.2551978287e-05
387                -2.0901993192e-02 4.5427555945e-03 1.6914726797e-04 -2.0819206609e-02 3.2557617062e-03 1.9984042212e-04 -8.2786583509e-05 1.2869938884e-03 -3.0693154147e-05
388                -2.1014159000e-02 4.5068772280e-03 1.4411939647e-04 -2.0926486064e-02 3.2205397920e-03 1.7655818925e-04 -8.7672936015e-05 1.2863374360e-03 -3.2438792785e-05
389                -2.0903005922e-02 4.5431368285e-03 1.6792064336e-04 -2.0819610723e-02 3.2565303359e-03 1.9882825884e-04 -8.3395198410e-05 1.2866064926e-03 -3.0907615483e-05
390                -2.1020905814e-02 4.5069056843e-03 1.4326398370e-04 -2.0932733331e-02 3.2207314077e-03 1.7584526027e-04 -8.8172482188e-05 1.2861742767e-03 -3.2581276574e-05
391                -2.0900346652e-02 4.5393202898e-03 1.6960808449e-04 -2.0817326686e-02 3.2524034536e-03 2.0035115360e-04 -8.3019966447e-05 1.2869168362e-03 -3.0743069114e-05
392                -2.1023614123e-02 4.5049429107e-03 1.4282057959e-04 -2.0935825296e-02 3.2190917304e-03 1.7526302375e-04 -8.7788826797e-05 1.2858511803e-03 -3.2442444158e-05
393                -2.0908728648e-02 4.5452599338e-03 1.6855375794e-04 -2.0825573682e-02 3.2584518896e-03 1.9934690936e-04 -8.3154966070e-05 1.2868080442e-03 -3.0793151421e-05
394                -2.1016997871e-02 4.5062559811e-03 1.4532798772e-04 -2.0929194533e-02 3.2197762400e-03 1.7781082193e-04 -8.7803338524e-05 1.2864797411e-03 -3.2482834212e-05
395                -2.0912916583e-02 4.5408236350e-03 1.7074683410e-04 -2.0829685107e-02 3.2545500222e-03 2.0151698571e-04 -8.3231475718e-05 1.2862736128e-03 -3.0770151618e-05
396                -2.1039305518e-02 4.5106860559e-03 1.4490706472e-04 -2.0951282745e-02 3.2247956570e-03 1.7734159122e-04 -8.8022773242e-05 1.2858903989e-03 -3.2434526503e-05
397                -2.0920783901e-02 4.5437678352e-03 1.7014415408e-04 -2.0837406731e-02 3.2569213732e-03 2.0099366121e-04 -8.3377170241e-05 1.2868464619e-03 -3.0849507125e-05
398                -2.1043617697e-02 4.5069780206e-03 1.4605082869e-04 -2.0955643911e-02 3.2208337483e-03 1.7855227163e-04 -8.7973786789e-05 1.2861442722e-03 -3.2501442943e-05
399                -2.0936117661e-02 4.5441450432e-03 1.7269189478e-04 -2.0853031882e-02 3.2571772328e-03 2.0340434288e-04 -8.3085778900e-05 1.2869678104e-03 -3.0712448093e-05
400                -2.1049452233e-02 4.5101480390e-03 1.4691497024e-04 -2.0961868497e-02 3.2236237607e-03 1.7930332395e-04 -8.7583736745e-05 1.2865242783e-03 -3.2388353707e-05
401                -2.0939537293e-02 4.5440693719e-03 1.6991751980e-04 -2.0856132850e-02 3.2572885029e-03 2.0080030861e-04 -8.3404443201e-05 1.2867808690e-03 -3.0882788812e-05
402                -2.1053341817e-02 4.5085008956e-03 1.4540091638e-04 -2.0965282840e-02 3.2218790061e-03 1.7793686358e-04 -8.8058976672e-05 1.2866218896e-03 -3.2535947205e-05
403                -2.0934284199e-02 4.5416174946e-03 1.7146594276e-04 -2.0851116926e-02 3.2543778086e-03 2.0221263235e-04 -8.3167272654e-05 1.2872396861e-03 -3.0746689594e-05
404                -2.1057468898e-02 4.5077718477e-03 1.4478621097e-04 -2.0969731872e-02 3.2215106232e-03 1.7717467900e-04 -8.7737026022e-05 1.2862612245e-03 -3.2388468026e-05
405                -2.0936736800e-02 4.5473547870e-03 1.6947048998e-04 -2.0853611002e-02 3.2603162923e-03 2.0024092708e-04 -8.3125798251e-05 1.2870384947e-03 -3.0770437105e-05
406                -2.1040424271e-02 4.5070504474e-03 1.4566846939e-04 -2.0952435982e-02 3.2202596838e-03 1.7816440078e-04 -8.7988289521e-05 1.2867907636e-03 -3.2495931388e-05
407                -2.0934164458e-02 4.5432577976e-03 1.7092241160e-04 -2.0850940185e-02 3.2565876634e-03 2.0168864596e-04 -8.3224273668e-05 1.2866701342e-03 -3.0766234365e-05
408                -2.1058078992e-02 4.5104240773e-03 1.4466416587e-04 -2.0970056560e-02 3.2243722901e-03 1.7710500754e-04 -8.8022432445e-05 1.2860517871e-03 -3.2440841669e-05
409                -2.0930661963e-02 4.5441218082e-03 1.6926362238e-04 -2.0847281253e-02 3.2573220170e-03 2.0011666596e-04 -8.3380710504e-05 1.2867997912e-03 -3.0853043572e-05
410                -2.1047948924e-02 4.5049455723e-03 1.4376922185e-04 -2.0959769023e-02 3.2190147481e-03 1.7630825398e-04 -8.8179901079e-05 1.2859308242e-03 -3.2539032133e-05
411                -2.0929146453e-02 4.5435734132e-03 1.7026494785e-04 -2.0846160002e-02 3.2567464497e-03 2.0095113765e-04 -8.2986451232e-05 1.2868269635e-03 -3.0686189802e-05
412                -2.1038841489e-02 4.5091349399e-03 1.4456680105e-04 -2.0951157799e-02 3.2228352557e-03 1.7693450284e-04 -8.7683689639e-05 1.2862996841e-03 -3.2367701793e-05
413                -2.0923457352e-02 4.5434940319e-03 1.6731481612e-04 -2.0839858228e-02 3.2570742989e-03 1.9822578218e-04 -8.3599123953e-05 1.2864197329e-03 -3.0910966052e-05
414                -2.1035761070e-02 4.5071690643e-03 1.4240138701e-04 -2.0947500674e-02 3.2210487397e-03 1.7497574389e-04 -8.8260396488e-05 1.2861203246e-03 -3.2574356883e-05
415                -2.0907547878e-02 4.5392044071e-03 1.6825620125e-04 -2.0824363899e-02 3.2521197188e-03 1.9902887954e-04 -8.3183979376e-05 1.2870846883e-03 -3.0772678289e-05
416                -2.1025167525e-02 4.5066563846e-03 1.4068119017e-04 -2.0937308062e-02 3.2204078544e-03 1.7313483150e-04 -8.7859462675e-05 1.2862485302e-03 -3.2453641330e-05
417                -2.0903315410e-02 4.5459630589e-03 1.6504726461e-04 -2.0820251623e-02 3.2589570616e-03 1.9582413608e-04 -8.3063787345e-05 1.2870059973e-03 -3.0776871468e-05
418                -2.0999221227e-02 4.5033350692e-03 1.4093755597e-04 -2.0911356247e-02 3.2167597156e-03 1.7344235366e-04 -8.7864980725e-05 1.2865753536e-03 -3.2504797694e-05
419                -2.0885288158e-02 4.5384415840e-03 1.6688428511e-04 -2.0802016056e-02 3.2517490937e-03 1.9768374549e-04 -8.3272101711e-05 1.2866924903e-03 -3.0799460380e-05
420                -2.1008271881e-02 4.5082482886e-03 1.4083353706e-04 -2.0920345923e-02 3.2219668919e-03 1.7328362785e-04 -8.7925957808e-05 1.2862813967e-03 -3.2450090791e-05
421                -2.0882230985e-02 4.5417929022e-03 1.6549706057e-04 -2.0798971378e-02 3.2546658705e-03 1.9634162184e-04 -8.3259606383e-05 1.2871270317e-03 -3.0844561267e-05
422                -2.0996791177e-02 4.5046337958e-03 1.4100737967e-04 -2.0908811938e-02 3.2181989123e-03 1.7351744406e-04 -8.7979239027e-05 1.2864348835e-03 -3.2510064393e-05
423                -2.0884846383e-02 4.5421664321e-03 1.6807509191e-04 -2.0801859777e-02 3.2549614148e-03 1.9878239233e-04 -8.2986605783e-05 1.2872050173e-03 -3.0707300420e-05
424                -2.1001198752e-02 4.5069076346e-03 1.4287713343e-04 -2.0913677911e-02 3.2204013230e-03 1.7525964883e-04 -8.7520841433e-05 1.2865063116e-03 -3.2382515397e-05
425                -2.0891148203e-02 4.5419328642e-03 1.6738619653e-04 -2.0807774028e-02 3.2553453529e-03 1.9828901930e-04 -8.3374174540e-05 1.2865875113e-03 -3.0902822772e-05
426                -2.1009090384e-02 4.5077652032e-03 1.4418755747e-04 -2.0921013225e-02 3.2214297999e-03 1.7674449946e-04 -8.8077158703e-05 1.2863354033e-03 -3.2556941996e-05
427                -2.0897561735e-02 4.5395527952e-03 1.7062138301e-04 -2.0814625112e-02 3.2524508339e-03 2.0135972744e-04 -8.2936623095e-05 1.2871019612e-03 -3.0738344426e-05
428                -2.1029078387e-02 4.5071997944e-03 1.4438776035e-04 -2.0941572354e-02 3.2211990858e-03 1.7677409306e-04 -8.7506033127e-05 1.2860007086e-03 -3.2386332707e-05
429                -2.0912643915e-02 4.5469622566e-03 1.7038762216e-04 -2.0829629390e-02 3.2603300513e-03 2.0118269070e-04 -8.3014524813e-05 1.2866322053e-03 -3.0795068542e-05
430                -2.1022442610e-02 4.5046613428e-03 1.4621753245e-04 -2.0934698841e-02 3.2182769768e-03 1.7869920771e-04 -8.7743768887e-05 1.2863843660e-03 -3.2481675262e-05
431                -2.0915288063e-02 4.5409686923e-03 1.7148857733e-04 -2.0832190836e-02 3.2545195896e-03 2.0226715906e-04 -8.3097226795e-05 1.2864491027e-03 -3.0778581733e-05
432                -2.1039275850e-02 4.5095731857e-03 1.4530978167e-04 -2.0951244098e-02 3.2236332120e-03 1.7776405754e-04 -8.8031752437e-05 1.2859399737e-03 -3.2454275862e-05
433                -2.0918513766e-02 4.5453750011e-03 1.6980826298e-04 -2.0835163980e-02 3.2587444413e-03 2.0065926199e-04 -8.3349785710e-05 1.2866305598e-03 -3.0850999004e-05
434                -2.1040172020e-02 4.5046995963e-03 1.4497585366e-04 -2.0952020215e-02 3.2189721791e-03 1.7750607535e-04 -8.8151805446e-05 1.2857274172e-03 -3.2530221684e-05
435                -2.0926473017e-02 4.5427131685e-03 1.7197228038e-04 -2.0843458388e-02 3.2560870173e-03 2.0267823473e-04 -8.3014629781e-05 1.2866261512e-03 -3.0705954344e-05
436                -2.1042492918e-02 4.5083668908e-03 1.4660240061e-04 -2.0954760179e-02 3.2221952308e-03 1.7898602626e-04 -8.7732739012e-05 1.2861716600e-03 -3.2383625654e-05
437                -2.0934231074e-02 4.5453594450e-03 1.6985099935e-04 -2.0850928747e-02 3.2588907155e-03 2.0070594572e-04 -8.3302326451e-05 1.2864687295e-03 -3.0854946375e-05
438                -2.1052217137e-02 4.5087075626e-03 1.4601388090e-04 -2.0963965721e-02 3.2225871304e-03 1.7856205838e-04 -8.8251416012e-05 1.2861204322e-03 -3.2548177475e-05
439                -2.0934891707e-02 4.5409315257e-03 1.7285575860e-04 -2.0851623748e-02 3.2539286892e-03 2.0361719211e-04 -8.3267959088e-05 1.2870028365e-03 -3.0761433511e-05
440                -2.1064649114e-02 4.5082810742e-03 1.4617225723e-04 -2.0976791321e-02 3.2223800851e-03 1.7858618592e-04 -8.7857793162e-05 1.2859009891e-03 -3.2413928684e-05
441                -2.0951854071e-02 4.5483978378e-03 1.7106562953e-04 -2.0868748883e-02 3.2616615278e-03 2.0182898210e-04 -8.3105188771e-05 1.2867363100e-03 -3.0763352572e-05
442                -2.1057992749e-02 4.5080094163e-03 1.4758805384e-04 -2.0970163573e-02 3.2215522590e-03 1.8005975117e-04 -8.7829175999e-05 1.2864571573e-03 -3.2471697335e-05
443                -2.0950984664e-02 4.5426953873e-03 1.7341876703e-04 -2.0867665415e-02 3.2562286454e-03 2.0420793699e-04 -8.3319248489e-05 1.2864667419e-03 -3.0789169965e-05
444                -2.1077618595e-02 4.5125486676e-03 1.4748081212e-04 -2.0989664904e-02 3.2266378432e-03 1.7992499527e-04 -8.7953691141e-05 1.2859108244e-03 -3.2444183143e-05
445                -2.0958356604e-02 4.5461003528e-03 1.7115773882e-04 -2.0875048720e-02 3.2594405807e-03 2.0199813688e-04 -8.3307884157e-05 1.2866597721e-03 -3.0840398060e-05
446                -2.1070267670e-02 4.5075941156e-03 1.4601724671e-04 -2.0982239534e-02 3.2215842341e-03 1.7854436335e-04 -8.8028136398e-05 1.2860098815e-03 -3.2527116640e-05
447                -2.0957077930e-02 4.5448067815e-03 1.7225938099e-04 -2.0873991471e-02 3.2579170386e-03 2.0297395655e-04 -8.3086459202e-05 1.2868897428e-03 -3.0714575561e-05
448                -2.1066902851e-02 4.5101093259e-03 1.4666721072e-04 -2.0979416559e-02 3.2237521294e-03 1.7903204925e-04 -8.7486291778e-05 1.2863571965e-03 -3.2364838529e-05
449                -2.0951256757e-02 4.5450003733e-03 1.6912942795e-04 -2.0867770461e-02 3.2585644328e-03 2.0003201855e-04 -8.3486295955e-05 1.2864359405e-03 -3.0902590597e-05
450                -2.1060303673e-02 4.5085919848e-03 1.4443269670e-04 -2.0972179044e-02 3.2223738682e-03 1.7698574609e-04 -8.8124628482e-05 1.2862181166e-03 -3.2553049390e-05
451                -2.0933949143e-02 4.5413657579e-03 1.7028783734e-04 -2.0850786154e-02 3.2542626738e-03 2.0106817556e-04 -8.3162988326e-05 1.2871030841e-03 -3.0780338221e-05
452                -2.1053884838e-02 4.5082047245e-03 1.4381138245e-04 -2.0965999449e-02 3.2218803232e-03 1.7624664854e-04 -8.7885388857e-05 1.2863244013e-03 -3.2435266097e-05
453                -2.0932591232e-02 4.5494519066e-03 1.6802497916e-04 -2.0849577318e-02 3.2623643956e-03 1.9879625668e-04 -8.3013913740e-05 1.2870875110e-03 -3.0771277517e-05
454                -2.1034588198e-02 4.5054060190e-03 1.4359873289e-04 -2.0946614137e-02 3.2191562729e-03 1.7612285644e-04 -8.7974061521e-05 1.2862497461e-03 -3.2524123548e-05
455                -2.0920616858e-02 4.5411311374e-03 1.6948924026e-04 -2.0837435278e-02 3.2546549525e-03 2.0028141453e-04 -8.3181579278e-05 1.2864761849e-03 -3.0792174268e-05
456                -2.1042579531e-02 4.5092510845e-03 1.4369442593e-04 -2.0954496390e-02 3.2233305670e-03 1.7617002165e-04 -8.8083141299e-05 1.2859205175e-03 -3.2475595727e-05
457                -2.0920589725e-02 4.5440900264e-03 1.6785636359e-04 -2.0837225207e-02 3.2571628036e-03 1.9872575605e-04 -8.3364518215e-05 1.2869272227e-03 -3.0869392456e-05
458                -2.1035348689e-02 4.5063091418e-03 1.4306781965e-04 -2.0947484089e-02 3.2202436136e-03 1.7556322704e-04 -8.7864599725e-05 1.2860655282e-03 -3.2495407388e-05
459                -2.0916687987e-02 4.5419182375e-03 1.6938388012e-04 -2.0833512411e-02 3.2551060105e-03 2.0012341970e-04 -8.3175576283e-05 1.2868122270e-03 -3.0739539582e-05
460                -2.1025203904e-02 4.5078454877e-03 1.4439515402e-04 -2.0937569042e-02 3.2215272952e-03 1.7679209245e-04 -8.7634861434e-05 1.2863181924e-03 -3.2396938424e-05
461                -2.0914740907e-02 4.5431723310e-03 1.6698215161e-04 -2.0831318521e-02 3.2567077986e-03 1.9788458989e-04 -8.3422385539e-05 1.2864645324e-03 -3.0902438283e-05
462                -2.1025463735e-02 4.5075530124e-03 1.4253731494e-04 -2.0937394904e-02 3.2213050003e-03 1.7507657809e-04 -8.8068830992e-05 1.2862480121e-03 -3.2539263146e-05
463                -2.0901537810e-02 4.5385541606e-03 1.6856129848e-04 -2.0818375913e-02 3.2515294252e-03 1.9933820870e-04 -8.3161897176e-05 1.2870247354e-03 -3.0776910222e-05
464                -2.1023404888e-02 4.5063658137e-03 1.4234116129e-04 -2.0935840263e-02 3.2202457922e-03 1.7474120649e-04 -8.7564625255e-05 1.2861200215e-03 -3.2400045199e-05
465                -2.0904721853e-02 4.5461856985e-03 1.6717867348e-04 -2.0821717639e-02 3.2593610780e-03 1.9796585516e-04 -8.3004214511e-05 1.2868246205e-03 -3.0787181682e-05
466                -2.1010475909e-02 4.5048530963e-03 1.4310178837e-04 -2.0922850320e-02 3.2182365161e-03 1.7558268780e-04 -8.7625589081e-05 1.2866165802e-03 -3.2480899426e-05
467                -2.0901279541e-02 4.5400252745e-03 1.6901506169e-04 -2.0818174853e-02 3.2532935197e-03 1.9981850830e-04 -8.3104687554e-05 1.2867317548e-03 -3.0803446608e-05
468                -2.1025551250e-02 4.5092887892e-03 1.4444491019e-04 -2.0937691876e-02 3.2229589430e-03 1.7689390279e-04 -8.7859373929e-05 1.2863298461e-03 -3.2448992602e-05
469                -2.0905824032e-02 4.5443533430e-03 1.6812596102e-04 -2.0822691839e-02 3.2572713293e-03 1.9897845320e-04 -8.3132192815e-05 1.2870820136e-03 -3.0852492172e-05
470                -2.1020388578e-02 4.5037922460e-03 1.4271562382e-04 -2.0932341002e-02 3.2178364614e-03 1.7526793857e-04 -8.8047576367e-05 1.2859557845e-03 -3.2552314744e-05
471                -2.0905021000e-02 4.5411465186e-03 1.6946425906e-04 -2.0822077541e-02 3.2544274538e-03 2.0016710633e-04 -8.2943458499e-05 1.2867190648e-03 -3.0702847271e-05
472                -2.1017653174e-02 4.5070062990e-03 1.4502398155e-04 -2.0930015889e-02 3.2207564669e-03 1.7740039468e-04 -8.7637284894e-05 1.2862498321e-03 -3.2376413135e-05
473                -2.0911446171e-02 4.5433019747e-03 1.6767769133e-04 -2.0827926023e-02 3.2569498987e-03 1.9855424185e-04 -8.3520148500e-05 1.2863520760e-03 -3.0876550523e-05
474                -2.1025084763e-02 4.5077975541e-03 1.4431739123e-04 -2.0936890254e-02 3.2219122683e-03 1.7684863332e-04 -8.8194508839e-05 1.2858852857e-03 -3.2531242093e-05
475                -2.0910421836e-02 4.5390503279e-03 1.7096771398e-04 -2.0827125440e-02 3.2523934691e-03 2.0172095440e-04 -8.3296396119e-05 1.2866568588e-03 -3.0753240412e-05
476                -2.1040482109e-02 4.5070093626e-03 1.4559367872e-04 -2.0952632072e-02 3.2211991336e-03 1.7799161620e-04 -8.7850037230e-05 1.2858102290e-03 -3.2397937479e-05
477                -2.0929305587e-02 4.5474411640e-03 1.7026035189e-04 -2.0846271050e-02 3.2607357597e-03 2.0098886479e-04 -8.3034537086e-05 1.2867054044e-03 -3.0728512894e-05
478                -2.1034130884e-02 4.5070500007e-03 1.4625387319e-04 -2.0946360104e-02 3.2205265054e-03 1.7872636146e-04 -8.7770779706e-05 1.2865234952e-03 -3.2472488262e-05
479                -2.0928949305e-02 4.5417939693e-03 1.7167474350e-04 -2.0845671415e-02 3.2550702342e-03 2.0247467907e-04 -8.3277889496e-05 1.2867237351e-03 -3.0799935572e-05
480                -2.1053587478e-02 4.5113624486e-03 1.4627964242e-04 -2.0965685210e-02 3.2250353634e-03 1.7870266065e-04 -8.7902267938e-05 1.2863270852e-03 -3.2423018227e-05
481                -2.0932901347e-02 4.5443637114e-03 1.6995862510e-04 -2.0849590743e-02 3.2572965315e-03 2.0078781877e-04 -8.3310604745e-05 1.2870671799e-03 -3.0829193674e-05
482                -2.1047322562e-02 4.5063830474e-03 1.4441067445e-04 -2.0959258172e-02 3.2201251307e-03 1.7693615261e-04 -8.8064389942e-05 1.2862579167e-03 -3.2525478164e-05
483                -2.0932282944e-02 4.5442173078e-03 1.7091613420e-04 -2.0849173127e-02 3.2572979759e-03 2.0160646380e-04 -8.3109817147e-05 1.2869193319e-03 -3.0690329605e-05
484                -2.1044045473e-02 4.5077193358e-03 1.4540752381e-04 -2.0956438425e-02 3.2212140760e-03 1.7774143304e-04 -8.7607048524e-05 1.2865052598e-03 -3.2333909230e-05
485                -2.0927916266e-02 4.5441612902e-03 1.6917930736e-04 -2.0844347480e-02 3.2576391407e-03 2.0008289035e-04 -8.3568786632e-05 1.2865221495e-03 -3.0903582992e-05
486                -2.1043679959e-02 4.5084893891e-03 1.4486065704e-04 -2.0955263025e-02 3.2223667557e-03 1.7743258539e-04 -8.8416934315e-05 1.2861226334e-03 -3.2571928352e-05
487                -2.0924106778e-02 4.5410616338e-03 1.7081849871e-04 -2.0840911301e-02 3.2540598358e-03 2.0155420150e-04 -8.3195477293e-05 1.2870017980e-03 -3.0735702787e-05
488                -2.1051983297e-02 4.5070415429e-03 1.4360459470e-04 -2.0964137781e-02 3.2211085816e-03 1.7599392508e-04 -8.7845516452e-05 1.2859329613e-03 -3.2389330382e-05
489                -2.0928201529e-02 4.5476931809e-03 1.6895607640e-04 -2.0845277353e-02 3.2609860698e-03 1.9968874903e-04 -8.2924176086e-05 1.2867071111e-03 -3.0732672628e-05
490                -2.1030368862e-02 4.5046167752e-03 1.4447851585e-04 -2.0942330899e-02 3.2183260497e-03 1.7699624793e-04 -8.8037963233e-05 1.2862907255e-03 -3.2517732076e-05
491                -2.0920203191e-02 4.5402257512e-03 1.6956325925e-04 -2.0836971916e-02 3.2536954135e-03 2.0032185503e-04 -8.3231274716e-05 1.2865303377e-03 -3.0758595783e-05
492                -2.1041091004e-02 4.5102452833e-03 1.4361708239e-04 -2.0953122364e-02 3.2242197558e-03 1.7604610617e-04 -8.7968639941e-05 1.2860255275e-03 -3.2429023779e-05
493                -2.0913485778e-02 4.5440574610e-03 1.6741215056e-04 -2.0830130862e-02 3.2570420858e-03 1.9826634186e-04 -8.3354916825e-05 1.2870153753e-03 -3.0854191296e-05
494                -2.1025376032e-02 4.5048749525e-03 1.4136129156e-04 -2.0937305448e-02 3.2187459776e-03 1.7391398496e-04 -8.8070584267e-05 1.2861289749e-03 -3.2552693404e-05
495                -2.0904064432e-02 4.5413978768e-03 1.6759470475e-04 -2.0820972989e-02 3.2543732946e-03 1.9832662507e-04 -8.3091443498e-05 1.2870245821e-03 -3.0731920326e-05
496                -2.1009367332e-02 4.5058613445e-03 1.4183089400e-04 -2.0921774781e-02 3.2193336035e-03 1.7422205414e-04 -8.7592551138e-05 1.2865277410e-03 -3.2391160134e-05
497                -2.0894416326e-02 4.5422349547e-03 1.6467612309e-04 -2.0811026180e-02 3.2556200512e-03 1.9554300829e-04 -8.3390145776e-05 1.2866149035e-03 -3.0866885203e-05
498                -2.1002866942e-02 4.5058401482e-03 1.4076702837e-04 -2.0914735900e-02 3.2195600394e-03 1.7332467009e-04 -8.8131042340e-05 1.2862801088e-03 -3.2557641711e-05
499                -2.0879343858e-02 4.5375792587e-03 1.6721047590e-04 -2.0796096494e-02 3.2503138316e-03 1.9798979998e-04 -8.3247363754e-05 1.2872654272e-03 -3.0779324080e-05
500                -2.1005112009e-02 4.5054442483e-03 1.4045630566e-04 -2.0917474282e-02 3.2191085318e-03 1.7282405124e-04 -8.7637727191e-05 1.2863357165e-03 -3.2367745585e-05
