# Moment          
# CofR            : (0.0000000000e+00 0.0000000000e+00 0.0000000000e+00)
#
# Time            	total_x total_y total_z	pressure_x pressure_y pressure_z	viscous_x viscous_y viscous_z
1                  -8.1572221902e-03 8.0124225962e-02 1.5847332687e-02 -8.1869002421e-03 7.4067168087e-02 1.5901511672e-02 2.9678051895e-05 6.0570578751e-03 -5.4178985313e-05
2                  -2.8350698356e-02 1.9598060302e-02 2.7819503119e-03 -2.8117774031e-02 1.4906158401e-02 2.9538730853e-03 -2.3292432499e-04 4.6919019018e-03 -1.7192277344e-04
3                  -2.6009170493e-02 -1.5645972830e-02 -4.7813293345e-03 -2.5867936933e-02 -1.9578281197e-02 -4.6790416395e-03 -1.4123356020e-04 3.9323083672e-03 -1.0228769497e-04
4                  -7.3907268240e-03 -5.3008482372e-03 3.5638714769e-04 -7.4232273190e-03 -8.9920844604e-03 3.8113948330e-04 3.2500494967e-05 3.6912362232e-03 -2.4752335609e-05
5                  -1.2159960710e-02 1.1397780378e-02 4.0904100497e-03 -1.2163779108e-02 7.9746755890e-03 4.1218482821e-03 3.8183983765e-06 3.4231047894e-03 -3.1438232394e-05
6                  -2.4700770665e-02 1.2775749893e-02 2.4524618284e-03 -2.4633208104e-02 9.6621021808e-03 2.5108010704e-03 -6.7562561229e-05 3.1136477122e-03 -5.8339242004e-05
7                  -2.2822725533e-02 6.1273328448e-03 4.6080143560e-04 -2.2742869465e-02 3.3197670802e-03 5.2121597025e-04 -7.9856067685e-05 2.8075657646e-03 -6.0414534652e-05
8                  -1.8271003426e-02 3.4589760763e-03 7.9117084443e-04 -1.8202002051e-02 8.8665259250e-04 8.4324437378e-04 -6.9001374543e-05 2.5723234838e-03 -5.2073529349e-05
9                  -2.0983745200e-02 5.0988054089e-03 1.5168878712e-03 -2.0926932418e-02 2.7153992213e-03 1.5601947514e-03 -5.6812782382e-05 2.3834061876e-03 -4.3306880190e-05
10                 -2.4125554876e-02 5.7093498638e-03 1.0272924442e-03 -2.4063840836e-02 3.4854715399e-03 1.0724936641e-03 -6.1714039922e-05 2.2238783239e-03 -4.5201219986e-05
11                 -2.2147434521e-02 4.9462366109e-03 4.2947390888e-04 -2.2090833084e-02 2.8317380234e-03 4.7224480671e-04 -5.6601436924e-05 2.1144985876e-03 -4.2770897824e-05
12                 -2.1247785726e-02 4.8605472458e-03 6.4288481966e-04 -2.1180280665e-02 2.8278423200e-03 6.8680513956e-04 -6.7505061127e-05 2.0327049258e-03 -4.3920319904e-05
13                 -2.3060396700e-02 5.3369097863e-03 1.1009243773e-03 -2.2996936509e-02 3.3885580688e-03 1.1412704405e-03 -6.3460191724e-05 1.9483517175e-03 -4.0346063215e-05
14                 -2.4583887666e-02 4.9332515548e-03 8.8430653590e-04 -2.4510518575e-02 3.0698424215e-03 9.2641873182e-04 -7.3369090621e-05 1.8634091333e-03 -4.2112195925e-05
15                 -2.3583229083e-02 4.4921649828e-03 4.8865058593e-04 -2.3518607820e-02 2.6842820280e-03 5.2839498343e-04 -6.4621263076e-05 1.8078829547e-03 -3.9744397502e-05
16                 -2.3188501023e-02 4.7246152268e-03 4.7865706302e-04 -2.3118839235e-02 2.9423552736e-03 5.2036170213e-04 -6.9661787742e-05 1.7822599533e-03 -4.1704639106e-05
17                 -2.4281506293e-02 5.1351047515e-03 8.4824922577e-04 -2.4217147615e-02 3.3872208599e-03 8.8706296712e-04 -6.4358678157e-05 1.7478838916e-03 -3.8813741353e-05
18                 -2.5611795302e-02 4.8056646640e-03 9.2314429814e-04 -2.5536402578e-02 3.1160009047e-03 9.6335826998e-04 -7.5392723730e-05 1.6896637593e-03 -4.0213971838e-05
19                 -2.5605914125e-02 4.3728245332e-03 7.4502840352e-04 -2.5534853507e-02 2.7382601757e-03 7.8287697265e-04 -7.1060617781e-05 1.6345643575e-03 -3.7848569125e-05
20                 -2.5289284532e-02 4.4679715584e-03 5.3799860366e-04 -2.5213053452e-02 2.8533531719e-03 5.7813072889e-04 -7.6231079975e-05 1.6146183864e-03 -4.0132125229e-05
21                 -2.5276341622e-02 5.0039025567e-03 6.3114051331e-04 -2.5206704522e-02 3.3910007768e-03 6.7008529586e-04 -6.9637100704e-05 1.6129017799e-03 -3.8944782543e-05
22                 -2.6176161206e-02 5.0452035876e-03 7.8117295673e-04 -2.6099113644e-02 3.4502199789e-03 8.2144064273e-04 -7.7047561954e-05 1.5949836087e-03 -4.0267685998e-05
23                 -2.6908509976e-02 4.6726397989e-03 8.6713312400e-04 -2.6836108710e-02 3.1288034329e-03 9.0508051258e-04 -7.2401266262e-05 1.5438363660e-03 -3.7947388577e-05
24                 -2.7293088590e-02 4.3460615673e-03 7.6663483437e-04 -2.7212247447e-02 2.8503483603e-03 8.0599854057e-04 -8.0841143064e-05 1.4957132069e-03 -3.9363706194e-05
25                 -2.7347330640e-02 4.5607600744e-03 7.2114943506e-04 -2.7271489100e-02 3.0786293787e-03 7.5946416821e-04 -7.5841540034e-05 1.4821306957e-03 -3.8314733142e-05
26                 -2.7538692921e-02 4.8463869873e-03 6.5681645997e-04 -2.7458108243e-02 3.3611922705e-03 6.9703081270e-04 -8.0584677942e-05 1.4851947168e-03 -4.0214352727e-05
27                 -2.7695943677e-02 4.9624992867e-03 6.9484540907e-04 -2.7621659096e-02 3.4828701580e-03 7.3343551252e-04 -7.4284581465e-05 1.4796291287e-03 -3.8590103448e-05
28                 -2.7954730994e-02 4.7371960667e-03 6.6091713872e-04 -2.7873562063e-02 3.2844959997e-03 7.0104639362e-04 -8.1168930396e-05 1.4527000671e-03 -4.0129254902e-05
29                 -2.8153309479e-02 4.6202524813e-03 6.8558401222e-04 -2.8076117424e-02 3.1965686633e-03 7.2426060168e-04 -7.7192055305e-05 1.4236838180e-03 -3.8676589458e-05
30                 -2.8498053195e-02 4.6098634995e-03 6.4844759855e-04 -2.8415035245e-02 3.2034001697e-03 6.8877273286e-04 -8.3017950063e-05 1.4064633298e-03 -4.0325134313e-05
31                 -2.8565792485e-02 4.7706684318e-03 6.5023131339e-04 -2.8488822075e-02 3.3691378509e-03 6.8875653058e-04 -7.6970409992e-05 1.4015305808e-03 -3.8525217182e-05
32                 -2.8730175338e-02 4.7995605190e-03 5.9617252538e-04 -2.8647507525e-02 3.4022825078e-03 6.3660012587e-04 -8.2667813085e-05 1.3972780113e-03 -4.0427600495e-05
33                 -2.8739801709e-02 4.8012542992e-03 5.9305244092e-04 -2.8661378355e-02 3.4122839288e-03 6.3196472574e-04 -7.8423353271e-05 1.3889703703e-03 -3.8912284816e-05
34                 -2.8859058980e-02 4.7074056576e-03 5.4054211779e-04 -2.8774935841e-02 3.3308983422e-03 5.8077949496e-04 -8.4123138976e-05 1.3765073154e-03 -4.0237377174e-05
35                 -2.8764634186e-02 4.7349446675e-03 5.3261393232e-04 -2.8685164163e-02 3.3705860198e-03 5.7081983176e-04 -7.9470022911e-05 1.3643586477e-03 -3.8205899441e-05
36                 -2.8818071169e-02 4.7258674209e-03 4.8012491846e-04 -2.8733067520e-02 3.3696930767e-03 5.1989282460e-04 -8.5003648869e-05 1.3561743441e-03 -3.9767906135e-05
37                 -2.8721897800e-02 4.7686599612e-03 4.7590944260e-04 -2.8640741815e-02 3.4177360852e-03 5.1417113213e-04 -8.1155984126e-05 1.3509238760e-03 -3.8261689531e-05
38                 -2.8791709168e-02 4.7324850420e-03 4.3761344513e-04 -2.8705572440e-02 3.3861638435e-03 4.7751223065e-04 -8.6136727570e-05 1.3463211986e-03 -3.9898785525e-05
39                 -2.8637333536e-02 4.7611303736e-03 4.3544135701e-04 -2.8555830215e-02 3.4209185037e-03 4.7332964927e-04 -8.1503320264e-05 1.3402118699e-03 -3.7888292263e-05
40                 -2.8656766287e-02 4.7251993277e-03 3.8809364224e-04 -2.8570085989e-02 3.3912333124e-03 4.2751541839e-04 -8.6680297946e-05 1.3339660153e-03 -3.9421776149e-05
41                 -2.8476617249e-02 4.7515052521e-03 3.8415776297e-04 -2.8393445074e-02 3.4216167682e-03 4.2186752631e-04 -8.3172174472e-05 1.3298884839e-03 -3.7709763332e-05
42                 -2.8479904589e-02 4.7131649776e-03 3.4427646527e-04 -2.8392157101e-02 3.3864043489e-03 3.8346223719e-04 -8.7747487793e-05 1.3267606287e-03 -3.9185771916e-05
43                 -2.8278786187e-02 4.7454880145e-03 3.4058571847e-04 -2.8195658412e-02 3.4225289974e-03 3.7773123588e-04 -8.3127774871e-05 1.3229590170e-03 -3.7145517415e-05
44                 -2.8242501698e-02 4.7079575240e-03 2.9423398819e-04 -2.8154117068e-02 3.3894508738e-03 3.3299361738e-04 -8.8384629995e-05 1.3185066502e-03 -3.8759629191e-05
45                 -2.7983600311e-02 4.7274213525e-03 2.8980071420e-04 -2.7898712660e-02 3.4104585363e-03 3.2688213349e-04 -8.4887650955e-05 1.3169628162e-03 -3.7081419298e-05
46                 -2.7916734887e-02 4.6795456695e-03 2.4438220191e-04 -2.7827340712e-02 3.3649283755e-03 2.8296121925e-04 -8.9394174741e-05 1.3146172940e-03 -3.8579017336e-05
47                 -2.7653306768e-02 4.7160938458e-03 2.3713767302e-04 -2.7568906522e-02 3.4027302404e-03 2.7354136613e-04 -8.4400246436e-05 1.3133636054e-03 -3.6403693111e-05
48                 -2.7539086088e-02 4.6779452314e-03 1.9136685324e-04 -2.7449896977e-02 3.3673933794e-03 2.2917688112e-04 -8.9189110867e-05 1.3105518520e-03 -3.7810027885e-05
49                 -2.7221872765e-02 4.6921558913e-03 1.8381741848e-04 -2.7135700301e-02 3.3820679330e-03 2.2006086625e-04 -8.6172463951e-05 1.3100879583e-03 -3.6243447770e-05
50                 -2.7101519910e-02 4.6385807378e-03 1.3892834742e-04 -2.7010352253e-02 3.3304408704e-03 1.7661549318e-04 -9.1167656597e-05 1.3081398674e-03 -3.7687145765e-05
51                 -2.6769435473e-02 4.6743145946e-03 1.3674449616e-04 -2.6683350035e-02 3.3662846999e-03 1.7222803213e-04 -8.6085438194e-05 1.3080298947e-03 -3.5483535974e-05
52                 -2.6617188262e-02 4.6330993703e-03 9.3622287232e-05 -2.6526185689e-02 3.3271522706e-03 1.3054729183e-04 -9.1002572970e-05 1.3059470997e-03 -3.6925004601e-05
53                 -2.6274041399e-02 4.6529517004e-03 9.0818696738e-05 -2.6186865163e-02 3.3467238769e-03 1.2606783710e-04 -8.7176235650e-05 1.3062278236e-03 -3.5249140359e-05
54                 -2.6125545360e-02 4.6023017178e-03 5.7993096155e-05 -2.6034140102e-02 3.2970593251e-03 9.4538539135e-05 -9.1405258544e-05 1.3052423927e-03 -3.6545442980e-05
55                 -2.5785112108e-02 4.6337355206e-03 6.5191345485e-05 -2.5698366752e-02 3.3282187620e-03 9.9813078802e-05 -8.6745355811e-05 1.3055167586e-03 -3.4621733316e-05
56                 -2.5648574058e-02 4.5993655972e-03 3.4020791644e-05 -2.5557183428e-02 3.2958164831e-03 7.0038190382e-05 -9.1390630386e-05 1.3035491141e-03 -3.6017398738e-05
57                 -2.5316964925e-02 4.6211057281e-03 4.2895470278e-05 -2.5229630488e-02 3.3169890512e-03 7.7244906895e-05 -8.7334437286e-05 1.3041166769e-03 -3.4349436617e-05
58                 -2.5195925571e-02 4.5722136016e-03 1.6843028596e-05 -2.5104413835e-02 3.2687842098e-03 5.2563047789e-05 -9.1511735384e-05 1.3034293917e-03 -3.5720019192e-05
59                 -2.4883094661e-02 4.6063938549e-03 3.1968400735e-05 -2.4796182991e-02 3.3026845802e-03 6.5795590883e-05 -8.6911669486e-05 1.3037092747e-03 -3.3827190148e-05
60                 -2.4774258219e-02 4.5766119971e-03 1.0071557915e-05 -2.4683431156e-02 3.2742067475e-03 4.5211168526e-05 -9.0827062895e-05 1.3024052496e-03 -3.5139610611e-05
61                 -2.4475648757e-02 4.5987945168e-03 2.4529742919e-05 -2.4388646301e-02 3.2962227649e-03 5.8073442763e-05 -8.7002456114e-05 1.3025717519e-03 -3.3543699843e-05
62                 -2.4394504558e-02 4.5523727237e-03 4.4821432599e-06 -2.4303100061e-02 3.2504353722e-03 3.9525573546e-05 -9.1404496446e-05 1.3019373515e-03 -3.5043430286e-05
63                 -2.4121015666e-02 4.5864465939e-03 2.5222098583e-05 -2.4034393615e-02 3.2844594127e-03 5.8363900892e-05 -8.6622050999e-05 1.3019871812e-03 -3.3141802309e-05
64                 -2.4045938587e-02 4.5581319493e-03 8.0986827638e-06 -2.3955385273e-02 3.2569384935e-03 4.2692620490e-05 -9.0553314109e-05 1.3011934558e-03 -3.4593937726e-05
65                 -2.3783112358e-02 4.5823316479e-03 2.5303873511e-05 -2.3696802931e-02 3.2809022096e-03 5.8234224420e-05 -8.6309426430e-05 1.3014294383e-03 -3.2930350909e-05
66                 -2.3729457484e-02 4.5378667049e-03 6.7848754423e-06 -2.3638852650e-02 3.2369691174e-03 4.1172643068e-05 -9.0604833948e-05 1.3008975875e-03 -3.4387767625e-05
67                 -2.3468320043e-02 4.5725544898e-03 2.9984311790e-05 -2.3382484562e-02 3.2719732258e-03 6.2572703886e-05 -8.5835480722e-05 1.3005812640e-03 -3.2588392096e-05
68                 -2.3432446501e-02 4.5397832696e-03 1.3290984562e-05 -2.3341904019e-02 3.2402797441e-03 4.7481255522e-05 -9.0542482497e-05 1.2995035255e-03 -3.4190270960e-05
69                 -2.3193818306e-02 4.5719313117e-03 3.6303066553e-05 -2.3107799228e-02 3.2719735155e-03 6.8759493841e-05 -8.6019077385e-05 1.2999577962e-03 -3.2456427288e-05
70                 -2.3181351070e-02 4.5277094562e-03 1.8724566097e-05 -2.3091105395e-02 3.2285323410e-03 5.2732338415e-05 -9.0245675121e-05 1.2991771152e-03 -3.4007772318e-05
71                 -2.2955409933e-02 4.5653128072e-03 4.3484235853e-05 -2.2870200524e-02 3.2664811630e-03 7.5670507366e-05 -8.5209408782e-05 1.2988316442e-03 -3.2186271513e-05
72                 -2.2947416954e-02 4.5327220146e-03 2.9924681692e-05 -2.2857849876e-02 3.2345858832e-03 6.3615615399e-05 -8.9567078285e-05 1.2981361314e-03 -3.3690933707e-05
73                 -2.2733036148e-02 4.5646060299e-03 5.3198336076e-05 -2.2647758383e-02 3.2660685572e-03 8.5301095346e-05 -8.5277764967e-05 1.2985374727e-03 -3.2102759270e-05
74                 -2.2756180042e-02 4.5238020148e-03 3.6451331077e-05 -2.2666244940e-02 3.2265939823e-03 7.0176432293e-05 -8.9935102211e-05 1.2972080325e-03 -3.3725101216e-05
75                 -2.2548526707e-02 4.5605148737e-03 6.4618214653e-05 -2.2463275064e-02 3.2631956257e-03 9.6572649016e-05 -8.5251643068e-05 1.2973192480e-03 -3.1954434362e-05
76                 -2.2574703074e-02 4.5241213251e-03 4.8094831561e-05 -2.2484912832e-02 3.2277353808e-03 8.1737074344e-05 -8.9790242108e-05 1.2963859443e-03 -3.3642242783e-05
77                 -2.2385505390e-02 4.5604630436e-03 7.1769606185e-05 -2.2300784167e-02 3.2636407432e-03 1.0358307904e-04 -8.4721222637e-05 1.2968223004e-03 -3.1813472857e-05
78                 -2.2412628550e-02 4.5221672006e-03 5.8274740977e-05 -2.2323552327e-02 3.2259258820e-03 9.1674790703e-05 -8.9076223024e-05 1.2962413186e-03 -3.3400049726e-05
79                 -2.2228558437e-02 4.5548814383e-03 8.3858373144e-05 -2.2143646466e-02 3.2588539861e-03 1.1560694590e-04 -8.4911970842e-05 1.2960274521e-03 -3.1748572754e-05
80                 -2.2282263190e-02 4.5214171510e-03 6.7864636014e-05 -2.2192880011e-02 3.2268473811e-03 1.0123839945e-04 -8.9383178719e-05 1.2945697699e-03 -3.3373763431e-05
81                 -2.2097939447e-02 4.5548333797e-03 9.4225369885e-05 -2.2012896806e-02 3.2593668687e-03 1.2593976509e-04 -8.5042641244e-05 1.2954665110e-03 -3.1714395209e-05
82                 -2.2157875395e-02 4.5151171927e-03 7.5572390079e-05 -2.2068573650e-02 3.2203933642e-03 1.0887400564e-04 -8.9301744863e-05 1.2947238285e-03 -3.3301615560e-05
83                 -2.1982029307e-02 4.5555865445e-03 1.0197212081e-04 -2.1897519054e-02 3.2605918085e-03 1.3351726621e-04 -8.4510253131e-05 1.2949947360e-03 -3.1545145394e-05
84                 -2.2043388458e-02 4.5192016473e-03 8.2741916915e-05 -2.1954737844e-02 3.2256755487e-03 1.1578900280e-04 -8.8650613965e-05 1.2935260986e-03 -3.3047085885e-05
85                 -2.1858066400e-02 4.5518012171e-03 1.0678306029e-04 -2.1773033338e-02 3.2577591257e-03 1.3836409807e-04 -8.5033062722e-05 1.2940420914e-03 -3.1581037783e-05
86                 -2.1931689617e-02 4.5124913117e-03 8.8601278192e-05 -2.1842516016e-02 3.2191379652e-03 1.2177037005e-04 -8.9173601538e-05 1.2933533465e-03 -3.3169091860e-05
87                 -2.1763938104e-02 4.5482266559e-03 1.1474614653e-04 -2.1679493654e-02 3.2545286185e-03 1.4618395987e-04 -8.4444450381e-05 1.2936980374e-03 -3.1437813343e-05
88                 -2.1834800620e-02 4.5155778800e-03 9.4259991748e-05 -2.1746336467e-02 3.2228121484e-03 1.2722873374e-04 -8.8464152652e-05 1.2927657316e-03 -3.2968741987e-05
89                 -2.1665730712e-02 4.5517272096e-03 1.1798325821e-04 -2.1581447621e-02 3.2582544122e-03 1.4939234141e-04 -8.4283090779e-05 1.2934727973e-03 -3.1409083198e-05
90                 -2.1742207285e-02 4.5109603833e-03 9.8813037146e-05 -2.1653546097e-02 3.2179479523e-03 1.3182323849e-04 -8.8661187997e-05 1.2930124310e-03 -3.3010201349e-05
91                 -2.1571473661e-02 4.5482740298e-03 1.2296197677e-04 -2.1487463883e-02 3.2550862996e-03 1.5422368822e-04 -8.4009777837e-05 1.2931877303e-03 -3.1261711459e-05
92                 -2.1652524145e-02 4.5113760544e-03 1.0312487045e-04 -2.1563561268e-02 3.2197328358e-03 1.3612552445e-04 -8.8962876557e-05 1.2916432186e-03 -3.3000653993e-05
93                 -2.1491513074e-02 4.5464479220e-03 1.2713914169e-04 -2.1406991745e-02 3.2536567887e-03 1.5853425062e-04 -8.4521328660e-05 1.2927911333e-03 -3.1395108924e-05
94                 -2.1584020724e-02 4.5072863026e-03 1.0430998719e-04 -2.1495499996e-02 3.2150908905e-03 1.3722410401e-04 -8.8520727744e-05 1.2921954121e-03 -3.2914116818e-05
95                 -2.1405546489e-02 4.5471904349e-03 1.3110048390e-04 -2.1321746411e-02 3.2542543271e-03 1.6227742106e-04 -8.3800078406e-05 1.2929361078e-03 -3.1176937160e-05
96                 -2.1494903578e-02 4.5103842067e-03 1.0941851691e-04 -2.1406226497e-02 3.2191145131e-03 1.4229431510e-04 -8.8677081232e-05 1.2912696937e-03 -3.2875798188e-05
97                 -2.1337160658e-02 4.5452737745e-03 1.3082467922e-04 -2.1252520497e-02 3.2530046369e-03 1.6216269163e-04 -8.4640160975e-05 1.2922691376e-03 -3.1338012409e-05
98                 -2.1432537222e-02 4.5068246471e-03 1.0967301182e-04 -2.1343600439e-02 3.2156622183e-03 1.4261680453e-04 -8.8936783232e-05 1.2911624288e-03 -3.2943792709e-05
99                 -2.1267627545e-02 4.5430109206e-03 1.3792609199e-04 -2.1183258688e-02 3.2512397047e-03 1.6916899658e-04 -8.4368856740e-05 1.2917712158e-03 -3.1242904597e-05
100                -2.1379623058e-02 4.5059906949e-03 1.1296817856e-04 -2.1291270291e-02 3.2155944304e-03 1.4575097016e-04 -8.8352766364e-05 1.2903962645e-03 -3.2782791598e-05
101                -2.1219303132e-02 4.5431102277e-03 1.3646106268e-04 -2.1135240189e-02 3.2512485821e-03 1.6769617556e-04 -8.4062943539e-05 1.2918616456e-03 -3.1235112878e-05
102                -2.1315376926e-02 4.5075531698e-03 1.1737673557e-04 -2.1227495704e-02 3.2164081512e-03 1.5011375323e-04 -8.7881221660e-05 1.2911450185e-03 -3.2737017655e-05
103                -2.1165399423e-02 4.5425082231e-03 1.4171685806e-04 -2.1081665388e-02 3.2504333806e-03 1.7284383339e-04 -8.3734034328e-05 1.2920748425e-03 -3.1126975330e-05
104                -2.1280364459e-02 4.5054295651e-03 1.1897494231e-04 -2.1192363568e-02 3.2155195462e-03 1.5172972295e-04 -8.8000890555e-05 1.2899100189e-03 -3.2754780643e-05
105                -2.1129262097e-02 4.5434711598e-03 1.4293368620e-04 -2.1045187925e-02 3.2518111049e-03 1.7419000279e-04 -8.4074172025e-05 1.2916600549e-03 -3.1256316590e-05
106                -2.1230053203e-02 4.5058490591e-03 1.2114181916e-04 -2.1142273921e-02 3.2149149671e-03 1.5391168737e-04 -8.7779281407e-05 1.2909340920e-03 -3.2769868214e-05
107                -2.1083576064e-02 4.5401595340e-03 1.4518161444e-04 -2.1000035791e-02 3.2485294793e-03 1.7630195274e-04 -8.3540272962e-05 1.2916300547e-03 -3.1120338295e-05
108                -2.1200503156e-02 4.5076324166e-03 1.2291967544e-04 -2.1112827241e-02 3.2177253700e-03 1.5557887062e-04 -8.7675914260e-05 1.2899070466e-03 -3.2659195176e-05
109                -2.1050019485e-02 4.5449880300e-03 1.4541675839e-04 -2.0966137681e-02 3.2535126545e-03 1.7658689293e-04 -8.3881803942e-05 1.2914753755e-03 -3.1170134535e-05
110                -2.1163846543e-02 4.5015472896e-03 1.2472938955e-04 -2.1075842978e-02 3.2114810198e-03 1.5750224399e-04 -8.8003564371e-05 1.2900662698e-03 -3.2772854438e-05
111                -2.1026370855e-02 4.5374627206e-03 1.5032238559e-04 -2.0942357183e-02 3.2464236931e-03 1.8148436250e-04 -8.4013671355e-05 1.2910390275e-03 -3.1161976908e-05
112                -2.1145180364e-02 4.5079460499e-03 1.2787763994e-04 -2.1057251018e-02 3.2183958823e-03 1.6057489191e-04 -8.7929345913e-05 1.2895501676e-03 -3.2697251972e-05
113                -2.1011007702e-02 4.5422903686e-03 1.5082053504e-04 -2.0927134441e-02 3.2513572815e-03 1.8197098367e-04 -8.3873261503e-05 1.2909330871e-03 -3.1150448631e-05
114                -2.1137132990e-02 4.5048907270e-03 1.2995749041e-04 -2.1049317826e-02 3.2150378028e-03 1.6264165061e-04 -8.7815163935e-05 1.2898529242e-03 -3.2684160204e-05
115                -2.0997172927e-02 4.5394298852e-03 1.5523780703e-04 -2.0913563362e-02 3.2486257220e-03 1.8625844249e-04 -8.3609564621e-05 1.2908041632e-03 -3.1020635463e-05
116                -2.1126533175e-02 4.5054915571e-03 1.3428767095e-04 -2.1038769778e-02 3.2167077744e-03 1.6689686178e-04 -8.7763397097e-05 1.2887837827e-03 -3.2609190831e-05
117                -2.1003920026e-02 4.5413219480e-03 1.5743161461e-04 -2.0919847217e-02 3.2510361446e-03 1.8859669901e-04 -8.4072808924e-05 1.2902858033e-03 -3.1165084402e-05
118                -2.1130262202e-02 4.5060902482e-03 1.3537833016e-04 -2.1042835820e-02 3.2162889129e-03 1.6797899402e-04 -8.7426382512e-05 1.2898013352e-03 -3.2600663869e-05
119                -2.0997462411e-02 4.5418926475e-03 1.6018557072e-04 -2.0914072133e-02 3.2514852795e-03 1.9119941324e-04 -8.3390278074e-05 1.2904073680e-03 -3.1013842522e-05
120                -2.1131300316e-02 4.5090880921e-03 1.3868479887e-04 -2.1043741231e-02 3.2204187470e-03 1.7128004224e-04 -8.7559085128e-05 1.2886693451e-03 -3.2595243364e-05
121                -2.1004061979e-02 4.5439840863e-03 1.5973092633e-04 -2.0920431959e-02 3.2538125832e-03 1.9080713136e-04 -8.3630020368e-05 1.2901715032e-03 -3.1076205025e-05
122                -2.1126715608e-02 4.5025716085e-03 1.3842534563e-04 -2.1039084865e-02 3.2134599735e-03 1.7106906325e-04 -8.7630742806e-05 1.2891116351e-03 -3.2643717618e-05
123                -2.0999909166e-02 4.5409254303e-03 1.6362290099e-04 -2.0916254604e-02 3.2509372869e-03 1.9467413701e-04 -8.3654561812e-05 1.2899881434e-03 -3.1051236025e-05
124                -2.1136107064e-02 4.5101761969e-03 1.3940842768e-04 -2.1048576035e-02 3.2216558071e-03 1.7198574787e-04 -8.7531028542e-05 1.2885203898e-03 -3.2577320189e-05
125                -2.0999094361e-02 4.5458759387e-03 1.6247557483e-04 -2.0915499063e-02 3.2559416461e-03 1.9359111173e-04 -8.3595298244e-05 1.2899342926e-03 -3.1115536896e-05
126                -2.1133035228e-02 4.5047049415e-03 1.3990008885e-04 -2.1045456652e-02 3.2157538342e-03 1.7253665092e-04 -8.7578576095e-05 1.2889511073e-03 -3.2636562064e-05
127                -2.0993247415e-02 4.5421749782e-03 1.6378193475e-04 -2.0909916416e-02 3.2520368757e-03 1.9477151342e-04 -8.3330998626e-05 1.2901381025e-03 -3.0989578666e-05
128                -2.1119145149e-02 4.5064163456e-03 1.3954755037e-04 -2.1031388152e-02 3.2180352374e-03 1.7220401602e-04 -8.7756996625e-05 1.2883811081e-03 -3.2656465644e-05
129                -2.0979954550e-02 4.5439889899e-03 1.6228584710e-04 -2.0896153827e-02 3.2543898081e-03 1.9343443253e-04 -8.3800722887e-05 1.2895991818e-03 -3.1148585426e-05
130                -2.1100698436e-02 4.5052446413e-03 1.3792081496e-04 -2.1012946156e-02 3.2160242279e-03 1.7062527606e-04 -8.7752280186e-05 1.2892204134e-03 -3.2704461100e-05
131                -2.0965850311e-02 4.5359192590e-03 1.6125161883e-04 -2.0882541243e-02 3.2461794856e-03 1.9230550694e-04 -8.3309068254e-05 1.2897397734e-03 -3.1053888104e-05
132                -2.1085311792e-02 4.5069052427e-03 1.3889770816e-04 -2.0998032532e-02 3.2183959581e-03 1.7144016765e-04 -8.7279259843e-05 1.2885092846e-03 -3.2542459488e-05
133                -2.0944243663e-02 4.5429518641e-03 1.5900037077e-04 -2.0860826316e-02 3.2534909012e-03 1.9005052246e-04 -8.3417347037e-05 1.2894609629e-03 -3.1050151691e-05
134                -2.1059116073e-02 4.5005701997e-03 1.3655730618e-04 -2.0971293192e-02 3.2119826465e-03 1.6925669970e-04 -8.7822881442e-05 1.2885875532e-03 -3.2699393524e-05
135                -2.0926492145e-02 4.5370088220e-03 1.6194941484e-04 -2.0842748039e-02 3.2478769872e-03 1.9301557851e-04 -8.3744105841e-05 1.2891318348e-03 -3.1066163673e-05
136                -2.1057812904e-02 4.5053045561e-03 1.3715315856e-04 -2.0970076650e-02 3.2173780233e-03 1.6974818004e-04 -8.7736253586e-05 1.2879265328e-03 -3.2595021472e-05
137                -2.0931110502e-02 4.5394302642e-03 1.5917493834e-04 -2.0847354890e-02 3.2507526274e-03 1.9028057276e-04 -8.3755611383e-05 1.2886776368e-03 -3.1105634417e-05
138                -2.1056793688e-02 4.5022329399e-03 1.3860553486e-04 -2.0969029887e-02 3.2140062236e-03 1.7125305916e-04 -8.7763801251e-05 1.2882267163e-03 -3.2647524297e-05
139                -2.0925555693e-02 4.5386982558e-03 1.6355684365e-04 -2.0842304685e-02 3.2495635821e-03 1.9450109194e-04 -8.3251008697e-05 1.2891346737e-03 -3.0944248284e-05
140                -2.1062944542e-02 4.5041882759e-03 1.4048883719e-04 -2.0975216548e-02 3.2166527764e-03 1.7308750363e-04 -8.7727993879e-05 1.2875354996e-03 -3.2598666441e-05
141                -2.0943583024e-02 4.5422629938e-03 1.6220307017e-04 -2.0859813212e-02 3.2537854040e-03 1.9331448135e-04 -8.3769811354e-05 1.2884775898e-03 -3.1111411181e-05
142                -2.1064358650e-02 4.5056764474e-03 1.4009627848e-04 -2.0976601087e-02 3.2175334032e-03 1.7276116064e-04 -8.7757562962e-05 1.2881430442e-03 -3.2664882162e-05
143                -2.0931950652e-02 4.5396889535e-03 1.6477290316e-04 -2.0848668511e-02 3.2509871671e-03 1.9577736440e-04 -8.3282140712e-05 1.2887017864e-03 -3.1004461238e-05
144                -2.1074748508e-02 4.5029647022e-03 1.3973212272e-04 -2.0987125226e-02 3.2157957834e-03 1.7234874449e-04 -8.7623281777e-05 1.2871689188e-03 -3.2616621767e-05
145                -2.0933687866e-02 4.5417787859e-03 1.6117760712e-04 -2.0850535987e-02 3.2531703255e-03 1.9218810622e-04 -8.3151878936e-05 1.2886084604e-03 -3.1010499100e-05
146                -2.1048906156e-02 4.5014919853e-03 1.3961448992e-04 -2.0961312517e-02 3.2137325573e-03 1.7230023474e-04 -8.7593639078e-05 1.2877594280e-03 -3.2685744822e-05
147                -2.0925145195e-02 4.5383075735e-03 1.6379551476e-04 -2.0841961966e-02 3.2497108250e-03 1.9478091813e-04 -8.3183228602e-05 1.2885967486e-03 -3.0985403364e-05
148                -2.1053391002e-02 4.5056212460e-03 1.3830464868e-04 -2.0965911646e-02 3.2183969619e-03 1.7089592935e-04 -8.7479355530e-05 1.2872242841e-03 -3.2591280675e-05
149                -2.0916286808e-02 4.5407261967e-03 1.6047033538e-04 -2.0832778441e-02 3.2525586580e-03 1.9156335104e-04 -8.3508366865e-05 1.2881675387e-03 -3.1093015662e-05
150                -2.1046414697e-02 4.5016085139e-03 1.3815992627e-04 -2.0958696733e-02 3.2139615158e-03 1.7082412513e-04 -8.7717964138e-05 1.2876469981e-03 -3.2664198863e-05
151                -2.0915778221e-02 4.5386585968e-03 1.6274490272e-04 -2.0832410912e-02 3.2502227738e-03 1.9370719748e-04 -8.3367308932e-05 1.2884358231e-03 -3.0962294763e-05
152                -2.1053969106e-02 4.5058755338e-03 1.4011592063e-04 -2.0966361048e-02 3.2192170897e-03 1.7269646775e-04 -8.7608058012e-05 1.2866584441e-03 -3.2580547121e-05
153                -2.0932916169e-02 4.5422921514e-03 1.6304027143e-04 -2.0849250885e-02 3.2545174931e-03 1.9409703321e-04 -8.3665283694e-05 1.2877746583e-03 -3.1056761779e-05
154                -2.1062006609e-02 4.5054779516e-03 1.4069925802e-04 -2.0974283724e-02 3.2179208320e-03 1.7335457069e-04 -8.7722885530e-05 1.2875571196e-03 -3.2655312670e-05
155                -2.0947170475e-02 4.5386728941e-03 1.6498252168e-04 -2.0863848907e-02 3.2507369316e-03 1.9597667584e-04 -8.3321568277e-05 1.2879359625e-03 -3.0994154160e-05
156                -2.1086308870e-02 4.5085964665e-03 1.4327732713e-04 -2.0998685485e-02 3.2220761785e-03 1.7587765262e-04 -8.7623384783e-05 1.2865202881e-03 -3.2600325494e-05
157                -2.0961720778e-02 4.5456364705e-03 1.6566616447e-04 -2.0878029325e-02 3.2576992642e-03 1.9672977324e-04 -8.3691452964e-05 1.2879372063e-03 -3.1063608761e-05
158                -2.1097201367e-02 4.5056410719e-03 1.4453094797e-04 -2.1009656109e-02 3.2183276109e-03 1.7714021967e-04 -8.7545257885e-05 1.2873134610e-03 -3.2609271704e-05
159                -2.0974911951e-02 4.5421832262e-03 1.6953084267e-04 -2.0891596515e-02 3.2542213098e-03 2.0049600364e-04 -8.3315435367e-05 1.2879619164e-03 -3.0965160961e-05
160                -2.1112256016e-02 4.5092344883e-03 1.4420102341e-04 -2.1024552446e-02 3.2224010410e-03 1.7678578496e-04 -8.7703569633e-05 1.2868334473e-03 -3.2584761549e-05
161                -2.0976134224e-02 4.5434851400e-03 1.6739048364e-04 -2.0892341855e-02 3.2556042080e-03 1.9850367396e-04 -8.3792369279e-05 1.2878809320e-03 -3.1113190325e-05
162                -2.1111812809e-02 4.5055398285e-03 1.4426277861e-04 -2.1024008887e-02 3.2181704707e-03 1.7689643981e-04 -8.7803921984e-05 1.2873693577e-03 -3.2633661195e-05
163                -2.0975073242e-02 4.5453413688e-03 1.6766598103e-04 -2.0891890315e-02 3.2569663516e-03 1.9855848889e-04 -8.3182927337e-05 1.2883750173e-03 -3.0892507863e-05
164                -2.1102962040e-02 4.5057704513e-03 1.4450532849e-04 -2.1015070215e-02 3.2191869252e-03 1.7710823250e-04 -8.7891824389e-05 1.2865835261e-03 -3.2602904012e-05
165                -2.0976800273e-02 4.5424420552e-03 1.6580094272e-04 -2.0893067376e-02 3.2545728654e-03 1.9684539326e-04 -8.3732896357e-05 1.2878691899e-03 -3.1044450545e-05
166                -2.1098316339e-02 4.5057809441e-03 1.4264398617e-04 -2.1010573365e-02 3.2181644272e-03 1.7528480275e-04 -8.7742974403e-05 1.2876165169e-03 -3.2640816577e-05
167                -2.0965459948e-02 4.5421202615e-03 1.6829107686e-04 -2.0882061060e-02 3.2534764348e-03 1.9927539904e-04 -8.3398888023e-05 1.2886438267e-03 -3.0984322186e-05
168                -2.1109327338e-02 4.5072154816e-03 1.4466527158e-04 -2.1021724002e-02 3.2206516685e-03 1.7723905017e-04 -8.7603335963e-05 1.2865638131e-03 -3.2573778595e-05
169                -2.0971611995e-02 4.5445528537e-03 1.6638881668e-04 -2.0887668553e-02 3.2561474245e-03 1.9748682935e-04 -8.3943442372e-05 1.2884054292e-03 -3.1098012666e-05
170                -2.1099974008e-02 4.5050439349e-03 1.4416223959e-04 -2.1012425110e-02 3.2174485908e-03 1.7676247400e-04 -8.7548897155e-05 1.2875953441e-03 -3.2600234405e-05
171                -2.0977205329e-02 4.5436452865e-03 1.6858723452e-04 -2.0893771117e-02 3.2551357621e-03 1.9956022519e-04 -8.3434212680e-05 1.2885095243e-03 -3.0972990665e-05
172                -2.1110530515e-02 4.5095489662e-03 1.4363213924e-04 -2.1022916232e-02 3.2226148516e-03 1.7623465383e-04 -8.7614282836e-05 1.2869341146e-03 -3.2602514596e-05
173                -2.0978123390e-02 4.5426168464e-03 1.6589288667e-04 -2.0894242904e-02 3.2545764192e-03 1.9703739026e-04 -8.3880485636e-05 1.2880404272e-03 -3.1144503582e-05
174                -2.1111276095e-02 4.5051270905e-03 1.4322623330e-04 -2.1023736641e-02 3.2176985011e-03 1.7586370810e-04 -8.7539454291e-05 1.2874285894e-03 -3.2637474799e-05
175                -2.0975942236e-02 4.5423297472e-03 1.6588639899e-04 -2.0892602955e-02 3.2536306590e-03 1.9685392055e-04 -8.3339281149e-05 1.2886990882e-03 -3.0967521563e-05
176                -2.1100121485e-02 4.5087542597e-03 1.4234209193e-04 -2.1012859482e-02 3.2216846088e-03 1.7487487887e-04 -8.7262002851e-05 1.2870696510e-03 -3.2532786939e-05
177                -2.0971156130e-02 4.5418265777e-03 1.6322638420e-04 -2.0887382864e-02 3.2538927237e-03 1.9434705176e-04 -8.3773265777e-05 1.2879338539e-03 -3.1120667557e-05
178                -2.1084908931e-02 4.5046568462e-03 1.4048179277e-04 -2.0997216782e-02 3.2169136943e-03 1.7317640328e-04 -8.7692148548e-05 1.2877431518e-03 -3.2694610510e-05
179                -2.0957274177e-02 4.5401322156e-03 1.6369433107e-04 -2.0873719378e-02 3.2514028003e-03 1.9474148632e-04 -8.3554798603e-05 1.2887294152e-03 -3.1047155253e-05
180                -2.1089752110e-02 4.5085912078e-03 1.3985816585e-04 -2.1002304032e-02 3.2216623565e-03 1.7242385010e-04 -8.7448077981e-05 1.2869288513e-03 -3.2565684249e-05
181                -2.0951082255e-02 4.5423355783e-03 1.6070054608e-04 -2.0867457259e-02 3.2541254098e-03 1.9178103168e-04 -8.3624995711e-05 1.2882101685e-03 -3.1080485606e-05
182                -2.1064005201e-02 4.4996185329e-03 1.4060689477e-04 -2.0976406732e-02 3.2121142706e-03 1.7327201306e-04 -8.7598468444e-05 1.2875042623e-03 -3.2665118291e-05
183                -2.0944061813e-02 4.5381606279e-03 1.6436418693e-04 -2.0860578450e-02 3.2498302476e-03 1.9537660002e-04 -8.3483363154e-05 1.2883303803e-03 -3.1012413082e-05
184                -2.1074502777e-02 4.5106627399e-03 1.3972034993e-04 -2.0986989638e-02 3.2235961759e-03 1.7230393447e-04 -8.7513139749e-05 1.2870665639e-03 -3.2583584549e-05
185                -2.0945156541e-02 4.5425495470e-03 1.6228004397e-04 -2.0861142306e-02 3.2544778794e-03 1.9346876112e-04 -8.4014234893e-05 1.2880716676e-03 -3.1188717147e-05
186                -2.1078516990e-02 4.5027752407e-03 1.4151410748e-04 -2.0990481009e-02 3.2153075602e-03 1.7423581618e-04 -8.8035980424e-05 1.2874676804e-03 -3.2721708699e-05
187                -2.0958334761e-02 4.5389047932e-03 1.6505436689e-04 -2.0874934956e-02 3.2507436623e-03 1.9602917602e-04 -8.3399805493e-05 1.2881611309e-03 -3.0974809126e-05
188                -2.1081361034e-02 4.5091971970e-03 1.4496148379e-04 -2.0993755441e-02 3.2224515810e-03 1.7756573912e-04 -8.7605593226e-05 1.2867456160e-03 -3.2604255323e-05
189                -2.0979066558e-02 4.5436216858e-03 1.6532534933e-04 -2.0895383774e-02 3.2561880775e-03 1.9640607110e-04 -8.3682784173e-05 1.2874336083e-03 -3.1080721778e-05
190                -2.1098848770e-02 4.5073390955e-03 1.4522317375e-04 -2.1010978734e-02 3.2197827677e-03 1.7795734917e-04 -8.7870036717e-05 1.2875563278e-03 -3.2734175420e-05
191                -2.0986950704e-02 4.5400226163e-03 1.6875935999e-04 -2.0903398409e-02 3.2520174236e-03 1.9983740856e-04 -8.3552295309e-05 1.2880051927e-03 -3.1078048566e-05
192                -2.1124683479e-02 4.5105019295e-03 1.4548689329e-04 -2.1036830444e-02 3.2239616028e-03 1.7815160280e-04 -8.7853035734e-05 1.2865403268e-03 -3.2664709507e-05
193                -2.0998049328e-02 4.5437759277e-03 1.6525908398e-04 -2.0914295808e-02 3.2560478773e-03 1.9638153090e-04 -8.3753519532e-05 1.2877280504e-03 -3.1122446925e-05
194                -2.1109268504e-02 4.5041217929e-03 1.4469076024e-04 -2.1021583429e-02 3.2166449920e-03 1.7739819840e-04 -8.7685075327e-05 1.2874768009e-03 -3.2707438165e-05
195                -2.0990670252e-02 4.5418963765e-03 1.6738759501e-04 -2.0907133232e-02 3.2536731009e-03 1.9843125357e-04 -8.3537020034e-05 1.2882232756e-03 -3.1043658556e-05
196                -2.1117345985e-02 4.5116576615e-03 1.4120312708e-04 -2.1029621641e-02 3.2247828633e-03 1.7383869222e-04 -8.7724344176e-05 1.2868747982e-03 -3.2635565140e-05
197                -2.0978361747e-02 4.5403326474e-03 1.6283416633e-04 -2.0894496720e-02 3.2523703145e-03 1.9398440617e-04 -8.3865027362e-05 1.2879623330e-03 -3.1150239838e-05
198                -2.1094722833e-02 4.5016550285e-03 1.4138457854e-04 -2.1006892797e-02 3.2139317548e-03 1.7407410081e-04 -8.7830035891e-05 1.2877232736e-03 -3.2689522261e-05
199                -2.0968484171e-02 4.5422375584e-03 1.6418396632e-04 -2.0885332096e-02 3.2533972282e-03 1.9509761614e-04 -8.3152075390e-05 1.2888403301e-03 -3.0913649822e-05
200                -2.1090579078e-02 4.5103633714e-03 1.4133723434e-04 -2.1003055351e-02 3.2232624833e-03 1.7390385427e-04 -8.7523727148e-05 1.2871008881e-03 -3.2566619933e-05
201                -2.0968198095e-02 4.5409631514e-03 1.6229798137e-04 -2.0884118420e-02 3.2526909520e-03 1.9345127159e-04 -8.4079675291e-05 1.2882721994e-03 -3.1153290218e-05
202                -2.1085320716e-02 4.5050481984e-03 1.4125343969e-04 -2.0997653071e-02 3.2170651124e-03 1.7390431036e-04 -8.7667644781e-05 1.2879830860e-03 -3.2650870668e-05
203                -2.0963708564e-02 4.5400969551e-03 1.6579214411e-04 -2.0880134628e-02 3.2513845895e-03 1.9681795895e-04 -8.3573936586e-05 1.2887123656e-03 -3.1025814841e-05
204                -2.1103797741e-02 4.5099582331e-03 1.4276832386e-04 -2.1016133987e-02 3.2230040771e-03 1.7536286516e-04 -8.7663753936e-05 1.2869541560e-03 -3.2594541300e-05
205                -2.0975037304e-02 4.5439036641e-03 1.6497000221e-04 -2.0891047057e-02 3.2554291622e-03 1.9609536988e-04 -8.3990246954e-05 1.2884745019e-03 -3.1125367664e-05
206                -2.1098814111e-02 4.5042271304e-03 1.4581649860e-04 -2.1011278118e-02 3.2165141238e-03 1.7844665024e-04 -8.7535993119e-05 1.2877130065e-03 -3.2630151641e-05
207                -2.0988973190e-02 4.5422999657e-03 1.6970046134e-04 -2.0905385283e-02 3.2537419415e-03 2.0071270029e-04 -8.3587906943e-05 1.2885580243e-03 -3.1012238948e-05
208                -2.1124225925e-02 4.5133007764e-03 1.4560308455e-04 -2.1036518614e-02 3.2260794791e-03 1.7821696067e-04 -8.7707311260e-05 1.2872212973e-03 -3.2613876119e-05
209                -2.0998274726e-02 4.5459135023e-03 1.6856877646e-04 -2.0914199709e-02 3.2575030322e-03 1.9974822965e-04 -8.4075017484e-05 1.2884104701e-03 -3.1179453184e-05
210                -2.1128857694e-02 4.5063134989e-03 1.4754558948e-04 -2.1041176932e-02 3.2187966928e-03 1.8021669911e-04 -8.7680761714e-05 1.2875168061e-03 -3.2671109638e-05
211                -2.1005516579e-02 4.5427014092e-03 1.7021373053e-04 -2.0921987810e-02 3.2538533778e-03 2.0122529364e-04 -8.3528768682e-05 1.2888480314e-03 -3.1011563113e-05
212                -2.1137027510e-02 4.5119090554e-03 1.4694272709e-04 -2.1049704147e-02 3.2248792765e-03 1.7948034048e-04 -8.7323363012e-05 1.2870297789e-03 -3.2537613395e-05
213                -2.1011800710e-02 4.5466397370e-03 1.6791319270e-04 -2.0928024451e-02 3.2585537584e-03 1.9903177445e-04 -8.3776259181e-05 1.2880859786e-03 -3.1118581753e-05
214                -2.1124650546e-02 4.5069786601e-03 1.4606270950e-04 -2.1036867770e-02 3.2192443767e-03 1.7879388939e-04 -8.7782775553e-05 1.2877342834e-03 -3.2731179892e-05
215                -2.1006976886e-02 4.5405037538e-03 1.6896008499e-04 -2.0923243490e-02 3.2514141116e-03 2.0005155131e-04 -8.3733396376e-05 1.2890896422e-03 -3.1091466317e-05
216                -2.1140902379e-02 4.5137790851e-03 1.4458913605e-04 -2.1053497353e-02 3.2265286384e-03 1.7717442974e-04 -8.7405025421e-05 1.2872504467e-03 -3.2585293690e-05
217                -2.1002538554e-02 4.5468972568e-03 1.6537677045e-04 -2.0918667347e-02 3.2584588288e-03 1.9652585502e-04 -8.3871206871e-05 1.2884384280e-03 -3.1149084565e-05
218                -2.1113936797e-02 4.5043262509e-03 1.4500400802e-04 -2.1026286952e-02 3.2162347359e-03 1.7773094373e-04 -8.7649844991e-05 1.2880915149e-03 -3.2726935707e-05
219                -2.1008161441e-02 4.5384004900e-03 1.6637986016e-04 -2.0924745226e-02 3.2494655865e-03 1.9742099753e-04 -8.3416214404e-05 1.2889349035e-03 -3.1041137378e-05
220                -2.1116212832e-02 4.5149061954e-03 1.4330823113e-04 -2.1029078304e-02 3.2269472454e-03 1.7586247054e-04 -8.7134528099e-05 1.2879589501e-03 -3.2554239407e-05
221                -2.0983189706e-02 4.5452244974e-03 1.6475442450e-04 -2.0899055719e-02 3.2567700032e-03 1.9599536872e-04 -8.4133987576e-05 1.2884544942e-03 -3.1240944225e-05
222                -2.1109044072e-02 4.5052490469e-03 1.4312467107e-04 -2.1021172707e-02 3.2173553072e-03 1.7582790804e-04 -8.7871365656e-05 1.2878937397e-03 -3.2703236969e-05
223                -2.0991431152e-02 4.5389280830e-03 1.6424101066e-04 -2.0907936882e-02 3.2501118510e-03 1.9525817490e-04 -8.3494269995e-05 1.2888162319e-03 -3.1017164247e-05
224                -2.1100620903e-02 4.5119000689e-03 1.4444606589e-04 -2.1013225959e-02 3.2244956228e-03 1.7698907713e-04 -8.7394944409e-05 1.2874044461e-03 -3.2543011240e-05
225                -2.0990529834e-02 4.5444816154e-03 1.6397051592e-04 -2.0906760459e-02 3.2565109988e-03 1.9507897246e-04 -8.3769374274e-05 1.2879706167e-03 -3.1108456539e-05
226                -2.1097263222e-02 4.5066611816e-03 1.4236834392e-04 -2.1009467224e-02 3.2187846329e-03 1.7510261524e-04 -8.7795998164e-05 1.2878765488e-03 -3.2734271314e-05
227                -2.0980293701e-02 4.5371698116e-03 1.6480653538e-04 -2.0896842323e-02 3.2485064189e-03 1.9588430686e-04 -8.3451377548e-05 1.2886633927e-03 -3.1077771484e-05
228                -2.1099421744e-02 4.5118833165e-03 1.4387105905e-04 -2.1012175322e-02 3.2244554052e-03 1.7642610840e-04 -8.7246422034e-05 1.2874279113e-03 -3.2555049356e-05
229                -2.0982173899e-02 4.5433720988e-03 1.6249440205e-04 -2.0898602709e-02 3.2552692501e-03 1.9358401703e-04 -8.3571190250e-05 1.2881028487e-03 -3.1089614979e-05
230                -2.1088737230e-02 4.5048780905e-03 1.4417336294e-04 -2.1001213198e-02 3.2171729353e-03 1.7687358083e-04 -8.7524032772e-05 1.2877051551e-03 -3.2700217888e-05
231                -2.0982115536e-02 4.5386077645e-03 1.6771204993e-04 -2.0898721008e-02 3.2499968381e-03 1.9875042841e-04 -8.3394528636e-05 1.2886109264e-03 -3.1038378483e-05
232                -2.1109645509e-02 4.5151692412e-03 1.4407793113e-04 -2.1022413411e-02 3.2276449068e-03 1.7667091628e-04 -8.7232098469e-05 1.2875243345e-03 -3.2592985153e-05
233                -2.0991525620e-02 4.5446044220e-03 1.6528215442e-04 -2.0907723895e-02 3.2566337365e-03 1.9646975701e-04 -8.3801724879e-05 1.2879706855e-03 -3.1187602590e-05
234                -2.1106662162e-02 4.5077792040e-03 1.4676929497e-04 -2.1019031842e-02 3.2202961844e-03 1.7947470697e-04 -8.7630320184e-05 1.2874830196e-03 -3.2705412001e-05
235                -2.0997686244e-02 4.5394895126e-03 1.6777093956e-04 -2.0914517155e-02 3.2510189865e-03 1.9872235734e-04 -8.3169088746e-05 1.2884705261e-03 -3.0951417779e-05
236                -2.1115995096e-02 4.5120941015e-03 1.4588656203e-04 -2.1028784561e-02 3.2250353253e-03 1.7842714319e-04 -8.7210534860e-05 1.2870587762e-03 -3.2540581157e-05
237                -2.1002149510e-02 4.5454551623e-03 1.6602594269e-04 -2.0918409627e-02 3.2576394913e-03 1.9713040610e-04 -8.3739883217e-05 1.2878156710e-03 -3.1104463409e-05
238                -2.1109406623e-02 4.5067931808e-03 1.4476531309e-04 -2.1021635112e-02 3.2190537700e-03 1.7746363460e-04 -8.7771511072e-05 1.2877394107e-03 -3.2698321511e-05
239                -2.1000728892e-02 4.5374796867e-03 1.6626262205e-04 -2.0917210353e-02 3.2492004914e-03 1.9727871917e-04 -8.3518539024e-05 1.2882791953e-03 -3.1016097120e-05
240                -2.1114094879e-02 4.5126878887e-03 1.4537129231e-04 -2.1026484416e-02 3.2256607605e-03 1.7796359215e-04 -8.7610462900e-05 1.2870271282e-03 -3.2592299844e-05
241                -2.0996778929e-02 4.5425300428e-03 1.6408339533e-04 -2.0912869454e-02 3.2542816852e-03 1.9518854313e-04 -8.3909474885e-05 1.2882483576e-03 -3.1105147797e-05
242                -2.1102263951e-02 4.5078483202e-03 1.4532900449e-04 -2.1014789942e-02 3.2197306898e-03 1.7794939179e-04 -8.7474009707e-05 1.2881176304e-03 -3.2620387298e-05
243                -2.1002462884e-02 4.5405850732e-03 1.6603867347e-04 -2.0919021413e-02 3.2518744196e-03 1.9702596873e-04 -8.3441470441e-05 1.2887106535e-03 -3.0987295258e-05
244                -2.1112560603e-02 4.5120302157e-03 1.4403332106e-04 -2.1025173940e-02 3.2246307660e-03 1.7659570822e-04 -8.7386662908e-05 1.2873994496e-03 -3.2562387160e-05
245                -2.0994558559e-02 4.5418935139e-03 1.6468022016e-04 -2.0910494072e-02 3.2536751403e-03 1.9585750079e-04 -8.4064487567e-05 1.2882183736e-03 -3.1177280630e-05
246                -2.1112634452e-02 4.5090766565e-03 1.4588424843e-04 -2.1024976021e-02 3.2211532857e-03 1.7853224783e-04 -8.7658431226e-05 1.2879233708e-03 -3.2647999397e-05
247                -2.1002728392e-02 4.5406112487e-03 1.6544275519e-04 -2.0919380681e-02 3.2518022334e-03 1.9638051023e-04 -8.3347710866e-05 1.2888090153e-03 -3.0937755040e-05
248                -2.1109372313e-02 4.5098117366e-03 1.4468225017e-04 -2.1022007643e-02 3.2224564384e-03 1.7722165546e-04 -8.7364669998e-05 1.2873552982e-03 -3.2539405290e-05
249                -2.0995191542e-02 4.5439074629e-03 1.6506549569e-04 -2.0911491187e-02 3.2555350678e-03 1.9613461706e-04 -8.3700354871e-05 1.2883723951e-03 -3.1069121365e-05
250                -2.1106389026e-02 4.5088675796e-03 1.4417799513e-04 -2.1018867637e-02 3.2211340221e-03 1.7681456128e-04 -8.7521388493e-05 1.2877335576e-03 -3.2636566148e-05
